article_id,category,title,date,content,summary,source_url,source_name,company_tag,keywords,collected_at,has_null,is_duplicate_seed,data_origin
ART-00001,market,피지컬 AI는 미국 제조업을 구원할 수 있을까 [PADO] - 머니투데이,2026-09-19,피지컬 AI는 미국 제조업을 구원할 수 있을까 [PADO] - 머니투데이 mt.co.kr,피지컬 AI는 미국 제조업을 구원할 수 있을까 [PADO] - 머니투데이 mt.co.kr,https://news.google.com/rss/articles/CBMiaEFVX3lxTE8wRWNVR1ZuTjlFbGJCcmpfbkxtTVE0dGtHOW8wZWZxYkkzTUk1VTN3c2ZyRVkyMC1Qa3poQlRkWld3MlByVTU3ckZyQ2JiaDRaQnNkWTJDSWZVS0p0ajd2Q3dBUXhTcHFH0gFuQVVfeXFMTlRtamdTVm9LVmxWVk9TRWVQNV9KMXFVWnctYTV1V3dBVG5pZ1BYaTU4V2ZtV0paeXp5enV5WDJMSFpJeGMtVUluWXpod0JVQ2dVc2R1Q3JwQkRwbW5QaUx2ZVN0anduQkxsNy1mcXc?oc=5,mt.co.kr,,AI,2026-09-19T15:38:10.090473+09:00,False,False,live
ART-00002,market,"미소정보기술, 정부 'M.AX 전문기업' 선정…제조 AI 사업 확대",2026-09-18,"미소정보기술, 정부 'M.AX 전문기업' 선정…제조 AI 사업 확대 지디넷코리아","미소정보기술, 정부 'M.AX 전문기업' 선정…제조 AI 사업 확대 지디넷코리아",https://news.google.com/rss/articles/CBMiVkFVX3lxTFAxQmFwOXllOC1tZzdaMVpoUUhzZE5qWmlaSHRBaFpCb1BFN1hzOGV3RmdnRGxqeG50YWxPU1ZaUDZDbkx5cDZmNTc2eFlwZ3BaWi1yTm9n?oc=5,지디넷코리아,,AI,2026-09-19T15:38:10.090473+09:00,False,False,live
ART-00003,market,車·조선·석유화학에 AI 입힌다…울산 ‘제조 대전환’ 승부수,2026-09-18,車·조선·석유화학에 AI 입힌다…울산 ‘제조 대전환’ 승부수 서울경제,車·조선·석유화학에 AI 입힌다…울산 ‘제조 대전환’ 승부수 서울경제,https://news.google.com/rss/articles/CBMiUkFVX3lxTE8xNzczWkVPQTBPanU2QXdXWWVTS1lUNDVpcGtvcVp4a3FGUWk5OFFSaTA5M3E4ZUJvZkt5MkhkbXR0THVmMVViUHVLWUdTN0NLNWfSAVNBVV95cUxNUHNEU2dNY3ZKaGZpNkE0aElkNEx4a0g4NV9oNkg4ekJCWGlLdHVyWFhxQUM1dndNOXZ3M0ZUbDUtLUZ3d2ZHVHFTWU9rWURpdHFZTQ?oc=5,서울경제,,AI,2026-09-19T15:38:10.090473+09:00,False,False,live
ART-00004,market,피지컬 AI 제조업 연계·협력 방안 논의,2026-09-17,피지컬 AI 제조업 연계·협력 방안 논의 경남매일,피지컬 AI 제조업 연계·협력 방안 논의 경남매일,https://news.google.com/rss/articles/CBMiakFVX3lxTE42QjVPVXVURnFTNk92YTJ0ai11djhWb2VPZ3kzLW1rMVVMWU4zaTBEVkEyMnloOF9yQlluZHZLcUU5OWtJbFlueEZhQ0RGNjNYMEJoOTRPdmM5aFdGR2RQWl9ac3IyNHR2M2c?oc=5,경남매일,,AI,2026-09-19T15:38:10.090473+09:00,False,False,live
ART-00005,market,"경남, 제조업 AI 전환 속도 실물 AI·휴머노이드 생태계 구축",2026-09-17,"경남, 제조업 AI 전환 속도 실물 AI·휴머노이드 생태계 구축 천지일보","경남, 제조업 AI 전환 속도 실물 AI·휴머노이드 생태계 구축 천지일보",https://news.google.com/rss/articles/CBMiakFVX3lxTE9aTkhlZjlKUXVDdTJWUDg3ZEFCVHN3alBtY25vdUJOOS16bmQ1Zjk0b0hCdjdVYjFhTEZ3RDMtQlVRcEtpLVdYd2ZDZ2x6Tm93cGhzemlCTGhEcXQxTDFsbHdTZkxHUVJaYlE?oc=5,천지일보,,AI,2026-09-19T15:38:10.090473+09:00,False,False,live
ART-00006,market,경남 '제조 AI 거점' 열었다…GPU 40장 갖춘 공공형 AI센터 가동,2026-09-17,경남 '제조 AI 거점' 열었다…GPU 40장 갖춘 공공형 AI센터 가동 v.daum.net,경남 '제조 AI 거점' 열었다…GPU 40장 갖춘 공공형 AI센터 가동 v.daum.net,https://news.google.com/rss/articles/CBMiT0FVX3lxTFBybGdBSUVsem01NUVkZ0NLa0kxRjB6U2x3cnJrbE5iZ084OHJ5encweEFxRnpReGFxMUx4N05lcmRjX3J1T04yNjR5TlVrVE0?oc=5,v.daum.net,,AI,2026-09-19T15:38:10.090473+09:00,False,False,live
ART-00007,market,"NC AI, 제조업 위한 피지컬AI 사업 확대",2026-09-17,"NC AI, 제조업 위한 피지컬AI 사업 확대 한국일보","NC AI, 제조업 위한 피지컬AI 사업 확대 한국일보",https://news.google.com/rss/articles/CBMibkFVX3lxTFBTM0FtNUhpbktBU3ZldTUxRE9pcnBESjJFQWYzQnpnMHVFSEJqbWp4bHVnRm5mdmEyVGl3YU0wbTdtcVIxTGNaalRsUUFoZG9JVUNNM2tra1REUjJxaXNRSHRCYVBOQ3pOUTBNWVV30gFzQVVfeXFMTUQ0Uk0yWU45LUtuZHJqM2M3RUVOZGNiODhwd3RuTU5paHRIWGRFR2NOYWZwTEE5Nk9Xekp4UVFvTHVBdFBLTG5DTXBUTjRDOFBOUm00bHFvWkdYaHBIaFBfWE5pRU4tbWtNY0xicHZpUldnWQ?oc=5,한국일보,,AI,2026-09-19T15:38:10.090473+09:00,False,False,live
ART-00008,market,"제조 AX, 고정설비 넘어 피지컬 AI로 비정형 작업까지 확장해야",2026-09-19,"제조 AX, 고정설비 넘어 피지컬 AI로 비정형 작업까지 확장해야 산업일보","제조 AX, 고정설비 넘어 피지컬 AI로 비정형 작업까지 확장해야 산업일보",https://news.google.com/rss/articles/CBMiREFVX3lxTFBuUGYweHNRb1hFdzZJS2NOczhYTUlBX2NWOXJ2ekdvVk1pbEZPOUNUTXQyeFBGaVR2U3BiV0VFWHNJa0Rn?oc=5,산업일보,,AI,2026-09-19T15:38:10.090473+09:00,False,False,live
ART-00009,market,"[창간24/AI發 K자 성장③] 화면 밖으로 나온 AI, 제조업 판도 바꾼다",2026-09-17,"[창간24/AI發 K자 성장③] 화면 밖으로 나온 AI, 제조업 판도 바꾼다 서울파이낸스","[창간24/AI發 K자 성장③] 화면 밖으로 나온 AI, 제조업 판도 바꾼다 서울파이낸스",https://news.google.com/rss/articles/CBMiakFVX3lxTE9qTmxDMk1wWm1oOWxZMzR1WFoxMzFpRWxwMi1YdGFZSFF6ZDNNb0hlbDAyeDNzWlNfRlRhVlBpeVRiYTRmRzhrb2tIZUMwVDFBWkE4R0lQdk0wQ0w1MDQ2ZkR3THNHSkRRWHc?oc=5,서울파이낸스,,AI,2026-09-19T15:38:10.090473+09:00,False,False,live
ART-00010,market,"[아주초대석] 정하중 한국지멘스 사장 韓 제조 AI, 늦지 않았다…관건은 데이터 활용",2026-09-17,"[아주초대석] 정하중 한국지멘스 사장 韓 제조 AI, 늦지 않았다…관건은 데이터 활용 아주경제","[아주초대석] 정하중 한국지멘스 사장 韓 제조 AI, 늦지 않았다…관건은 데이터 활용 아주경제",https://news.google.com/rss/articles/CBMiWkFVX3lxTE40eWVFOW5YSTRUV3BRS1Fzby1wdFlpeTRDX3RUY2JZUnBrRFY5M1BXbkwyVGZNTThqT01qRW5Ldzl3b1ZHQXdDbXFmNkpNUVNNRjlqVDBGRWtkd9IBWEFVX3lxTFBaaDA5MjUta2RkU1lwamVHUTF4ZFl3UnNjNDVxdzRQZ1JiSU1IX1FCMTVWYVNxcjYtWkFLM3JkdXNnczU3R1k1YUhYcTNzZ2Y1SXZoaXNyUkg?oc=5,아주경제,,AI,2026-09-19T15:38:10.090473+09:00,False,False,live
ART-00011,market,피지컬 AI는 미국 제조업을 구원할 수 있을까 [PADO] - 머니투데이,2026-09-19,피지컬 AI는 미국 제조업을 구원할 수 있을까 [PADO] - 머니투데이 mt.co.kr,피지컬 AI는 미국 제조업을 구원할 수 있을까 [PADO] - 머니투데이 mt.co.kr,https://news.google.com/rss/articles/CBMibkFVX3lxTE5UbWpnU1ZvS1ZsVlZPU0VlUDVfSjFxVVp3LWE1dVd3QVRuaWdQWGk1OFdmbVdKWnl6eXp1eVgyTEhaSXhjLVVJbll6aHdCVUNnVXNkdUNycEJEcG1uUGlMdmVTdGp3bkJMbDctZnF30gFuQVVfeXFMTlRtamdTVm9LVmxWVk9TRWVQNV9KMXFVWnctYTV1V3dBVG5pZ1BYaTU4V2ZtV0paeXp5enV5WDJMSFpJeGMtVUluWXpod0JVQ2dVc2R1Q3JwQkRwbW5QaUx2ZVN0anduQkxsNy1mcXc?oc=5,mt.co.kr,,AI,2026-09-19T15:38:10.090473+09:00,False,False,live
ART-00012,market,"제조 AI 혁신부터 중국 MZ 관광객 유치까지…경남도, 중국 공략에 박차",2026-09-19,"제조 AI 혁신부터 중국 MZ 관광객 유치까지…경남도, 중국 공략에 박차 v.daum.net","제조 AI 혁신부터 중국 MZ 관광객 유치까지…경남도, 중국 공략에 박차 v.daum.net",https://news.google.com/rss/articles/CBMiT0FVX3lxTE4wU1VWcXktZFM3THRXWWo0M184X2YzUVZGNGhlUjZuU2FmVlE4UmY2OUt3YkF4Z0w0aW00cWxPWTM4MEs0QjViYXBXZFlER1E?oc=5,v.daum.net,,AI,2026-09-19T15:38:10.090473+09:00,False,False,live
ART-00013,market,"제조 AI 데이터플랫폼 캐디, 1억1400만 달러 유치…유니콘 등극",2026-09-19,"제조 AI 데이터플랫폼 캐디, 1억1400만 달러 유치…유니콘 등극 와우테일","제조 AI 데이터플랫폼 캐디, 1억1400만 달러 유치…유니콘 등극 와우테일",https://news.google.com/rss/articles/CBMiT0FVX3lxTE4yMndLaTBtMEVqV2lEYjdGUWN2dVdHdzF4YkZaWU1EYzlpLU5GeG8zVVllcGctaTNhXzZJaXRJdHhkcHpfRnBuUndVZ2lHcEE?oc=5,와우테일,,AI,2026-09-19T15:38:10.090473+09:00,False,False,live
ART-00014,market,"[기업/일자리]대구 AI기업 빅웨이브AI, 자동차부품 버티컬 AI로 제조업 AX 시장 공략",2026-09-18,"[기업/일자리]대구 AI기업 빅웨이브AI, 자동차부품 버티컬 AI로 제조업 AX 시장 공략 대구일보","[기업/일자리]대구 AI기업 빅웨이브AI, 자동차부품 버티컬 AI로 제조업 AX 시장 공략 대구일보",https://news.google.com/rss/articles/CBMiaEFVX3lxTE9NT2h5ZS1yckVVX2prYTdSQTc5WVZkX0FkWlJJNXQ1cWhLcW53VW1JTGFyaVpvTExROXZOcWN0YnZvSkhWWkJiXzV2M1B6all5MmdLcmVlSHFCM2Vlc2pCWGdIOUFrZFo3?oc=5,대구일보,,AI,2026-09-19T15:38:10.090473+09:00,False,False,live
ART-00015,market,"NC AI, 제조업 위한 피지컬AI 사업 확대",2026-09-17,"NC AI, 제조업 위한 피지컬AI 사업 확대 한국일보","NC AI, 제조업 위한 피지컬AI 사업 확대 한국일보",https://news.google.com/rss/articles/CBMic0FVX3lxTE1ENFJNMllOOS1LbmRyajNjN0VFTmRjYjg4cHd0bk1OaWh0SFhkRUdjTmFmcExBOTZPV3pKeFFRb0x1QXRQS0xuQ01wVE40QzhQTlJtNGxxb1pHWGhwSGhQX1hOaUVOLW1rTWNMYnB2aVJXZ1nSAXNBVV95cUxNRDRSTTJZTjktS25kcmozYzdFRU5kY2I4OHB3dG5NTmlodEhYZEVHY05hZnBMQTk2T1d6SnhRUW9MdUF0UEtMbkNNcFRONEM4UE5SbTRscW9aR1hocEhoUF9YTmlFTi1ta01jTGJwdmlSV2dZ?oc=5,한국일보,,AI,2026-09-19T15:38:10.090473+09:00,False,False,live
ART-00016,market,"中, AI로 제조업 전면 개조…시진핑 ""산업망 자주통제 높여라""",2026-09-17,"中, AI로 제조업 전면 개조…시진핑 ""산업망 자주통제 높여라"" 연합뉴스TV","中, AI로 제조업 전면 개조…시진핑 ""산업망 자주통제 높여라"" 연합뉴스TV",https://news.google.com/rss/articles/CBMiZ0FVX3lxTE9IYVRlRElNWEl2dnZkMVljY05GeG5pZEtCczNKMHFYS2EzN294OGdvUFBGVGM4b1dqREJ3NTFhdGxTYXRoWlIxZ3pwOTdiSUJlOW1CeThpUGEySEJSeFhHSkJPUERiU1E?oc=5,연합뉴스TV,,AI,2026-09-19T15:38:10.090473+09:00,False,False,live
ART-00017,market,피지컬 AI는 미국 제조업을 구원할 수 있을까,2026-09-18,피지컬 AI는 미국 제조업을 구원할 수 있을까 pado.kr,피지컬 AI는 미국 제조업을 구원할 수 있을까 pado.kr,https://news.google.com/rss/articles/CBMiW0FVX3lxTFBQakM4Yy1QSURqc2RrdGt5S0dsWl9aWG93WndVMmZaek8ta1AxQmZhV2pxU255ZDBEV2oyX0ozSmZJVnRrdF9zcW0wV1kzSllnOHZyT1lzeG9JcGc?oc=5,pado.kr,,AI,2026-09-19T15:38:10.090473+09:00,False,False,live
ART-00018,market,피지컬 AI가 이끄는 제조업 미래…포항서 로봇 활용 방향 찾는다,2026-09-16,피지컬 AI가 이끄는 제조업 미래…포항서 로봇 활용 방향 찾는다 연합뉴스,피지컬 AI가 이끄는 제조업 미래…포항서 로봇 활용 방향 찾는다 연합뉴스,https://news.google.com/rss/articles/CBMiW0FVX3lxTE1uNkdXT0pnX2hRQUE2YUlNRmplcE5lejlXeUZLclJDWFJWSGg4Vkc4eFQzV2tDTHZRdGIyNnc4QVplNUpJWHVCcm8wVXFWS28xVFlxTEt0bTc0VnfSAWBBVV95cUxPU0R6NV9OTk5XUG5TSjFhRmNKRUdOblRWUnEwcnVkcmd5TUhHSmUzbll5OXRhUVR0cXNPWjY0OS1Oc3RZRG1sd1Q0NUJveWU3UWxyaG14cjBKVW1ad01kSXk?oc=5,연합뉴스,,AI,2026-09-19T15:38:10.090473+09:00,False,False,live
ART-00019,market,"[기고]제조업 다음 경쟁력, 엣지 AI와 소프트웨어",2026-09-17,"[기고]제조업 다음 경쟁력, 엣지 AI와 소프트웨어 전자신문","[기고]제조업 다음 경쟁력, 엣지 AI와 소프트웨어 전자신문",https://news.google.com/rss/articles/CBMiTkFVX3lxTE9nX0Y2NGNaYl9YdmFObUdMTll4R090OHJvNS1xWWJ4UG45QWViNHN0RG85NmxzdTBLY0pWRVFGaUNaME5LUFlmZG5OcGk4Zw?oc=5,전자신문,,AI,2026-09-19T15:38:10.090473+09:00,False,False,live
ART-00020,market,"“제조 AI, 기술만으론 못 지킨다”... 지식재산처, 산업용 AI 기업 글로벌 IP 공략 지원",2026-09-18,"“제조 AI, 기술만으론 못 지킨다”... 지식재산처, 산업용 AI 기업 글로벌 IP 공략 지원 특허뉴스","“제조 AI, 기술만으론 못 지킨다”... 지식재산처, 산업용 AI 기업 글로벌 IP 공략 지원 특허뉴스",https://news.google.com/rss/articles/CBMiSEFVX3lxTE14TjNPZDZLQ1VNa3NzQk5kWFdhTGF4ZWZnNzRtel9GUU42dUxYUFE3a3dKeGl6djNWVjRhSXlZb2tGZ1JUZFVXVA?oc=5,특허뉴스,,AI,2026-09-19T15:38:10.090473+09:00,False,False,live
ART-00021,market,"피지컬AI로 제조혁신 속도···과기정통부, 전북·경남 1.4조원 투입",2026-09-16,"피지컬AI로 제조혁신 속도···과기정통부, 전북·경남 1.4조원 투입 헬로디디","피지컬AI로 제조혁신 속도···과기정통부, 전북·경남 1.4조원 투입 헬로디디",https://news.google.com/rss/articles/CBMiakFVX3lxTE56UUhUbktkTHhCMnBYNmhXUmlqSU1QVERPYnRQX20yUVhzS3paSnhJTGJGYUZwTjNKWmFRWWVYVG8xRkpGYS1oTmROZUVpS2F5QXMzcWJDWjNmdnNpWHN1VW11YVdfdVNBaFE?oc=5,헬로디디,,AI,2026-09-19T15:38:10.090473+09:00,False,False,live
ART-00022,market,"[AI 브리프] AI로 제조업 다시 일으킨다…정부, ‘제조AI 2030 전략’ 공개",2026-09-17,"[AI 브리프] AI로 제조업 다시 일으킨다…정부, ‘제조AI 2030 전략’ 공개 아이티데일리","[AI 브리프] AI로 제조업 다시 일으킨다…정부, ‘제조AI 2030 전략’ 공개 아이티데일리",https://news.google.com/rss/articles/CBMiaEFVX3lxTFBkVWJBTkRvbkhoWEZDX3RsTV9ERXd3VFdiRmtBVXJQajVQUnA4QVNkN09zNWtackRuREZYVWtWZEdBUlcwQjFOci1tcHh3ZHpSUHRscXpucnpnQUhOY0VmNWFzNlBPU3ox?oc=5,아이티데일리,,AI,2026-09-19T15:38:10.090473+09:00,False,False,live
ART-00023,market,"부산 스마트공장, 시스템 구축 넘어 제조AI로 전환…",2026-09-19,"부산 스마트공장, 시스템 구축 넘어 제조AI로 전환… 중도일보","부산 스마트공장, 시스템 구축 넘어 제조AI로 전환… 중도일보",https://news.google.com/rss/articles/CBMiZEFVX3lxTFBUQzAwSnl5MjJURVVwcFl2ZzJIUDZ4WjhfV3ppV2hPZTZ6UVJia0xwNjdxdlVwT2YxN1g4ampObFNwVkZTR01heTRxTWVxOUkzM0I2UWZycFFoYnJaUzVqVFdtX0w?oc=5,중도일보,,AI,2026-09-19T15:38:10.090473+09:00,False,False,live
ART-00024,market,"독일 제조 공급망 지각변동, K-소부장·AI·물류기업에도 기회",2026-09-17,"독일 제조 공급망 지각변동, K-소부장·AI·물류기업에도 기회 물류신문","독일 제조 공급망 지각변동, K-소부장·AI·물류기업에도 기회 물류신문",https://news.google.com/rss/articles/CBMia0FVX3lxTE5ndFB1STkyY3dONkJQbVRJOFlqZGZCTi01c280cVZDZ3JDdDBRX2NkeldCbHVGMWdfQTV5TXpEeU13T0g3ZWVEVzRGaVR4TjhHd1lUV1VqcS02R0lIWjE2bG0tSWFsU0tsVEpF?oc=5,물류신문,,AI,2026-09-19T15:38:10.090473+09:00,False,False,live
ART-00025,market,"박완수 도지사, 중국 상하이 ‘장강 AI 로봇밸리’ 방문...‘제조 AI 실증·확산 거점’ 조성 박차",2026-09-17,"박완수 도지사, 중국 상하이 ‘장강 AI 로봇밸리’ 방문...‘제조 AI 실증·확산 거점’ 조성 박차 인공지능신문","박완수 도지사, 중국 상하이 ‘장강 AI 로봇밸리’ 방문...‘제조 AI 실증·확산 거점’ 조성 박차 인공지능신문",https://news.google.com/rss/articles/CBMiZ0FVX3lxTE11VDRGdW1PZDdqSnhoQm83OWVIeFo0VmlqNkhnNHdRNERaQlFjS0p6SG01TkpBOE5OQ21qVXJuUkZBeE8teHBYUm4ydTR3SnQ4UUkwaVFfMjJ2bjlzNTBLaGt4bnBBZnc?oc=5,인공지능신문,,AI,2026-09-19T15:38:10.090473+09:00,False,False,live
ART-00026,market,"박완수 지사, 상하이 로봇밸리 방문…경남 제조 AI 접목 모색",2026-09-17,"박완수 지사, 상하이 로봇밸리 방문…경남 제조 AI 접목 모색 경남도민일보","박완수 지사, 상하이 로봇밸리 방문…경남 제조 AI 접목 모색 경남도민일보",https://news.google.com/rss/articles/CBMiakFVX3lxTE83b1kzNjBLa25WNWVMaWx2MW5aVklTMllFY3doNDQxUm5ibzNkLV9xQUQ0QXV1WGRkdUNoTk96MWUzOVNycnF1akhLUHBmZnhPOGx4QlV1ZkZ3S2NjOWJ4TU5GeXBfYTl3X0E?oc=5,경남도민일보,,AI,2026-09-19T15:38:10.090473+09:00,False,False,live
ART-00027,market,"경남대, 2005억 규모 ‘피지컬 AI’ 국가전략사업 총괄 주관대학 선정",2026-09-19,"경남대, 2005억 규모 ‘피지컬 AI’ 국가전략사업 총괄 주관대학 선정 v.daum.net","경남대, 2005억 규모 ‘피지컬 AI’ 국가전략사업 총괄 주관대학 선정 v.daum.net",https://news.google.com/rss/articles/CBMiT0FVX3lxTFBsVFNuTDVTOTI5dGFqeENUQlBBTzdpNjZtMkFUWG1Tb3RfbjYtNTc1dFJ0cWp0TDlyeHlGNkpmYUxpTzlTRjZzeVR6enhUOXc?oc=5,v.daum.net,,AI,2026-09-19T15:38:10.090473+09:00,False,False,live
ART-00028,market,"경남 제조 AI 센터 개소, 지역 제조기업의 AI 전환 본격화...올해까지 도내 기업에 인프라 전면 무료 개방",2026-09-17,"경남 제조 AI 센터 개소, 지역 제조기업의 AI 전환 본격화...올해까지 도내 기업에 인프라 전면 무료 개방 인공지능신문","경남 제조 AI 센터 개소, 지역 제조기업의 AI 전환 본격화...올해까지 도내 기업에 인프라 전면 무료 개방 인공지능신문",https://news.google.com/rss/articles/CBMiZ0FVX3lxTE5tVkRDSEtxNlBBWmR4NmpqVVplMTl4aFZCR0RzSGxVRjZaSnp4VHAzY05Vckt4ODBvcjFUaXJPa2xoRzZzbzVKa29seHJ1dUpIczdmZXc1dkVycVlPYjJLRVYtNHVsNms?oc=5,인공지능신문,,AI,2026-09-19T15:38:10.090473+09:00,False,False,live
ART-00029,market,"광주, AX 거점 지정…전남 제조업 묶어 ‘AI 메가벨트’로",2026-09-18,"광주, AX 거점 지정…전남 제조업 묶어 ‘AI 메가벨트’로 v.daum.net","광주, AX 거점 지정…전남 제조업 묶어 ‘AI 메가벨트’로 v.daum.net",https://news.google.com/rss/articles/CBMiT0FVX3lxTFBtM0t1V2trWHJqakJwOEtWUWN6OFhsdUdxNTVhT2FJcl9pdDMxeUMzVXdsQWxQVW01ckNzeWxmZ3NEMnRRMW9rMGRZUFU4QWc?oc=5,v.daum.net,,AI,2026-09-19T15:38:10.090473+09:00,False,False,live
ART-00030,market,"AI가 바꾼 제조업 … ""배터리 양극재 검사 12시간서 실시간으로""",2026-09-17,"AI가 바꾼 제조업 … ""배터리 양극재 검사 12시간서 실시간으로"" 매일경제","AI가 바꾼 제조업 … ""배터리 양극재 검사 12시간서 실시간으로"" 매일경제",https://news.google.com/rss/articles/CBMiVEFVX3lxTE5aX0Jtd1hTU2MyWHpFUWY1WkRzWTZUcTloaHE5blJyeTF1dVBJUDVCM0ZPN3h2OTRPTFViemdoQ28tYzVmUDgzTDhFRzIzVVVwZEU5cQ?oc=5,매일경제,,AI,2026-09-19T15:38:10.090473+09:00,False,False,live
ART-00031,market,피지컬 AI가 이끄는 제조업 미래…포항서 로봇 활용 방향 찾는다,2026-09-16,피지컬 AI가 이끄는 제조업 미래…포항서 로봇 활용 방향 찾는다 v.daum.net,피지컬 AI가 이끄는 제조업 미래…포항서 로봇 활용 방향 찾는다 v.daum.net,https://news.google.com/rss/articles/CBMiS0FVX3lxTE9hOXZ1M3VzUkxpTi0ya3FxYldCYlFfM2FoOGpzb2NrTWxlajRhRm5mV1FTMmtPU3hTcGxqNFY1bDBqZEVOdl9USmxuRQ?oc=5,v.daum.net,,AI,2026-09-19T15:38:10.090473+09:00,False,False,live
ART-00032,market,"[특징주] 로봇주, 정부 제조업 AI전환 확산 착수.. 일제히 '불기둥'",2026-09-15,"[특징주] 로봇주, 정부 제조업 AI전환 확산 착수.. 일제히 '불기둥' 글로벌이코노믹","[특징주] 로봇주, 정부 제조업 AI전환 확산 착수.. 일제히 '불기둥' 글로벌이코노믹",https://news.google.com/rss/articles/CBMiiAFBVV95cUxPU2F5VUEtMVpjMXYzeUFnSHc3ejQzM2lJS0V4RVh2RlhxREZpYUhqR2l3UzFqbUNPczRxSjNMNzZHOGF5WUs3by12bnE4NWdQMVA1QW1nN09ucDJtTXY5T0I3dlVacWdxMXBtUjhnODFDOWRZX1VjbjNDdzNtOG1SOVdaN1oxQl9Z?oc=5,글로벌이코노믹,,AI,2026-09-19T15:38:10.090473+09:00,False,False,live
ART-00033,market,피지컬 AI·제조AX로 산업혁신 미래 연다,2026-09-17,피지컬 AI·제조AX로 산업혁신 미래 연다 영남경제,피지컬 AI·제조AX로 산업혁신 미래 연다 영남경제,https://news.google.com/rss/articles/CBMiZ0FVX3lxTE9ueFZDNldyMjRTbWxrY0xjeTY5OVloYjJ5RmhZSlpka0ltN3cxNEhONC1kSk42ZGF4VzU5N2dtLXZmQ2VDa2wybWhhZC1VeUNPNGxOWUJTY0RIN0dqbEx5TjdGZjdUVm8?oc=5,영남경제,,AI,2026-09-19T15:38:10.090473+09:00,False,False,live
ART-00034,market,"전남광주특별시, 제조업 AI 전환 이끈다…‘이노플러스 스테이지’ 개관",2026-09-16,"전남광주특별시, 제조업 AI 전환 이끈다…‘이노플러스 스테이지’ 개관 매일일보","전남광주특별시, 제조업 AI 전환 이끈다…‘이노플러스 스테이지’ 개관 매일일보",https://news.google.com/rss/articles/CBMiaEFVX3lxTFBuVDlCTWhlcUtrWS1qN2VrZUdzbjFiT3lfZDJyMllnQ09melVCdVNDaU54ZjdPN1NuaUpVM09JckJlZ2hsd3BLczNYNFhHRUxValA4OTlVMU1CdlBpb3RQaGs2NzZVbC030gFoQVVfeXFMUG5UOUJNaGVxS2tZLWo3ZWtlR3NuMWJPeV9kMnIyWWdDT2Z6VUJ1U0NpTnhmN083U25pSlUzT0lyQmVnaGx3cEtzM1g0WEdFTFVqUDg5OVUxTUJ2UGlvdFBoazY3NlVsLTc?oc=5,매일일보,,AI,2026-09-19T15:38:10.090473+09:00,False,False,live
ART-00035,market,"미소정보기술, 정부 추진 'M.AX 제조 AI 전문기업' 선정",2026-09-18,"미소정보기술, 정부 추진 'M.AX 제조 AI 전문기업' 선정 v.daum.net","미소정보기술, 정부 추진 'M.AX 제조 AI 전문기업' 선정 v.daum.net",https://news.google.com/rss/articles/CBMiT0FVX3lxTE9KSFBKZC1pRUhCVW5hWXhCNl9GMjJOeFBkcEdYblZqbUJwdHJJZnBlc1QzNzdUZXVibWtNS2h4TFlLSEl0LWY0MFZtbkh4YWc?oc=5,v.daum.net,,AI,2026-09-19T15:38:10.090473+09:00,False,False,live
ART-00036,market,"中, 첨단제조업대회 첫 개최…시진핑 ""산업망 자립 수준 제고""",2026-09-17,"中, 첨단제조업대회 첫 개최…시진핑 ""산업망 자립 수준 제고"" 연합뉴스","中, 첨단제조업대회 첫 개최…시진핑 ""산업망 자립 수준 제고"" 연합뉴스",https://news.google.com/rss/articles/CBMiW0FVX3lxTFBFamJHM2dPZE4zSjNlWk1uemhMNHlNNlFYaFBXNWtvdEhhTFhMRWlSa1FVaFVHNDdrQ0FmVWM4MzUtYmpfbFFlY3FYRlQ2N1hOYU5hMWtjNjQtOHfSAWBBVV95cUxQWHJPakJYOUd1S3hMMVdPX2hRemlVcUhBMm9oUFlVWjNEUTQ2Yjh2QVZHejZiYVFJUlA2Z0NXLU9ZajdlcU1ELVBNbWt6RDNUcnhFUTdBUzVvOG5Ca1duTHo?oc=5,연합뉴스,,AI,2026-09-19T15:38:10.090473+09:00,False,False,live
ART-00037,market,"[인더스트리 솔루션 인사이트] AI 자율제조, 기술 넘어 ‘운영’을 혁신하다",2026-09-16,"[인더스트리 솔루션 인사이트] AI 자율제조, 기술 넘어 ‘운영’을 혁신하다 헬로티","[인더스트리 솔루션 인사이트] AI 자율제조, 기술 넘어 ‘운영’을 혁신하다 헬로티",https://news.google.com/rss/articles/CBMiX0FVX3lxTE5ubm1NVmJfZDRMRFFQNm1nVUdEUUpOczlvcFFWUHZ3M1BpUFJRV0VDa2taVDJiV1VNc2FPdzVEbDR3V29wUkRQUnE0VjgtQWRwVzlzLVQ5MllpUENwdy1Z?oc=5,헬로티,,AI,2026-09-19T15:38:10.090473+09:00,False,False,live
ART-00038,market,촘촘한 제조 현장 데이터로…'피지컬 AI' 글로벌 최강 전략 짠다,2026-09-17,촘촘한 제조 현장 데이터로…'피지컬 AI' 글로벌 최강 전략 짠다 한국경제,촘촘한 제조 현장 데이터로…'피지컬 AI' 글로벌 최강 전략 짠다 한국경제,https://news.google.com/rss/articles/CBMiWkFVX3lxTFBrM0d4WGlZQWNvZ29mOVJDUVdJcmYyWHg5bDVWeGZXUFJPVWYwblVna29PMzVqZ3RsdVEyTGpKaWIzcHBsMERVY0NWY0tfM0dpemo2WXItVDZCdw?oc=5,한국경제,,AI,2026-09-19T15:38:10.090473+09:00,False,False,live
ART-00039,market,경남도 상하이 장강AI로봇밸리 찾아 제조AI 접목 방안 모색 - 머니투데이,2026-09-17,경남도 상하이 장강AI로봇밸리 찾아 제조AI 접목 방안 모색 - 머니투데이 mt.co.kr,경남도 상하이 장강AI로봇밸리 찾아 제조AI 접목 방안 모색 - 머니투데이 mt.co.kr,https://news.google.com/rss/articles/CBMiakFVX3lxTE5paFRMYk9UeWpmTUludm1vMFlBTnFaaEtaMGJUdF8xWFBjQURCNVJScjIxX3I4b0Z2WW9LdDFoVGFybGxXUUZjSjJHZG95di1iekhaa3JNeS14N25Yc2VveHRTbm9GYVZPS2fSAW9BVV95cUxNUE5kc0x3NUVfdG1UdEdfdWdFWWI5TzhxamNZS21SdWFwYS02aUg1eHpFTmhXNWhQLW5yNDlVQk8weTdvU1Qwa0VBaG5DTXlCZVVvbFFrS2RwR01CS0Q0R0MzaXNZMWZNUllMb1BqNUU?oc=5,mt.co.kr,,AI,2026-09-19T15:38:10.090473+09:00,False,False,live
ART-00040,market,포항서 ‘스마트 제조 미래’ 논의…피지컬 AI·로보틱스 한자리에,2026-09-17,포항서 ‘스마트 제조 미래’ 논의…피지컬 AI·로보틱스 한자리에 경상매일신문,포항서 ‘스마트 제조 미래’ 논의…피지컬 AI·로보틱스 한자리에 경상매일신문,https://news.google.com/rss/articles/CBMiX0FVX3lxTFBnMjNUSUNVOXV4bjBET19nSW9TeEdiNlFMbnVkTzJVdHFZZ19rUHBIM1pFMGVYb0Y2Nk9yOGVScm4zSDV6VjU4MEZhMXp4VXdmU1dPdGxoNGtwZk0weUc4?oc=5,경상매일신문,,AI,2026-09-19T15:38:10.090473+09:00,False,False,live
ART-00041,market,"한국전기연구원, 작업 지시 알아듣는 'AI 로봇' 개발…창원 제조업에 일손 보탠다",2026-09-17,"한국전기연구원, 작업 지시 알아듣는 'AI 로봇' 개발…창원 제조업에 일손 보탠다 한국경제","한국전기연구원, 작업 지시 알아듣는 'AI 로봇' 개발…창원 제조업에 일손 보탠다 한국경제",https://news.google.com/rss/articles/CBMiWkFVX3lxTE45UWpHajdETjd0VTkzZ3FCWktzeV9TbjRWSlZKcWprOUF3X0F2RGRaVTNCSFY1eVd6U3I3UVd5OEE5dXhIRmYzaTRvQnBpaTB6Z3lYWV9pckEyUQ?oc=5,한국경제,,AI,2026-09-19T15:38:10.090473+09:00,False,False,live
ART-00042,market,日 설비투자 3.7% 줄었지만… AI 반도체 독주에 가려진 제조업 양극화,2026-09-17,日 설비투자 3.7% 줄었지만… AI 반도체 독주에 가려진 제조업 양극화 글로벌이코노믹,日 설비투자 3.7% 줄었지만… AI 반도체 독주에 가려진 제조업 양극화 글로벌이코노믹,https://news.google.com/rss/articles/CBMihwFBVV95cUxQY01pbnFTRXdCR0x6aHR6NjJYdGFjbEtzcHNKOWZwbjAyaXpZOVNtUjdob2F2LWxnY0NZS2xMQUJaWmwyQzBlTzdkZmpqdFNTQjBOZnNPUFk1ZmFoandaNk9nTkdkZ3IzRWF2dVpUaW81SU1fNVhTS1I5bVdiYnp0SGVhV1JITmM?oc=5,글로벌이코노믹,,AI,2026-09-19T15:38:10.090473+09:00,False,False,live
ART-00043,market,"경남도, 중국 상하이 장강 AI 로봇밸리 찾아 로봇 생산·운영체계 시찰",2026-09-17,"경남도, 중국 상하이 장강 AI 로봇밸리 찾아 로봇 생산·운영체계 시찰 경남일보","경남도, 중국 상하이 장강 AI 로봇밸리 찾아 로봇 생산·운영체계 시찰 경남일보",https://news.google.com/rss/articles/CBMia0FVX3lxTE1mSkxSOU1vd245ZGNLYm8yQkRIMGVLSS1hYlBZdHBFcnkxaUtBYUhvWkxJZGZPdUhYSEQyOTByNXJwWUQ0RTVtcXpfa2JQcDZCdlFqYS1vM3FpMEVNdTQ2TGVrMXpCZE1rUGlJ?oc=5,경남일보,,AI,2026-09-19T15:38:10.090473+09:00,False,False,live
ART-00044,market,[칼럼] 파편화된 OT 데이터에 갇힌 제조AI… AX의 출발점은 AI 활용 가능 데이터,2026-09-17,[칼럼] 파편화된 OT 데이터에 갇힌 제조AI… AX의 출발점은 AI 활용 가능 데이터 FA저널,[칼럼] 파편화된 OT 데이터에 갇힌 제조AI… AX의 출발점은 AI 활용 가능 데이터 FA저널,https://news.google.com/rss/articles/CBMia0FVX3lxTE9xdkpNOXA0OVRHVmt6US1pazBNWHZoX3MtYmFaaVhwVHlUV1BNWm5QckFPSFZONTU0bmZKUWxvVHkzTEZnak1FZi0zVzNOZm53blFnbE9CR2kydkdfc1AyRzdnRXU0V0syMncw?oc=5,FA저널,,AI,2026-09-19T15:38:10.090473+09:00,False,False,live
ART-00045,market,"박완수 도지사, “경남 제조업 AI 전환, 글로벌 협력으로 속도감 있게 추진”",2026-09-17,"박완수 도지사, “경남 제조업 AI 전환, 글로벌 협력으로 속도감 있게 추진” 이뉴스투데이","박완수 도지사, “경남 제조업 AI 전환, 글로벌 협력으로 속도감 있게 추진” 이뉴스투데이",https://news.google.com/rss/articles/CBMicEFVX3lxTE5WdUttYjBVSDJLSHFnbEFqSkNZUG0wTXBiVjJDOU5TSjJMZkd3cC05YWFhanVyN2xCaFJnN1dnYXVwMHgtZFV4ZFJ4SEdzNjRwNG92NF9GeUU3eU04RXFkNGRjVU8wbWNVZWlyMDhHalXSAXRBVV95cUxPdUEwb1FwNkQ5YkdadnRVZUNfaUVsTEVsWHZ6S1lld19EMFhyWWM0RDltR09PRENwZWN5aUFlWFRlWkFzSFY3cjVZQkVickx4bHVza0x6R1oxOHBMcXM3elpsTHpKTWJLb0hqVVJiWllHcEo3OA?oc=5,이뉴스투데이,,AI,2026-09-19T15:38:10.090473+09:00,False,False,live
ART-00046,market,국가 주도 ‘제조 혁신’ 피지컬 AI 기술개발 착수…경남서 연구·실증,2026-09-16,국가 주도 ‘제조 혁신’ 피지컬 AI 기술개발 착수…경남서 연구·실증 국제신문,국가 주도 ‘제조 혁신’ 피지컬 AI 기술개발 착수…경남서 연구·실증 국제신문,https://news.google.com/rss/articles/CBMijgFBVV95cUxPeFpXcUV5Y2c0cmpGSGdzUVJHamxsakNrYVRlT0ZjeGR4QTd6MndTYVBwWWx6X0l6ZmFlM1lMVEM1aVUxOFRaZEFaMnZ3M1licXN0dzU4dkhBaDA0SmdMN1hKRFVQdFRRSEs3SFJMYnR6aFpPOU9BTlVENUNJZU4tV3hkU3MzdVR1eFJDSEhR?oc=5,국제신문,,AI,2026-09-19T15:38:10.090473+09:00,False,False,live
ART-00047,market,"부산 제조업 스마트공장서 ‘제조AI’로…부산TP, 지원체계 고도화",2026-09-17,"부산 제조업 스마트공장서 ‘제조AI’로…부산TP, 지원체계 고도화 브릿지경제","부산 제조업 스마트공장서 ‘제조AI’로…부산TP, 지원체계 고도화 브릿지경제",https://news.google.com/rss/articles/CBMiWkFVX3lxTE14d0JoRmRDYmVhTlBKbkI5bVNYaUp6SElMWE5wTVViZGdfWWtXS1RqMG5ZVzhwT29LYTNZQUZoSEQxaktUc2VFMW12eDRIdTJnVmFiR1JHUjNTUQ?oc=5,브릿지경제,,AI,2026-09-19T15:38:10.090473+09:00,False,False,live
ART-00048,market,AI 도입만으론 공장 안 바뀐다…제조 현장 AX 실현 전략 웨비나 통해 집중 조명,2026-09-16,AI 도입만으론 공장 안 바뀐다…제조 현장 AX 실현 전략 웨비나 통해 집중 조명 헬로티,AI 도입만으론 공장 안 바뀐다…제조 현장 AX 실현 전략 웨비나 통해 집중 조명 헬로티,https://news.google.com/rss/articles/CBMiX0FVX3lxTE5PZUxoWHIyZFprSFV1Q29FYm5GQW52MzR3UGRDdThwV2Y4ZUZidjN2aTZwWFpiNk9OMi1FeVpMYWs1a1V6cDJDLWtmbG1YUHdZVDI0ZDRTMF9DNXFVSDNR?oc=5,헬로티,,AI,2026-09-19T15:38:10.090473+09:00,False,False,live
ART-00049,market,"경남대, 2,005억 피지컬AI 국가전략사업 총괄한다",2026-09-17,"경남대, 2,005억 피지컬AI 국가전략사업 총괄한다 교수신문","경남대, 2,005억 피지컬AI 국가전략사업 총괄한다 교수신문",https://news.google.com/rss/articles/CBMiZ0FVX3lxTE5DY19XZUZOYjMxd1BRTHhITUUxQ1pWd2V1dl91bU1IWGNvYTB5dUxMd21teTFxcGtFQXo1bGRIc3ZiSENLbG4tYnJKM04zeHh6LVNzb1VCalE0NktKdU0yaEFsLXdTYU0?oc=5,교수신문,,AI,2026-09-19T15:38:10.090473+09:00,False,False,live
ART-00050,market,창원서 경남 제조업 피지컬 인공지능 접목 산·학·연 논의 본격화,2026-09-17,창원서 경남 제조업 피지컬 인공지능 접목 산·학·연 논의 본격화 v.daum.net,창원서 경남 제조업 피지컬 인공지능 접목 산·학·연 논의 본격화 v.daum.net,https://news.google.com/rss/articles/CBMiT0FVX3lxTE8xVFVrT1cwOGEyM1Z0MkhCZHd1eGdENlljaE0wUklmVzNwRkRMajZiam5aaE5IUHFRaVI3bEg0VTZkcno3MUZVLTNOWndHNGM?oc=5,v.daum.net,,AI,2026-09-19T15:38:10.090473+09:00,False,False,live
ART-00051,market,경남 첫 공공형 AI 데이터센터 문 열었다,2026-09-17,경남 첫 공공형 AI 데이터센터 문 열었다 한국경제,경남 첫 공공형 AI 데이터센터 문 열었다 한국경제,https://news.google.com/rss/articles/CBMiWkFVX3lxTE5fYzE5UkhDazlyc2NDQm11QkVaMnBIcFFzZXlEc0twVEpXQmc1SzhoN1B3WTN2VTAtRWhqVHZQbGNKZkxub21sdG0xNnljLVlRMDA2SndhOW9JZw?oc=5,한국경제,,AI,2026-09-19T15:38:10.090473+09:00,False,False,live
ART-00052,market,"한국산업기술시험원, 제조 AI가 일 잘할 수 있게 성능 시험 반복…기업 생산성 높인다",2026-09-17,"한국산업기술시험원, 제조 AI가 일 잘할 수 있게 성능 시험 반복…기업 생산성 높인다 한국경제","한국산업기술시험원, 제조 AI가 일 잘할 수 있게 성능 시험 반복…기업 생산성 높인다 한국경제",https://news.google.com/rss/articles/CBMiWkFVX3lxTE0xdk1QdXRSTUdKa1pEdk84ejRNTU1YajhaQnJ2eFZOeXN4SzZsbUN3ZWQySVUwOHVTVGNOUjRRb3RtakFoNHlxUFFxQU93aEVhRGp5R2hDQ21Ldw?oc=5,한국경제,,AI,2026-09-19T15:38:10.090473+09:00,False,False,live
ART-00053,market,"경남도, 제조 AI 실증 거점 조성 추진…중국 휴머노이드 로봇 현장 방문",2026-09-18,"경남도, 제조 AI 실증 거점 조성 추진…중국 휴머노이드 로봇 현장 방문 내외경제TV","경남도, 제조 AI 실증 거점 조성 추진…중국 휴머노이드 로봇 현장 방문 내외경제TV",https://news.google.com/rss/articles/CBMia0FVX3lxTE9MOU1TNl9DMURJTlVRVkZGTTFTSVpialVMeS1rMGZxZHFEUlFKRDJKd2ZyNjQ4NHMxZGxkR3dtOVZsZnhxQ19HR2hSbVNOSlpUdGNxVTZ1OWZmcU1tNlFrTE5FS1RMOGxFR19V?oc=5,내외경제TV,,AI,2026-09-19T15:38:10.090473+09:00,False,False,live
ART-00054,market,"경남도, 중국서 AI·로봇 기반 제조 혁신 협력방안 모색",2026-09-17,"경남도, 중국서 AI·로봇 기반 제조 혁신 협력방안 모색 전자신문","경남도, 중국서 AI·로봇 기반 제조 혁신 협력방안 모색 전자신문",https://news.google.com/rss/articles/CBMiTkFVX3lxTFBFRTJBVDYwWEZoRGJ3QTJxam83S2xZbHpVNXNFWFlpOWxQZzJKTjNBd1U0MWNFZVAwMHBPN3RkcDYwSlBUYXdyVnZhUHJHQQ?oc=5,전자신문,,AI,2026-09-19T15:38:10.090473+09:00,False,False,live
ART-00055,market,경남 제조 AI 센터 개소…지역 제조기업 AI 전환 본격화,2026-09-18,경남 제조 AI 센터 개소…지역 제조기업 AI 전환 본격화 페로타임즈,경남 제조 AI 센터 개소…지역 제조기업 AI 전환 본격화 페로타임즈,https://news.google.com/rss/articles/CBMibEFVX3lxTE5HaFJ2eDFWSGZQWW4wS2NvVHhkb29uc0tfN0djeUZaVGRsSEkzUVh6cnV1bW1uY1pJYVZMdkw1amd6V01IeGNKeWd6T1EwTExTWFlodTZ3bkhkaUo4QklIT3R0bXhnT0NwS3NmZg?oc=5,페로타임즈,,AI,2026-09-19T15:38:10.090473+09:00,False,False,live
ART-00056,market,"KT, 피지컬AI로 제조 혁신 이끈다...전북혁신도시 ‘다크팩토리’ 핵심 인프라 구축 추진",2026-09-17,"KT, 피지컬AI로 제조 혁신 이끈다...전북혁신도시 ‘다크팩토리’ 핵심 인프라 구축 추진 인공지능신문","KT, 피지컬AI로 제조 혁신 이끈다...전북혁신도시 ‘다크팩토리’ 핵심 인프라 구축 추진 인공지능신문",https://news.google.com/rss/articles/CBMiZ0FVX3lxTE5nNnFLaUtHQVA5Um83Q0tNdV94TnpJNjBJZlNjbTZDeVd0Sk5JUVh4MW5BdFFCanR2c3loOW9KaXpSRmpicWNMc25ZN0FiODlpelI2RnZZd05EdzlnVWJfcjZ2LU1rUzQ?oc=5,인공지능신문,,AI,2026-09-19T15:38:10.090473+09:00,False,False,live
ART-00057,market,"미소정보기술, 정부 'M.AX 전문기업' 선정…제조 AI 사업 확대",2026-09-18,"미소정보기술, 정부 'M.AX 전문기업' 선정…제조 AI 사업 확대 v.daum.net","미소정보기술, 정부 'M.AX 전문기업' 선정…제조 AI 사업 확대 v.daum.net",https://news.google.com/rss/articles/CBMiT0FVX3lxTE9hbE1OWVg2OGtCY1RjM28xVlB2QUthUzRQdXl4c3lYcWMyMHcyTktsSFkwRWdaQW9Md0VNNjdYSDJBNmFJTG1OeFRxNjZ0clU?oc=5,v.daum.net,,AI,2026-09-19T15:38:10.090473+09:00,False,False,live
ART-00058,market,"알티엠, ‘제조 AI 도입점검 프로그램’ 출시…적은 데이터로 AI 적용 여부 먼저 확인",2026-09-15,"알티엠, ‘제조 AI 도입점검 프로그램’ 출시…적은 데이터로 AI 적용 여부 먼저 확인 AI타임스","알티엠, ‘제조 AI 도입점검 프로그램’ 출시…적은 데이터로 AI 적용 여부 먼저 확인 AI타임스",https://news.google.com/rss/articles/CBMiakFVX3lxTE5tYkotZWpRWG1FclJ6SXNUcW5OWW5jaHlCVkt1R1FJWUtwM3prNERBZTJGZWhkbmxycFFkakRVTGtuZi16ZFdUaXdfVmE4a0hlN0tPemJBUEllZm11TWRoTkpsblZGR1FmMnc?oc=5,AI타임스,,AI,2026-09-19T15:38:10.090473+09:00,False,False,live
ART-00059,market,"경남도, ‘제조 AI데이터센터’ 가동… 연간 300개 제조기업 AX 지원",2026-09-18,"경남도, ‘제조 AI데이터센터’ 가동… 연간 300개 제조기업 AX 지원 기계신문","경남도, ‘제조 AI데이터센터’ 가동… 연간 300개 제조기업 AX 지원 기계신문",https://news.google.com/rss/articles/CBMiZ0FVX3lxTE9KemJEUjh3MEJTeF9iX3pLV2RfakJyN1NFaDh3YXVoSVZ2NVJlTFRycHprUE5XYUxKU3p0TlhCWDlnRkZPa3VQZmx5QXViYUotdTFpbGYwYXFsQ3Rpc3pmSjRjZHZucEU?oc=5,기계신문,,AI,2026-09-19T15:38:10.090473+09:00,False,False,live
ART-00060,market,[인더스트리 솔루션 인사이트] ‘선 없는 공장’이 온다…5G 특화망이 바꾸는 제조 미래,2026-09-16,[인더스트리 솔루션 인사이트] ‘선 없는 공장’이 온다…5G 특화망이 바꾸는 제조 미래 헬로티,[인더스트리 솔루션 인사이트] ‘선 없는 공장’이 온다…5G 특화망이 바꾸는 제조 미래 헬로티,https://news.google.com/rss/articles/CBMiX0FVX3lxTE5ydnJCeUh0eTFYTmZYVzYySHFHaUd5SGdVX1VuVUt6N2NlNkpnLUtrNmZnSDgxcHV1SXNvZkZWVEZNMnpRU1Bxc0JnUnc1RFpTOGVJQ1BKd19KQ0JWX2U4?oc=5,헬로티,,AI,2026-09-19T15:38:10.090473+09:00,False,False,live
ART-00061,market,"부산 제조업, 데이터와 AI로 새 길을 연다",2026-09-17,"부산 제조업, 데이터와 AI로 새 길을 연다 데일리한국","부산 제조업, 데이터와 AI로 새 길을 연다 데일리한국",https://news.google.com/rss/articles/CBMic0FVX3lxTE4xYkc3UERSVmgxcmhyZ1RsbkhNZ0pZbS1YanlsS3JMMjBCYmw5R19hSUpuaWVhYUFleGpaZ3JkQk9Jd1AxeTdURU5wT3Z5cXNfY0ZiR3B6T1lnV1pCZ0NEdzlUS05DeC1pdnVNSzMzalhBeWPSAXNBVV95cUxOMWJHN1BEUlZoMXJocmdUbG5ITWdKWW0tWGp5bEtyTDIwQmJsOUdfYUlKbmllYWFBZXhqWmdyZEJPSXdQMXk3VEVOcE92eXFzX2NGYkdwek9ZZ1daQmdDRHc5VEtOQ3gtaXZ1TUszM2pYQXlj?oc=5,데일리한국,,AI,2026-09-19T15:38:10.090473+09:00,False,False,live
ART-00062,market,"박완수 지사, 상하이 로봇밸리 방문…경남 제조 AI 접목 모색",2026-09-17,"박완수 지사, 상하이 로봇밸리 방문…경남 제조 AI 접목 모색 v.daum.net","박완수 지사, 상하이 로봇밸리 방문…경남 제조 AI 접목 모색 v.daum.net",https://news.google.com/rss/articles/CBMiT0FVX3lxTE1jeGR2THR5ZjBZUmpGVTNZdDRQZlZQWXktSE1jYk5tVHJKcy1KYTlRWHI1R1JidDk2cHYyX2I1d21TLTFMTXNOLXVfTERuX2M?oc=5,v.daum.net,,AI,2026-09-19T15:38:10.090473+09:00,False,False,live
ART-00063,market,"코난테크, 제조데이터 품질관리 기술로 '피지컬AI' 구현한다",2026-09-18,"코난테크, 제조데이터 품질관리 기술로 '피지컬AI' 구현한다 지디넷코리아","코난테크, 제조데이터 품질관리 기술로 '피지컬AI' 구현한다 지디넷코리아",https://news.google.com/rss/articles/CBMiVkFVX3lxTE1hNmhhTWNVZm5IMEhxbDRUMjZxbVg5UHJpY2lIR3JRRmR5SzdmeWxBSjJxTHBVa2VkRTBFRDBUTjZaSGVfalBkUXFPX19RNklQVnJsdXVR?oc=5,지디넷코리아,,AI,2026-09-19T15:38:10.090473+09:00,False,False,live
ART-00064,market,충남 제조업 AI 전환…공장 구축부터 사후관리까지,2026-09-17,충남 제조업 AI 전환…공장 구축부터 사후관리까지 충남내포뉴스,충남 제조업 AI 전환…공장 구축부터 사후관리까지 충남내포뉴스,https://news.google.com/rss/articles/CBMibkFVX3lxTE1WcWd1bGJQMTZna3I2VGl3QUgyYjJhc0JmdjlhLWRyaURpMlZzNXNHRDFjLTFqeDRXVTBsdnJnMjNPa24wUzliMy1hNUxyemNiX2hGUWhlRUN1cndVYlVFS1cxbU84aVhPWE9nMHdn?oc=5,충남내포뉴스,,AI,2026-09-19T15:38:10.090473+09:00,False,False,live
ART-00065,market,"경남도, 상하이 장강 AI로봇밸리서 AX 모색",2026-09-17,"경남도, 상하이 장강 AI로봇밸리서 AX 모색 v.daum.net","경남도, 상하이 장강 AI로봇밸리서 AX 모색 v.daum.net",https://news.google.com/rss/articles/CBMiT0FVX3lxTE41Z0RXYXE2QXFHbnFLazFjcVhLNjI1QUh6Nk5ZbmhFakVleGIyalZQNHBnZWRDcWIxcjhfV1BsRXprOTllR05TaDRYTXlRNW8?oc=5,v.daum.net,,AI,2026-09-19T15:38:10.090473+09:00,False,False,live
ART-00066,market,美 제조업 공급망 인플레 재점화…AI·관세·전쟁 3중 압박,2026-09-16,美 제조업 공급망 인플레 재점화…AI·관세·전쟁 3중 압박 글로벌이코노믹,美 제조업 공급망 인플레 재점화…AI·관세·전쟁 3중 압박 글로벌이코노믹,https://news.google.com/rss/articles/CBMihwFBVV95cUxQQTFscGV0eUFOYmJXeHB2Z3VRNERUakFMQ1FybmhjWVkwTThGamdOQjY4ZHpLU0I2aUo2MG9wY0YxVFR4RFpkcHdFbGNheHQwcVI3WlJzVFlzbi1ZUjBYTDFydjZtcEtRZUFYN19RRTFTbk00Q0xXVzNCWndBVkQyWndmb3dLWjQ?oc=5,글로벌이코노믹,,AI,2026-09-19T15:38:10.090473+09:00,False,False,live
ART-00067,market,"큐피에스브레인, 제조업 경영진을 위한 현장 중심 솔루션 북 ‘AX 피지컬 AI 도입 전략’ 출간",2026-09-18,"큐피에스브레인, 제조업 경영진을 위한 현장 중심 솔루션 북 ‘AX 피지컬 AI 도입 전략’ 출간 v.daum.net","큐피에스브레인, 제조업 경영진을 위한 현장 중심 솔루션 북 ‘AX 피지컬 AI 도입 전략’ 출간 v.daum.net",https://news.google.com/rss/articles/CBMiT0FVX3lxTE9LRXpoaE5IRTVKS0h3VThGZ3QwdFlvZTMzQXBiaE95WURqQlpGWE0tdHpUc0VVb0xhVjVBT1VrLVRUVnE0RlFiNi1McGhoalk?oc=5,v.daum.net,,AI,2026-09-19T15:38:10.090473+09:00,False,False,live
ART-00068,market,“숙련 노동자 노하우를 로봇에”…제조업 혁신 나선 시즐,2026-09-18,“숙련 노동자 노하우를 로봇에”…제조업 혁신 나선 시즐 v.daum.net,“숙련 노동자 노하우를 로봇에”…제조업 혁신 나선 시즐 v.daum.net,https://news.google.com/rss/articles/CBMiT0FVX3lxTE9Ua25ZMHFNR0FIMlhYM282dWdVejRoX1I5cGdPT1VobE5WT19ZY2Z0OGNzVTVYcDIxV0FFTDBsVG1UbU1yWUw2alI5cFI0Zms?oc=5,v.daum.net,,AI,2026-09-19T15:38:10.090473+09:00,False,False,live
ART-00069,market,중국 ‘첨단 제조업 더 크게’…부동산 대신 AI·첨단산업에 힘 싣는다,2026-09-18,중국 ‘첨단 제조업 더 크게’…부동산 대신 AI·첨단산업에 힘 싣는다 인터내셔널포커스,중국 ‘첨단 제조업 더 크게’…부동산 대신 AI·첨단산업에 힘 싣는다 인터내셔널포커스,https://news.google.com/rss/articles/CBMiVkFVX3lxTFA4ckZmeWVSRVdOSVRGeVEzYmpRM3VyeTltbnNXdlJ3VVdQbi0tSnRFWWN0NnZTX1ptWVRIcVhOUldqcVV6Q2pmOVBZNm5TV3BzanVmMGNB?oc=5,인터내셔널포커스,,AI,2026-09-19T15:38:10.090473+09:00,False,False,live
ART-00070,market,"성균관대, 700억 원 규모 피지컬AI 제조 SW 플랫폼 사업 선정",2026-09-17,"성균관대, 700억 원 규모 피지컬AI 제조 SW 플랫폼 사업 선정 한국대학신문","성균관대, 700억 원 규모 피지컬AI 제조 SW 플랫폼 사업 선정 한국대학신문",https://news.google.com/rss/articles/CBMiZkFVX3lxTE9NWkVSVEJ0cVRGOWJ1bWxoU05jejhuQUhNSXpYV01kR2c0SnRjaGdmbEx2YXRRcTlDMHI3WEp5MHVrVnowWHRHZUlRZEpoLXd4YVR5eGVzUW5PQ2M2eVItZWYwQWlNdw?oc=5,한국대학신문,,AI,2026-09-19T15:38:10.090473+09:00,False,False,live
ART-00071,market,"박완수 경남지사, 중국 상하이 로봇밸리서 '제조 AI' 거점 방안 모색",2026-09-17,"박완수 경남지사, 중국 상하이 로봇밸리서 '제조 AI' 거점 방안 모색 v.daum.net","박완수 경남지사, 중국 상하이 로봇밸리서 '제조 AI' 거점 방안 모색 v.daum.net",https://news.google.com/rss/articles/CBMiT0FVX3lxTE5aeHJobm5MSmtnNjdBRFlkYVdTSzVlRjBPNnBKRW11QW9yUE83QXVlam8zU05lSy1pampsSUJnT0p3SlpScTlneUZxNkUwVnM?oc=5,v.daum.net,,AI,2026-09-19T15:38:10.090473+09:00,False,False,live
ART-00072,market,[AIF2026] “피지컬 AI엔 절대강자 없다···향후 3년이 글로벌 패권 골든타임”,2026-09-17,[AIF2026] “피지컬 AI엔 절대강자 없다···향후 3년이 글로벌 패권 골든타임” 시사저널e,[AIF2026] “피지컬 AI엔 절대강자 없다···향후 3년이 글로벌 패권 골든타임” 시사저널e,https://news.google.com/rss/articles/CBMickFVX3lxTE9BdW9CZFVHaHl1ck4zNGtubW45cnRybXVTNGZDLUFtZTh6Q0gwdDhWWVJuUm9pYkhqRmRzVW05UDlvQk01ZXFZVzF6MHFNVFhsRDJWci1VdGlLbER2MXdZeUY0MlpNLVc1X29yd3hQMnFIZ9IBdkFVX3lxTE44YUx0bXJrNVUzZEZFM0taVUdEX2ZWUnN5TnRjYnhkc1VhWEdNUERvWndkcEtSTWlqOXBQQ25uNkM0cmVHTmtNN2pvT2Z0TG9CYm5vTFV6MHhfRGVMMXVZTjBmMG9PZEExSXFTZ1dMVUl5MWRlZ2c?oc=5,시사저널e,,AI,2026-09-19T15:38:10.090473+09:00,False,False,live
ART-00073,market,“제조 AI 전환 해법은 커넥티드 팩토리”…미니탭 익스체인지 코리아 2026 개최,2026-09-18,“제조 AI 전환 해법은 커넥티드 팩토리”…미니탭 익스체인지 코리아 2026 개최 동아일보,“제조 AI 전환 해법은 커넥티드 팩토리”…미니탭 익스체인지 코리아 2026 개최 동아일보,https://news.google.com/rss/articles/CBMib0FVX3lxTE5aSXZyYmNjVlU2LXE3RDI2ZnM2bktOeGZObXJ5TWdicFJPU1l0NDdUVEFOZno1TWtsOVlwemlPS0x0a09xakdxNzZyLWFRU1ZCcE44dDFPaGZUODk3bkRZb2F3OEh2VXBjOVdPdXNRd9IBZkFVX3lxTE1Ma3plUzNCZWZUSjVqUVdyM3loYy1EdWRYaGZaYXd4YVlvNDQ2SjEwVVZyRGZ6SDdsNzVzSmFqNm5MTUk1VnpRLS1HWDU3QmJ5ZjBWY3RhTmVYOXdmRzV0YTNXY2tJdw?oc=5,동아일보,,AI,2026-09-19T15:38:10.090473+09:00,False,False,live
ART-00074,market,[AI픽] 전북·경남서 피지컬AI 본격화…'K-제조공장' 수출한다,2026-09-16,[AI픽] 전북·경남서 피지컬AI 본격화…'K-제조공장' 수출한다 연합뉴스,[AI픽] 전북·경남서 피지컬AI 본격화…'K-제조공장' 수출한다 연합뉴스,https://news.google.com/rss/articles/CBMiW0FVX3lxTE96dUFjR2J6T1FCZVEtaXJ6eTJiUjVCRWRWeko4d0xBUGZnaFFOLVhud09ha1JEVkVmWlM1OF90ZkpmNVVNWGVLQTBVN1lXN1F6WVVHYTY2dGJNTUHSAWBBVV95cUxNQWptMUdYTGNFTkphSXI1NGpoUmZ6MXR4YXJjWllicS1TZlg3TUNiSTdvUktNaGFkM1VnVG5oSk9Lb0Q0a2t3YnotT0RXV1VuVHdwTk5XVV9sa2FyNEJPYTg?oc=5,연합뉴스,,AI,2026-09-19T15:38:10.090473+09:00,False,False,live
ART-00075,market,AI 시대 화이트 칼라에 이어 블루 칼라도 떨고 있다,2026-09-18,AI 시대 화이트 칼라에 이어 블루 칼라도 떨고 있다 조선일보,AI 시대 화이트 칼라에 이어 블루 칼라도 떨고 있다 조선일보,https://news.google.com/rss/articles/CBMihgFBVV95cUxNdEtLZThJVEhzSUxjZWktY05PMFZBdHpwRElKUnh2STVOaEM3akRScjAybFpxT2NVQ0JKb2pzRHg5cjBnblVEblZZQVJGVHpMMGFWZmRtS0hyaHRPRk9jT2VvQ2RROTd5RmNEVjVYbEFYUXFiWld2XzV6ODhUSHQxdHpxZHBPQQ?oc=5,조선일보,,AI,2026-09-19T15:38:10.090473+09:00,False,False,live
ART-00076,market,제조 AI의 ‘마지막 1마일’…도입 넘어 공급산업으로,2026-09-18,제조 AI의 ‘마지막 1마일’…도입 넘어 공급산업으로 산업종합저널,제조 AI의 ‘마지막 1마일’…도입 넘어 공급산업으로 산업종합저널,https://news.google.com/rss/articles/CBMiU0FVX3lxTE9WbFdTODZnNm1zeWFVbzQwYTJMX3FoRHRVX0tNQkFvbFRhOGwxRG84MTM1ZTJxSElqNHplSEhqWVNCYzlhNm15Q1ZpOF9qWEpOMkU0?oc=5,산업종합저널,,AI,2026-09-19T15:38:10.090473+09:00,False,False,live
ART-00077,market,"KT, 과기부 '다크팩토리' 구축 사업 합류…제조업 AI 인프라 고도화",2026-09-17,"KT, 과기부 '다크팩토리' 구축 사업 합류…제조업 AI 인프라 고도화 비즈니스플러스","KT, 과기부 '다크팩토리' 구축 사업 합류…제조업 AI 인프라 고도화 비즈니스플러스",https://news.google.com/rss/articles/CBMib0FVX3lxTE9mSnhzS2VCZVdYMEVsSmxVV1J4NGt1dzlVLUg3LWlRU2QxcHpuR09HelFqM25yQm5ia3ZzV1NtQnFSOUh1Mk52TWNNUGljd2dlWTFfVi1zc010a1RzbE1jWVhYbkxUcHpxRHVOUUxHNA?oc=5,비즈니스플러스,,AI,2026-09-19T15:38:10.090473+09:00,False,False,live
ART-00078,market,AI 만드는 곳에서 쓰는 제조업으로…삼전·닉스·포스코 ‘현장 AX 속도전’,2026-09-14,AI 만드는 곳에서 쓰는 제조업으로…삼전·닉스·포스코 ‘현장 AX 속도전’ 스트레이트뉴스,AI 만드는 곳에서 쓰는 제조업으로…삼전·닉스·포스코 ‘현장 AX 속도전’ 스트레이트뉴스,https://news.google.com/rss/articles/CBMic0FVX3lxTE93UnM0X1E2NzlDY194R1E3VVRGck9kWUZCN3RvbjdaeExyWXRZMXA0VzR3NkJSczBWSEVLb0VzeFZoelZuMVBob3FiNDl1OUFZRXFnZktrZThvaE1kRkV4N1hCMkVmM1lnai1MY2U2c3IyOFHSAXdBVV95cUxQdTFVeElIekhDREFhRDlmVUEzcno1QkFfdUJ6RnRBTmc2TGFlcEdfUGZ4WHQ2M0hTZkhKMDVha0hoNUdNOFFIUzdDR0ppeE82djNJS1RKajNicF9GbkxUTS1TcERjNThwTmVkNWpvM1prZUZQd0JaWQ?oc=5,스트레이트뉴스,,AI,2026-09-19T15:38:10.090473+09:00,False,False,live
ART-00079,market,"제조 현장 파고든 NC AI, 1.4조 피지컬 AI 국책사업 올라탔다",2026-09-17,"제조 현장 파고든 NC AI, 1.4조 피지컬 AI 국책사업 올라탔다 지디넷코리아","제조 현장 파고든 NC AI, 1.4조 피지컬 AI 국책사업 올라탔다 지디넷코리아",https://news.google.com/rss/articles/CBMiVkFVX3lxTE8tQ0h2c2ZhODVqSjBfekQ2Z3lHNkVrV1ppWW1JYkh3dXBFbF9GX1N3NDcycjhMRnBiMjhJSkVSU2FmZXh0aVRnUE5SWDh4ZXhzUE02LVdB?oc=5,지디넷코리아,,AI,2026-09-19T15:38:10.090473+09:00,False,False,live
ART-00080,market,"경남도, 상하이 ‘AI 로봇밸리’ 찾아 제조AI 실증·확산 방안 모색",2026-09-17,"경남도, 상하이 ‘AI 로봇밸리’ 찾아 제조AI 실증·확산 방안 모색 쿠키뉴스","경남도, 상하이 ‘AI 로봇밸리’ 찾아 제조AI 실증·확산 방안 모색 쿠키뉴스",https://news.google.com/rss/articles/CBMiY0FVX3lxTFBxd1FjSzZFcXU2MFhfVWh2UEhLdUk5WlIzWnNuUWt5bGtOejBoZUVrTDJ6RVdoM0NBSUFNLXFCaVpaNnhvSkJUeVRLRDFKM0M4ZDd4SjU1Rm1ReThjMTFaLXF6cw?oc=5,쿠키뉴스,,AI,2026-09-19T15:38:10.090473+09:00,False,False,live
ART-00081,market,"‘2026 아시아 기계 & 제조 산업전’, 10월 21~23일 킨텍스 개최",2026-09-18,"‘2026 아시아 기계 & 제조 산업전’, 10월 21~23일 킨텍스 개최 철강금속신문","‘2026 아시아 기계 & 제조 산업전’, 10월 21~23일 킨텍스 개최 철강금속신문",https://news.google.com/rss/articles/CBMiakFVX3lxTE5reDlMTy1sbjBFSTVkM0hpVHg0LUwzN2xGSVp2NVVDd3gwajhMUDdXMkQ2d3pTVHdlLXZUbHhVWEUtVVVKMkZCVDdybll1R05oeEFSbzU0bGcwOHU5ZUdLcjNQQUdvMDlrWnc?oc=5,철강금속신문,,AI,2026-09-19T15:38:10.090473+09:00,False,False,live
ART-00082,market,“공장을 수출하는 나라로”…피지컬 AI가 제조 미래 바꾼다,2026-09-17,“공장을 수출하는 나라로”…피지컬 AI가 제조 미래 바꾼다 v.daum.net,“공장을 수출하는 나라로”…피지컬 AI가 제조 미래 바꾼다 v.daum.net,https://news.google.com/rss/articles/CBMiT0FVX3lxTFBQWDI0eENBdl9iOHY0cHB0RE1xTEtPM3FWdW9tMlA4OEE2eUlXX29ZN2lZalNBM2dwM0N4YlV1dmdiV0dudFFqM1lUV0JFaWs?oc=5,v.daum.net,,AI,2026-09-19T15:38:10.090473+09:00,False,False,live
ART-00083,market,"경남, 6700억 규모 ‘피지컬 AI’로 제조 AX 선도 시동",2026-09-16,"경남, 6700억 규모 ‘피지컬 AI’로 제조 AX 선도 시동 v.daum.net","경남, 6700억 규모 ‘피지컬 AI’로 제조 AX 선도 시동 v.daum.net",https://news.google.com/rss/articles/CBMiT0FVX3lxTE94elVSY0UtZ3NvNVFRZ3dmY0t0dFZVQ25kYXRmSHowUnMyWFhHRUJOc2R1RUY4X01fM2ZHZHJUZ1ktOXV3SnJmN3JyQ0lSU00?oc=5,v.daum.net,,AI,2026-09-19T15:38:10.090473+09:00,False,False,live
ART-00084,market,"공정 자동화 넘어 '제조AI'로… 부산, 스마트공장 2.0 대전환 속도",2026-09-18,"공정 자동화 넘어 '제조AI'로… 부산, 스마트공장 2.0 대전환 속도 폴리뉴스 Polinews","공정 자동화 넘어 '제조AI'로… 부산, 스마트공장 2.0 대전환 속도 폴리뉴스 Polinews",https://news.google.com/rss/articles/CBMibkFVX3lxTE54RGtJMlZZU3N0YkhISzlqa3pKeVZvT09waDctTXZ4MlMtUnFxOXV6QTh5TFc4UklycHZWMGRnU1ZNNGdZNFd5Y0dhc2IwZXRUaTMzWmswenJfSDRtZjMtOWtYS0V1TWlrc3MyRnpn0gFyQVVfeXFMT2g1YjM0REtrQklFRUNRX3hqWENDSV82SXh2eUlHQ09oeXczNURyQWNaVlliQ0l1VHVQdDFzcC1CVG1EZkxab1hqa2hVcWU0dXNMZENmS01GbzhObm4wamkyRVdtdk05SkRJMVV4ZGcwLUtn?oc=5,폴리뉴스 Polinews,,AI,2026-09-19T15:38:10.090473+09:00,False,False,live
ART-00085,market,중국 'AI 로봇밸리' 제조 AI 거점 모색,2026-09-17,중국 'AI 로봇밸리' 제조 AI 거점 모색 경남매일,중국 'AI 로봇밸리' 제조 AI 거점 모색 경남매일,https://news.google.com/rss/articles/CBMiakFVX3lxTFAyVS1LQy1mVF85YUlXZ21rejZxUC16eGl1WV83RnpUSFhYb0I4cDVJQ3N2eTNQSFZuQWVxVjBLbTBlbEVaWC1jT2RkMng5RGNVQWY0V2tBX1dpNE5Hc0NxeGpRYl9XTng3b1E?oc=5,경남매일,,AI,2026-09-19T15:38:10.090473+09:00,False,False,live
ART-00086,market,"정부, 1.4조 투입해 전북·경남서 제조 피지컬 AI 기술확보",2026-09-16,"정부, 1.4조 투입해 전북·경남서 제조 피지컬 AI 기술확보 아시아경제","정부, 1.4조 투입해 전북·경남서 제조 피지컬 AI 기술확보 아시아경제",https://news.google.com/rss/articles/CBMiYEFVX3lxTE9PSkd3blZGcktCbWhoYjRUR083S3lpLXRfYks4dFNlemVCQU14c3YybDZiazRPZE04X2docWJLTzZUUE9UeUNoY0lZbGE0SUlkNGthdmJReDVaeVJ0NVVMNg?oc=5,아시아경제,,AI,2026-09-19T15:38:10.090473+09:00,False,False,live
ART-00087,market,"박완수 경남지사, 中 ‘AI 로봇밸리’ 찾았다···경남 제조업에 ‘Physical AI’ 접목",2026-09-18,"박완수 경남지사, 中 ‘AI 로봇밸리’ 찾았다···경남 제조업에 ‘Physical AI’ 접목 스마트비즈","박완수 경남지사, 中 ‘AI 로봇밸리’ 찾았다···경남 제조업에 ‘Physical AI’ 접목 스마트비즈",https://news.google.com/rss/articles/CBMibEFVX3lxTFAyQzM5ZUtjWlBUWWJFakg2Y2tDQ2tPQ3lIaWRXU1VWSVExQzZYbUw2SnhRY1lseUVGQk5pVzVnck5zSEpoa3F4Y0VsYmMxQ0FHUUZ0U2xkNVFiSUhjSW1BMzl1MjEzSVVNcmw1Yg?oc=5,스마트비즈,,AI,2026-09-19T15:38:10.090473+09:00,False,False,live
ART-00088,market,"“울산 AI 데이터센터, 제조 데이터 연결해야 AX 성공”",2026-09-17,"“울산 AI 데이터센터, 제조 데이터 연결해야 AX 성공” iusm.co.kr","“울산 AI 데이터센터, 제조 데이터 연결해야 AX 성공” iusm.co.kr",https://news.google.com/rss/articles/CBMiakFVX3lxTE03Rm1nYlhBVk8xVnNCWEExUFlXWnNrdzd3YkRrbHhQMW80Wk5LaUhHd05TVjBWaGFPbW8welZRQmxoTzdsQU5Qa09idFh6cTFZekI1VXh5aTZnZ05reGtRaktKdWF3cmNGcVHSAW5BVV95cUxPQ3ktRTZnWmNfUC16ZTJLS0dIV05Bak1nOE4zQVVBa3NaN0hMMDFnMWJTSlp5NVBRelc2bTZ5dkVucG94enlmTlZHX2hSYWZvUVdqM05kLVI2NmhRLXVyNnA0TFF2S25aVnBYd1pKdw?oc=5,iusm.co.kr,,AI,2026-09-19T15:38:10.090473+09:00,False,False,live
ART-00089,market,NC AI ‘피지컬 AI’ 제조 현장에 심는다…1.4조 국책사업 참여,2026-09-17,NC AI ‘피지컬 AI’ 제조 현장에 심는다…1.4조 국책사업 참여 ebn.co.kr,NC AI ‘피지컬 AI’ 제조 현장에 심는다…1.4조 국책사업 참여 ebn.co.kr,https://news.google.com/rss/articles/CBMiaEFVX3lxTE1SSll0RUxDeEI0OS1YbGtLa3JKNUxVdC1fcDNqNXcweTd1X2NIa0hVVEc0MUZlZF9aR0F5QjZlUDlFbW94NGhXQ0dWaU4xcl82bkxaRUo4SXIzcTE1eGFXRWZLX3NjUGcx?oc=5,ebn.co.kr,,AI,2026-09-19T15:38:10.090473+09:00,False,False,live
ART-00090,market,"한·중앙아, 핵심광물·제조 AI 협력 확대…정부 협력 9건·기업 MOU 116건",2026-09-17,"한·중앙아, 핵심광물·제조 AI 협력 확대…정부 협력 9건·기업 MOU 116건 아주경제","한·중앙아, 핵심광물·제조 AI 협력 확대…정부 협력 9건·기업 MOU 116건 아주경제",https://news.google.com/rss/articles/CBMiWkFVX3lxTE1jMG9vWXRwQXJZbFA3eHFqRWdQdFBTZ3pXMVpvZ1JJNktQT1V2ZFo4TExiR29QRzg0Y1oxNVZEVlJycmZFZzVXUjVMaVJDVWhPY0NSSEIwY2hFZ9IBWEFVX3lxTE9QdG5xNU9UYmZReHBOOHJKbTZGcFB3Q2R3LVBhTVBvUXV5bi1pOWszLS1Cd2JZX2tpSy1CZXR3ZmFhQTdTZGxycjhuSjRHTG9VajJmSk04ek0?oc=5,아주경제,,AI,2026-09-19T15:38:10.090473+09:00,False,False,live
ART-00091,market,경남 첫 공공형 제조 AI 센터 가동…고성능 GPU 40장 구축,2026-09-17,경남 첫 공공형 제조 AI 센터 가동…고성능 GPU 40장 구축 전자신문,경남 첫 공공형 제조 AI 센터 가동…고성능 GPU 40장 구축 전자신문,https://news.google.com/rss/articles/CBMiTkFVX3lxTE13QlNydFJRX1UtQkZmclZPYW5LVTdNVlFfaG5zZVVON0pXb3M1czluZURGTnlSUmhNZHBNa3pkRlpxdjJhQ2xHZXNSbmhvQQ?oc=5,전자신문,,AI,2026-09-19T15:38:10.090473+09:00,False,False,live
ART-00092,market,로봇끼리 판단하고 협업… 전북 '피지컬AI 제조혁신' 시동,2026-09-16,로봇끼리 판단하고 협업… 전북 '피지컬AI 제조혁신' 시동 전라일보,로봇끼리 판단하고 협업… 전북 '피지컬AI 제조혁신' 시동 전라일보,https://news.google.com/rss/articles/CBMibkFVX3lxTE13SS1iRTFucUhQLXpZN1RLem1LZXAwQlBSU1NNbzRtUjVuUVB6SnNGS3dqSVNZZzNOdTYxN1RrdnAxeUdkZzZuTlN4UVpOZ1Z5TW1RbHNxSHNWWG9TUVM1YmluUlZNLWZzTjVLZ0tn0gFwQVVfeXFMUEd3emtFRFQ3NDh5RDUzYldUY1A0OUlVTnVwQ2QwbnRWRmRnMDhNMk9ZOUhpYXBXRE9CRXZNczhqMG1HLVhoVVZXeDYtNGlnTHlEX3JZT0VDVnNKd1pOcXFyaXhUU0JCWjNVdTZfT1BlZA?oc=5,전라일보,,AI,2026-09-19T15:38:10.090473+09:00,False,False,live
ART-00093,market,"경남 대표단, 상하이 AI 로봇밸리 방문…제조업 혁신 방안 모색",2026-09-17,"경남 대표단, 상하이 AI 로봇밸리 방문…제조업 혁신 방안 모색 newfilenews.com","경남 대표단, 상하이 AI 로봇밸리 방문…제조업 혁신 방안 모색 newfilenews.com",https://news.google.com/rss/articles/CBMibkFVX3lxTE9MWmYwQTF2SW5LY0hiXzJXRC1sblkzU2Voclk1TkhBQVdXeDJXbXlqX3V5eFVtYWZkN0pGSkRESUc2cXc5Q19PSUNzb1I3d3VuWDJIQ3NQcC1IRlRQZEM0S2s2NWlRX01SUHdMcGJR?oc=5,newfilenews.com,,AI,2026-09-19T15:38:10.090473+09:00,False,False,live
ART-00094,market,"AI가 공장 짓고 로봇 가동, 1.4조 ‘피지컬AI’ 프로젝트 시동",2026-09-16,"AI가 공장 짓고 로봇 가동, 1.4조 ‘피지컬AI’ 프로젝트 시동 지디넷코리아","AI가 공장 짓고 로봇 가동, 1.4조 ‘피지컬AI’ 프로젝트 시동 지디넷코리아",https://news.google.com/rss/articles/CBMiVkFVX3lxTE9Na0pJcVlNQzlyOGNfdWlWcE9yT3dQdFFNaGYtVDBEWFVGSXRoTkNudUZKX3BPWHFURThqcmZpaUxxUTFGYzVXOWxOOXNEYUZadlpsamJB?oc=5,지디넷코리아,,AI,2026-09-19T15:38:10.090473+09:00,False,False,live
ART-00095,market,"KT, AI 기반 다크팩토리 기술 개발 착수…피지컬 AI 제조 혁신 이끈다",2026-09-18,"KT, AI 기반 다크팩토리 기술 개발 착수…피지컬 AI 제조 혁신 이끈다 나눔경제뉴스","KT, AI 기반 다크팩토리 기술 개발 착수…피지컬 AI 제조 혁신 이끈다 나눔경제뉴스",https://news.google.com/rss/articles/CBMibEFVX3lxTFBVbVY1THdUSFZOM1dWV0Vlb0QtVldwMjVoN1NEQ3JxMFZ0N1Y2S25XUVRpWXpNRnRwOEowOFhLZXU5U1ZwV1dPbkpWZk5ibk1XWEVoWml4dllaTXExWGY0djItRUZQYmlKWkM0cA?oc=5,나눔경제뉴스,,AI,2026-09-19T15:38:10.090473+09:00,False,False,live
ART-00096,market,"[경제+] 공장에 'AI 두뇌' 심는다...中 제조업, 스마트 전환 본격화",2026-09-16,"[경제+] 공장에 'AI 두뇌' 심는다...中 제조업, 스마트 전환 본격화 서울뉴스통신","[경제+] 공장에 'AI 두뇌' 심는다...中 제조업, 스마트 전환 본격화 서울뉴스통신",https://news.google.com/rss/articles/CBMia0FVX3lxTE1tbzhsblg4TzJPbm5wRlRPTnFmTTJUTkVJZmtzMXhma05YbVk2a3hFYTBzS1duNGsyRmo1endfSkVxTG9DSWZIQmsyZ19LVEZWa0NvZjl1WFZudmJKcUNmellfbGN4TDNxYUhz?oc=5,서울뉴스통신,,AI,2026-09-19T15:38:10.090473+09:00,False,False,live
ART-00097,market,"KT, 정부 ‘AI 다크팩토리’ 기술 개발 참여…제조 AI 사업 확대",2026-09-17,"KT, 정부 ‘AI 다크팩토리’ 기술 개발 참여…제조 AI 사업 확대 뉴스락","KT, 정부 ‘AI 다크팩토리’ 기술 개발 참여…제조 AI 사업 확대 뉴스락",https://news.google.com/rss/articles/CBMibEFVX3lxTE9rN0p4dm1jU05xenNWb1lOTmRJR0NIc3pBNi1pLTdMV1RCUjQxaFRYQnZBQjB5UEo5d3NKZDNRTUdpUWM2Y2pVcVF3QW4wRHFQZWF3cDdBSEg3T2FfNE1aRS1xYmJPa2pic2dJbw?oc=5,뉴스락,,AI,2026-09-19T15:38:10.090473+09:00,False,False,live
ART-00098,market,"인터엑스, WAVE 2026서 제조AX 생태계 공개…“울산서 대한민국 제조 혁신 확산”",2026-09-16,"인터엑스, WAVE 2026서 제조AX 생태계 공개…“울산서 대한민국 제조 혁신 확산” 헬로티","인터엑스, WAVE 2026서 제조AX 생태계 공개…“울산서 대한민국 제조 혁신 확산” 헬로티",https://news.google.com/rss/articles/CBMiX0FVX3lxTFBudnYwMW1NVjVaWUQ0U1RTRGo5MmxvQ24zelQ1VUw1aWRFWWQyQ3RGY25ST2JkWndPTnpxTzZsVDF6Mm5aNXBxc2JPX1ZGY1ItNmJ6dkZHbUVmeTM5blVB?oc=5,헬로티,,AI,2026-09-19T15:38:10.090473+09:00,False,False,live
ART-00099,market,"KT, 피지컬AI로 제조 혁신…전북에 다크팩토리 인프라 구축",2026-09-17,"KT, 피지컬AI로 제조 혁신…전북에 다크팩토리 인프라 구축 서울경제TV","KT, 피지컬AI로 제조 혁신…전북에 다크팩토리 인프라 구축 서울경제TV",https://news.google.com/rss/articles/CBMiZEFVX3lxTE1WRER6b093OFdEVU9vVWxnbGZpZDNFYkZUMUNTeEJSb0tVQXF4N1pZRUp2eldWRC1GLU02UURLOFRHaTJqdXVvOFVGVFZMNlVxekJBZ0RrRVlvV3lrNHdrMVp5U0U?oc=5,서울경제TV,,AI,2026-09-19T15:38:10.090473+09:00,False,False,live
ART-00100,market,"AI가 24시간 돌리는 무인공장...KT, ‘다크팩토리’ 핵심 인프라 만든다",2026-09-17,"AI가 24시간 돌리는 무인공장...KT, ‘다크팩토리’ 핵심 인프라 만든다 지디넷코리아","AI가 24시간 돌리는 무인공장...KT, ‘다크팩토리’ 핵심 인프라 만든다 지디넷코리아",https://news.google.com/rss/articles/CBMiVkFVX3lxTE96SmtIbEVHLUlxbG1iSEduMkg1OU9jYmpoZmlTVGg1Z29jdlo5TFhGWk9WMW41SnpZNFE3NXQ4SDdvd1pFWFFfU21UZFVRek10MEhTYllR?oc=5,지디넷코리아,,AI,2026-09-19T15:38:10.090473+09:00,False,False,live
ART-00101,market,"[특집/향후 10년 한국의 수출을 이끌 차세대 산업 시리즈 No.14 스마트팩토리] “공장이 스스로 판단하고 움직인다”…AI 스마트팩토리, 한국 수출의 새 성장엔진",2026-09-19,"[특집/향후 10년 한국의 수출을 이끌 차세대 산업 시리즈 No.14 스마트팩토리] “공장이 스스로 판단하고 움직인다”…AI 스마트팩토리, 한국 수출의 새 성장엔진 코리아포스트 한글판","[특집/향후 10년 한국의 수출을 이끌 차세대 산업 시리즈 No.14 스마트팩토리] “공장이 스스로 판단하고 움직인다”…AI 스마트팩토리, 한국 수출의 새 성장엔진 코리아포스트 한글판",https://news.google.com/rss/articles/CBMibkFVX3lxTE05WE83bWV6M3ktak1jZ0xoQnp2cGgxazFmWDZydzR3Nk1zQ050X002ei1WeVNJS1NYamc0TkIzR1YzcHlSX25MVDhHTENUWjVsVy1pSDFwUlJVTllpSTNFTFhxR1dLQ2pKUkJRNm5B?oc=5,코리아포스트 한글판,,스마트팩토리,2026-09-19T15:38:10.090473+09:00,False,False,live
ART-00102,market,"유일로보틱스, 스마트 팩토리 제조 솔루션에서 다크 팩토리로 역량 확대 - 머니투데이",2026-09-16,"유일로보틱스, 스마트 팩토리 제조 솔루션에서 다크 팩토리로 역량 확대 - 머니투데이 mt.co.kr","유일로보틱스, 스마트 팩토리 제조 솔루션에서 다크 팩토리로 역량 확대 - 머니투데이 mt.co.kr",https://news.google.com/rss/articles/CBMiaEFVX3lxTE1MRnpYRGpkeUZQeU9XMU9zb2w1QTNaNG5NZDNCcTJMNFlVdUdYc0RwT3hhbEprYzZ1R3V1ZWFCTDBUXzRKZlFCdWtBbDFWVmU0clhPVGJncEllajREOGVDT3RlV2ZpTWdG0gFuQVVfeXFMTWh5U1pIZmdGYUczUFJkLVV4dDBENFVzd0l2MFJ1OTlCN0VNcFllQ3YwRmpJOHNnRG5Mc0ZVU1I3M2Rwb3JNZ0IxZllndEdaVW5fM2J3SWxaVTRueVlDSnYxUEd2dmt3M0tweUVUaHc?oc=5,mt.co.kr,,스마트팩토리,2026-09-19T15:38:10.090473+09:00,False,False,live
ART-00103,market,유일로보틱스 “스마트 팩토리 솔루션 기업에서 다크 팩토리로 역량 확대”,2026-09-16,유일로보틱스 “스마트 팩토리 솔루션 기업에서 다크 팩토리로 역량 확대” 로봇신문,유일로보틱스 “스마트 팩토리 솔루션 기업에서 다크 팩토리로 역량 확대” 로봇신문,https://news.google.com/rss/articles/CBMibEFVX3lxTE1YWU5aOG4wMmZpMVJ1SXA3SW9peGNnOFFDSEp3b0hSNTlLSmZndmhjTHFDZ240OU9nV1U1SUVMMlI0TmxPajhCXzRHdUNSdThHQ2xqSjNwa1BNM2pfQm9RajUydUdfUjdCTnJaTg?oc=5,로봇신문,,스마트팩토리,2026-09-19T15:38:10.090473+09:00,False,False,live
ART-00104,market,"[경제+] 공장에 'AI 두뇌' 심는다...中 제조업, 스마트 전환 본격화-Xinhua",2026-09-16,"[경제+] 공장에 'AI 두뇌' 심는다...中 제조업, 스마트 전환 본격화-Xinhua 신화망","[경제+] 공장에 'AI 두뇌' 심는다...中 제조업, 스마트 전환 본격화-Xinhua 신화망",https://news.google.com/rss/articles/CBMidkFVX3lxTE10cmpNZ0VXZE85WWhYRUFIbTUteHhlalpOVnZiY2UzQTdJVGVHRmV6dzdEbEFQNmpFdXpFMC1VR0hjbU1NcUVoU2FBcWdkRWlRU2hZWHNiSUZqdElnM2MyRFRXTm9QcDZEVEM5a1N0Tzd1b01pb0E?oc=5,신화망,,스마트팩토리,2026-09-19T15:38:10.090473+09:00,False,False,live
ART-00105,market,"하이테커, 베트남 스마트공장 ODA 참여...DX 인력 양성 맡는다",2026-09-18,"하이테커, 베트남 스마트공장 ODA 참여...DX 인력 양성 맡는다 한경매거진&북","하이테커, 베트남 스마트공장 ODA 참여...DX 인력 양성 맡는다 한경매거진&북",https://news.google.com/rss/articles/CBMiaEFVX3lxTE5QOHkxYUhyVnRRZDlyMGh2WGdtNjI0SWYycE1VU0c4R29wcDZzczlmYi1nZ3J0S3J3d3laSzYyTXozRUprWDk5NGgxWHdod2tLNHVUSlMwOUdVRkhHdG5qVkNMWGpwcEhE?oc=5,한경매거진&북,,스마트팩토리,2026-09-19T15:38:10.090473+09:00,False,False,live
ART-00106,market,"유일로보틱스, 스마트팩토리 사업 확대…美 현지 구축도 수주",2026-09-16,"유일로보틱스, 스마트팩토리 사업 확대…美 현지 구축도 수주 edaily.co.kr","유일로보틱스, 스마트팩토리 사업 확대…美 현지 구축도 수주 edaily.co.kr",https://news.google.com/rss/articles/CBMigAFBVV95cUxPTFpuMXYzM01GSGVwYXp4VWNTVVRRYXFDQUxRMmxOTzVGTVB1b3lVQ3BhcnhTWXFkeTRTR1JQNEE4X1p1V2dUZTFYX2FKaGMyY1E0cmhUQzd6VEppREFNQ1FQZ1JNc3lvLWVMdXZDWTBZUVVXdGF2VFpUejlUT0lxZA?oc=5,edaily.co.kr,,스마트팩토리,2026-09-19T15:38:10.090473+09:00,False,False,live
ART-00107,market,"정부, 중소 스마트공장에 '피지컬 AI' 심는다…특화 지원 프로그램 신설",2026-09-07,"정부, 중소 스마트공장에 '피지컬 AI' 심는다…특화 지원 프로그램 신설 전자신문","정부, 중소 스마트공장에 '피지컬 AI' 심는다…특화 지원 프로그램 신설 전자신문",https://news.google.com/rss/articles/CBMiTkFVX3lxTE5JZWZCUUVoX0VfR1RJYlZEdFJYMVhWNU9MSFR2aXFJbGY1VnRud3FCTkFScVRxQzkybGhFbjYyRFNLMmxVWEVkYk1sSHVPZw?oc=5,전자신문,,스마트팩토리,2026-09-19T15:38:10.090473+09:00,False,False,live
ART-00108,market,"일본서 본 ‘스마트공장’…안산 제조업, 생산·물류 자동화 현장 확인",2026-09-14,"일본서 본 ‘스마트공장’…안산 제조업, 생산·물류 자동화 현장 확인 주간한국","일본서 본 ‘스마트공장’…안산 제조업, 생산·물류 자동화 현장 확인 주간한국",https://news.google.com/rss/articles/CBMicEFVX3lxTE5ncUtYbTMxS0NjMlR4Y18wMV9kVkN3X1NHcmV4UFhrSWxkT296VmppUFFmRDdIbU92RzFRSGN2TVZpeUdEMzNaS0xBM1JKNDBJZFZXOVlJWjI1RkdKcnJSbFhFSFlOQXRQRHQtblJvdXPSAXRBVV95cUxON2VLbjU5aVlkSnZLREFWSV8yTlNyTUVwQW10MTVQcGFLU29nVG52dWRRdllyTmwzUkdjWk5lbm1fUUdzbDJ0WU1LRjAydDNRcngxb2tkRUJxZFBHLWhwa2F3TlRrZWZDeUVidUd5LWpTRFFnZw?oc=5,주간한국,,스마트팩토리,2026-09-19T15:38:10.090473+09:00,False,False,live
ART-00109,market,"안산시, 일본 제조혁신 현장서 스마트공장 경쟁력 모색",2026-09-14,"안산시, 일본 제조혁신 현장서 스마트공장 경쟁력 모색 전국매일신문","안산시, 일본 제조혁신 현장서 스마트공장 경쟁력 모색 전국매일신문",https://news.google.com/rss/articles/CBMibkFVX3lxTE5yZ2ZrSEg4VEFTR21XU0FPTzhXVGUtdVBldERnWG9KZnQ2N3BDSjgwb25JTXBJWVRKd200UXVTNVFQRUk2Wjd0LUtxV1NCWE9YdmN3dzVGblM3cGtROXpreXh4dDhRa1NEUjJfdk13?oc=5,전국매일신문,,스마트팩토리,2026-09-19T15:38:10.090473+09:00,False,False,live
ART-00110,market,"안산 제조기업 21개사, 일본 스마트공장 현장 점검",2026-09-14,"안산 제조기업 21개사, 일본 스마트공장 현장 점검 뉴스타운","안산 제조기업 21개사, 일본 스마트공장 현장 점검 뉴스타운",https://news.google.com/rss/articles/CBMiaEFVX3lxTE41alBuT28wNkJlQnZnWjhNRUtPT0tfQk5LNG9xdWtOeWtGS1kxY0JNZzRtSnJDcXhCUEFLNm1heEl0bFJKdFhWajRDdXQzWkNhU2RKZVdDTklfVVlnQXMwaW9Jd0JIclkz?oc=5,뉴스타운,,스마트팩토리,2026-09-19T15:38:10.090473+09:00,False,False,live
ART-00111,market,"다크 팩토리, 스마트 팩토리를 넘어 자율제조로",2026-09-08,"다크 팩토리, 스마트 팩토리를 넘어 자율제조로 월간CEO&","다크 팩토리, 스마트 팩토리를 넘어 자율제조로 월간CEO&",https://news.google.com/rss/articles/CBMicEFVX3lxTE9mczJSaHE1eEw1enl2UFZqZzZEbURfS3ZSOFpjVFRoN3ozaFptU1BvYWxfekNJbTc1RjhaVHp5VE9DNU5UdVdITG9ObUJqVTJjS25Tcmx1UFN2Sm15eUpBdzhYSEtvWF8tc0d5RWJHX2U?oc=5,월간CEO&,,스마트팩토리,2026-09-19T15:38:10.090473+09:00,False,False,live
ART-00112,market,"안산시, 일본 ‘팩토리 이노베이션 위크’ 참관…중소기업 스마트 제조 경쟁력 강화",2026-09-14,"안산시, 일본 ‘팩토리 이노베이션 위크’ 참관…중소기업 스마트 제조 경쟁력 강화 smaeil.com","안산시, 일본 ‘팩토리 이노베이션 위크’ 참관…중소기업 스마트 제조 경쟁력 강화 smaeil.com",https://news.google.com/rss/articles/CBMia0FVX3lxTE02RVFJejUwaHpRd3U1RlMwZHRYZjdyaGQycE5Jb3ROWEpaMXZkbkxpa1ByeEVEbHFGWl9IRDNxVlpZRTUxeU83RVlxSzNrd2QzTDRvTDdfMkRYNDB5NjlZM0tYek9uTkVLdldB0gFrQVVfeXFMTTZFUUl6NTBoelF3dTVGUzBkdFhmN3JoZDJwTklvdE5YSloxdmRuTGlrUHJ4RURscUZaX0hEM3FWWllFNTF5TzdFWXFLM2t3ZDNMNG9MN18yRFg0MHk2OVkzS1h6T25ORUt2V0E?oc=5,smaeil.com,,스마트팩토리,2026-09-19T15:38:10.090473+09:00,False,False,live
ART-00113,market,제조현장 파고드는 AI…스마트팩토리서 '자율공장'으로 영역 넓힌다,2026-09-09,제조현장 파고드는 AI…스마트팩토리서 '자율공장'으로 영역 넓힌다 더트래커,제조현장 파고드는 AI…스마트팩토리서 '자율공장'으로 영역 넓힌다 더트래커,https://news.google.com/rss/articles/CBMiWEFVX3lxTE9abEl4WFA4NHZZNHNvLVF0YkRrbkZCX2wteEtOZTNWYXdEQjlLRFVoeWwzQnhRSnk3UFRHQjlBX3ZNbHkyeU9jcGFWdU1OU2NiSERqZEdJR2s?oc=5,더트래커,,스마트팩토리,2026-09-19T15:38:10.090473+09:00,False,False,live
ART-00114,market,"스카이월드와이드, AI 플랫폼 '온토비아'로 제조업 AX 공략…스마트팩토리 시장 정조준",2026-09-07,"스카이월드와이드, AI 플랫폼 '온토비아'로 제조업 AX 공략…스마트팩토리 시장 정조준 아시아경제","스카이월드와이드, AI 플랫폼 '온토비아'로 제조업 AX 공략…스마트팩토리 시장 정조준 아시아경제",https://news.google.com/rss/articles/CBMiYEFVX3lxTE1JamM1anVVV0VuNmdDTUhHNnI3cjJzSFVrY0JaVGtVSzl6MUh3MnR5LUI3ZEMzZVpKQklNb3d1eGxuUUtyd2hfVFkzTF9DY2hIZnQ3a0hpOVZ2Mi0tYXI5YQ?oc=5,아시아경제,,스마트팩토리,2026-09-19T15:38:10.090473+09:00,False,False,live
ART-00115,market,"[헬로즈업] 스마트팩토리, AI 도입하고도 성과 못 내는 이유는 ‘기술’보다 ‘실행’",2026-06-29,"[헬로즈업] 스마트팩토리, AI 도입하고도 성과 못 내는 이유는 ‘기술’보다 ‘실행’ 헬로티","[헬로즈업] 스마트팩토리, AI 도입하고도 성과 못 내는 이유는 ‘기술’보다 ‘실행’ 헬로티",https://news.google.com/rss/articles/CBMiX0FVX3lxTFBqaVEyai1ZMk9YbFJCOEZFTFY0Z0I5dHp0ZU9adUVjeEhRdDhuRThVdk5yMm9ESkY2OXlreVl3ZF9aWGJKdU9tdEI5OWM3blJWUWFnY2JoRHlhZ3MyYU84?oc=5,헬로티,,스마트팩토리,2026-09-19T15:38:10.090473+09:00,False,False,live
ART-00116,market,"""스마트공장 지원사업은 중소기업에 한줄기 빛과 같아""",2026-08-27,"""스마트공장 지원사업은 중소기업에 한줄기 빛과 같아"" 매일경제","""스마트공장 지원사업은 중소기업에 한줄기 빛과 같아"" 매일경제",https://news.google.com/rss/articles/CBMiVkFVX3lxTE8tb1d3ajZjbU9XdHlxc3hwVmtwUTRXWFRxZVFVUWlCS0xVdkpaWjZEVExkSW51b2hMamJyWHZ5OVJuVVQxSnBTZTMyVTN4ckMzX2wxR093?oc=5,매일경제,,스마트팩토리,2026-09-19T15:38:10.090473+09:00,False,False,live
ART-00117,market,[스마트팩토리 보안-①] 2026년 제조업 겨냥 사이버공격 ‘경고등’…“생산 중단 현실로,2026-05-28,[스마트팩토리 보안-①] 2026년 제조업 겨냥 사이버공격 ‘경고등’…“생산 중단 현실로 테크월드,[스마트팩토리 보안-①] 2026년 제조업 겨냥 사이버공격 ‘경고등’…“생산 중단 현실로 테크월드,https://news.google.com/rss/articles/CBMiaEFVX3lxTE5tR2xlRkYydE5CVHZMMnZFVUFuQmJXeWZKOG5TNkhhQVFadFpIWFRnMVh6MUpOQTdQV0NvSmxmd0x5REFyTXVycEtiWUR4YmxZclBnT05uMURHN1NFQmZPaHJ5ekpTbGlU?oc=5,테크월드,,스마트팩토리,2026-09-19T15:38:10.090473+09:00,False,False,live
ART-00118,market,한성숙 중기부 장관 “식품 제조기업 중 스마트공장 16% 불과...제조데이터 구축에 집중지원”,2026-06-10,한성숙 중기부 장관 “식품 제조기업 중 스마트공장 16% 불과...제조데이터 구축에 집중지원” 매일경제,한성숙 중기부 장관 “식품 제조기업 중 스마트공장 16% 불과...제조데이터 구축에 집중지원” 매일경제,https://news.google.com/rss/articles/CBMiVEFVX3lxTE1VWWpnV3F6N1lLQWlGQzdyT3I1dHJCeHlFS2trVmZrcWc1czhYUThkcmZieG1neHR4aHhNUWJnZjRlSFBydzBtTHQzWk1ySUFnQ1BQWQ?oc=5,매일경제,,스마트팩토리,2026-09-19T15:38:10.090473+09:00,False,False,live
ART-00119,market,"원프레딕트 윤병동 대표, “스마트팩토리 다음은 ‘AI 네이티브 팩토리’”",2026-08-24,"원프레딕트 윤병동 대표, “스마트팩토리 다음은 ‘AI 네이티브 팩토리’” 인더스트리뉴스","원프레딕트 윤병동 대표, “스마트팩토리 다음은 ‘AI 네이티브 팩토리’” 인더스트리뉴스",https://news.google.com/rss/articles/CBMickFVX3lxTE9MOWY5eTRST0pZa0VZRXdWNk1DMFB6ZFFuWHo1Q1VWLXBvcXRLWnRlbXRlV21wZ1FWeHBsMWRScXNHRHh0T1BDUWRCeGlXTHhYZHBOTXBCQ1dzNDhvNVNUN1daTmxfN285NEx1X2J3LVlCQQ?oc=5,인더스트리뉴스,,스마트팩토리,2026-09-19T15:38:10.090473+09:00,False,False,live
ART-00120,market,등대공장에서 무인공장으로…2030 다크팩토리가 온다,2026-09-14,등대공장에서 무인공장으로…2030 다크팩토리가 온다 지디넷코리아,등대공장에서 무인공장으로…2030 다크팩토리가 온다 지디넷코리아,https://news.google.com/rss/articles/CBMiVkFVX3lxTFBWWHRoN2hxODlpMmpnNHN6RGd5anhncFB3SFFUTV8zSHh1WndnZGsyOTFzdlUxYUFaWkx2QS1pSHk2b3VfM2ZjZXdENFBnS29VLWQzbXVR?oc=5,지디넷코리아,,스마트팩토리,2026-09-19T15:38:10.090473+09:00,False,False,live
ART-00121,market,LG전자 '스마트팩토리' 제조 넘어 물류까지…'피지컬 AI' 승부수,2026-03-29,LG전자 '스마트팩토리' 제조 넘어 물류까지…'피지컬 AI' 승부수 전자신문,LG전자 '스마트팩토리' 제조 넘어 물류까지…'피지컬 AI' 승부수 전자신문,https://news.google.com/rss/articles/CBMiTkFVX3lxTE56UnA1VWxVWHlxMFdvWG5idlBTTWVIanBOYkFkWDJydzVJc3M0UWI5X0ZRZWRFODR4bFhwUEdKRmZxZUh0Y0pmWUVKMXplZw?oc=5,전자신문,,스마트팩토리,2026-09-19T15:38:10.090473+09:00,False,False,live
ART-00122,market,"[피지컬 AI와 자율제조①]IT와 OT, 같은 현장‧다른 언어",2026-07-02,"[피지컬 AI와 자율제조①]IT와 OT, 같은 현장‧다른 언어 디일렉","[피지컬 AI와 자율제조①]IT와 OT, 같은 현장‧다른 언어 디일렉",https://news.google.com/rss/articles/CBMiZkFVX3lxTE5yRmFNY0dkZTB5UnhtLUdPRWtXdVJRbkw4YldYcmx4a2hmZ01BUFpqb0YxQmVlNEFrUmRRX1ViSkFSbzIyTWlHOFZTVjl4MjdBaW1oeVpUczIxSHRMaFNkdVAtLVJTQQ?oc=5,디일렉,,스마트팩토리,2026-09-19T15:38:10.090473+09:00,False,False,live
ART-00123,market,"LG CNS, 제조 DNA 심은 ‘스마트 팩토리’로 美 상륙… 서방 소프트웨어 거인들과 진검승부",2026-05-18,"LG CNS, 제조 DNA 심은 ‘스마트 팩토리’로 美 상륙… 서방 소프트웨어 거인들과 진검승부 글로벌이코노믹","LG CNS, 제조 DNA 심은 ‘스마트 팩토리’로 美 상륙… 서방 소프트웨어 거인들과 진검승부 글로벌이코노믹",https://news.google.com/rss/articles/CBMiiAFBVV95cUxOMHZ6MmFaRnRoTDVuWWNHVEhjT0FZQ2xVTnpTX3RVZmpVZ2pnb01iTjItcGRLWE9jYlI5SGZobHRud0RSSjNGTDgyQUxpVjNsR0lSX05vQnZJWXY1b3RScWp0b3pVcC1jMFlCREZiZDRVdmxXREdzVGQ3NTQ2Nmk3aG1DWFpFWnBF?oc=5,글로벌이코노믹,,스마트팩토리,2026-09-19T15:38:10.090473+09:00,False,False,live
ART-00124,market,"알서포트 리모트뷰, ‘무인 매장부터 스마트 공장까지’… 추석 연휴 현장 지키는 ‘원격 제어’ 솔루션 주목",2026-09-18,"알서포트 리모트뷰, ‘무인 매장부터 스마트 공장까지’… 추석 연휴 현장 지키는 ‘원격 제어’ 솔루션 주목 뉴스와이어","알서포트 리모트뷰, ‘무인 매장부터 스마트 공장까지’… 추석 연휴 현장 지키는 ‘원격 제어’ 솔루션 주목 뉴스와이어",https://news.google.com/rss/articles/CBMiX0FVX3lxTE1fSFlGczhBUXFtR1paU3IzX1JiZ1djTXpWU1hrSldjeTNVM1hmUHZwdktTbGc0RFFTYXVoZXo4QWZ2cFFvSWJ4OXZpa3R2d3YxcG9yUGV0SXlQZUZOdGpj?oc=5,뉴스와이어,,스마트팩토리,2026-09-19T15:38:10.090473+09:00,False,False,live
ART-00125,market,"[스마트팩토리 보안-③] 국내 제조업 현장, ‘OT 전문가’가 없다…인력난·규제 공백 심화",2026-05-30,"[스마트팩토리 보안-③] 국내 제조업 현장, ‘OT 전문가’가 없다…인력난·규제 공백 심화 테크월드","[스마트팩토리 보안-③] 국내 제조업 현장, ‘OT 전문가’가 없다…인력난·규제 공백 심화 테크월드",https://news.google.com/rss/articles/CBMiaEFVX3lxTE9HSTZEYm5KRFFOTW5xbnl1WnlsVC1oN2pLb004SFBpdWdPNjVfdWMwNllhNzhQbWRHLWItS1QtMkFfekhGbHN2VVBfUVNtcEFZSjM1LUNUTlB5bl9LcTVVd0tkcFlCenVx?oc=5,테크월드,,스마트팩토리,2026-09-19T15:38:10.090473+09:00,False,False,live
ART-00126,market,"""불 꺼진 공장이 미래""…'스마트' 넘어 '다크팩토리'가 온다 [김의정의 에어-인사이트]",2026-07-24,"""불 꺼진 공장이 미래""…'스마트' 넘어 '다크팩토리'가 온다 [김의정의 에어-인사이트] 한경매거진&북","""불 꺼진 공장이 미래""…'스마트' 넘어 '다크팩토리'가 온다 [김의정의 에어-인사이트] 한경매거진&북",https://news.google.com/rss/articles/CBMia0FVX3lxTE9lcEYwaUF4RC0yT1JxbVZNQzhBbHg0ZWtObXJQZms3SFd0TVYtbm03bHI4UlBOZHd3aXc5U3o5dFRweGFla3d3c1pUbWpIWW8wUzk3MU9Nd1JMZDFqbExiZ0tVcTFQSjFZMzlJ?oc=5,한경매거진&북,,스마트팩토리,2026-09-19T15:38:10.090473+09:00,False,False,live
ART-00127,market,"[특집: AI 시대의 유망산업 Series No. 3] ""AI 로봇이 제조업을 다시 만든다""…제조업의 AI 혁명, 대한민국 산업지도를 바꾼다",2026-07-19,"[특집: AI 시대의 유망산업 Series No. 3] ""AI 로봇이 제조업을 다시 만든다""…제조업의 AI 혁명, 대한민국 산업지도를 바꾼다 코리아포스트 한글판","[특집: AI 시대의 유망산업 Series No. 3] ""AI 로봇이 제조업을 다시 만든다""…제조업의 AI 혁명, 대한민국 산업지도를 바꾼다 코리아포스트 한글판",https://news.google.com/rss/articles/CBMibkFVX3lxTFBKcWE1RVJmaHdnMHRSTXVXZEd1TWI0bVRXUEhsajYwVndLeHkyNG13VEZBM0dBZjcwNkF5a1BDdzdlSzdiTXVKelZadjV4QllqLVpvS2daVmRMSGNvaVllUkNwRXlXb0poMzFjUUt3?oc=5,코리아포스트 한글판,,스마트팩토리,2026-09-19T15:38:10.090473+09:00,False,False,live
ART-00128,market,스마트 팩토리 고도화 경쟁…UI·UX 플랫폼 중요성 커진다,2026-06-11,스마트 팩토리 고도화 경쟁…UI·UX 플랫폼 중요성 커진다 지디넷코리아,스마트 팩토리 고도화 경쟁…UI·UX 플랫폼 중요성 커진다 지디넷코리아,https://news.google.com/rss/articles/CBMiVkFVX3lxTFBIR2VzTHNsRkVDM1ZPWVlOblhySHJoUkVtMUl5Ymp3b3FaSmF3cDhxMHNmclQ0MWNRQ0JYTTJIcFJXdS03T2dsUXFJeHdEY2FYSUZaTmhn?oc=5,지디넷코리아,,스마트팩토리,2026-09-19T15:38:10.090473+09:00,False,False,live
ART-00129,market,"[칼럼] 스마트팩토리는 자동화가 아니라, AI를 위한 준비다",2026-05-27,"[칼럼] 스마트팩토리는 자동화가 아니라, AI를 위한 준비다 FA저널","[칼럼] 스마트팩토리는 자동화가 아니라, AI를 위한 준비다 FA저널",https://news.google.com/rss/articles/CBMia0FVX3lxTE5xcnpib0tEMTlMYWNTbXVQMlNDWHg0b1BZbEJtalNla3VBbENxTHRqTFZ6eE01VWY5VFUyU2xaaGFwdVRld3dCTUZlMnRxTmNmN0dUY3YtQllVZTNQaHNLWlQtVUZHel9jSlU4?oc=5,FA저널,,스마트팩토리,2026-09-19T15:38:10.090473+09:00,False,False,live
ART-00130,market,"토마토시스템, 공공·금융 넘어 제조업 디지털 전환 시장 공략 본격화 - 머니투데이",2026-06-18,"토마토시스템, 공공·금융 넘어 제조업 디지털 전환 시장 공략 본격화 - 머니투데이 mt.co.kr","토마토시스템, 공공·금융 넘어 제조업 디지털 전환 시장 공략 본격화 - 머니투데이 mt.co.kr",https://news.google.com/rss/articles/CBMiaEFVX3lxTE16bDkzN01xRzJ1bnppbnhwYXRqeG92Z1Y2bm1Tc1N3V2tCQ2pwTm00OXl5MUhLdWhaT3hoWWFwNjZPWGNIMGJZVENwdUlzWGZwTUZmcDduQWtvUVRtMmFXYllOQlloUW010gFuQVVfeXFMUEl2QWx4ZEcwX0lTM1Ryc1A2UlpORjJrTVFaWm1jV2JvWmJSbjFsaG40bFd2b2xVbTF1QUdRSzRXVWZaTk9kLU9UYlBNOU9BekZtSEthdzVLNURUU1Z2cEtWNjNjNVVOSVpoRldNZlE?oc=5,mt.co.kr,,스마트팩토리,2026-09-19T15:38:10.090473+09:00,False,False,live
ART-00131,market,[칼럼] 제조현장 안전혁신과 스마트공장의 역할,2026-06-21,[칼럼] 제조현장 안전혁신과 스마트공장의 역할 헬로티,[칼럼] 제조현장 안전혁신과 스마트공장의 역할 헬로티,https://news.google.com/rss/articles/CBMiX0FVX3lxTFBCZ0ljcXBUY3o1WTNfR0M3TzFEdXJrb2hmTWM2NkJ3ejRXYzRjU3BrS2p5anlMdnRENGNPeHFIVzJ4a0FWVGdYOGxhVVEwMEtpblpQU0xXTkd5VUp1SWpn?oc=5,헬로티,,스마트팩토리,2026-09-19T15:38:10.090473+09:00,False,False,live
ART-00132,market,"[이슈] 정부, AI팩토리 527억 쏜다…제조AX 본격화 속 ‘운영 병목’ 넘을까",2026-05-01,"[이슈] 정부, AI팩토리 527억 쏜다…제조AX 본격화 속 ‘운영 병목’ 넘을까 아웃소싱타임스","[이슈] 정부, AI팩토리 527억 쏜다…제조AX 본격화 속 ‘운영 병목’ 넘을까 아웃소싱타임스",https://news.google.com/rss/articles/CBMickFVX3lxTFBYaWxPV2Jmc2lCVENFVFhMT29KcGQzZkxvdGYyLUdHOWNrSGdUMkFKOHFuREdXWnhMS25sODR3c3hLRzd5VUJEa21jU0paWkhwOFFvZW84b2pjcVc3ZVN5UFkyTXlybkY3MmFZS2JPY1E1Zw?oc=5,아웃소싱타임스,,스마트팩토리,2026-09-19T15:38:10.090473+09:00,False,False,live
ART-00133,market,스마트팩토리 보안-⑤] 중기부가 바라본 스마트팩토리 보안 과제,2026-06-02,스마트팩토리 보안-⑤] 중기부가 바라본 스마트팩토리 보안 과제 테크월드,스마트팩토리 보안-⑤] 중기부가 바라본 스마트팩토리 보안 과제 테크월드,https://news.google.com/rss/articles/CBMiaEFVX3lxTE5HX0xXNVVtN0llRHd2T0otNGM4Z011Zl95ZTNSUXZaX2xMbWFHUTQzZ1F6aGNYNFJhdnczdFRuN3dOTUloU0xWUWFxOHJ6dHVwMExfTEVYeXZVS0MzNS02SDdLcUEzXzhQ?oc=5,테크월드,,스마트팩토리,2026-09-19T15:38:10.090473+09:00,False,False,live
ART-00134,market,"'베트남에 K스마트공장을'…중기부, 제조혁신 모델 지원한다",2026-04-04,"'베트남에 K스마트공장을'…중기부, 제조혁신 모델 지원한다 연합뉴스","'베트남에 K스마트공장을'…중기부, 제조혁신 모델 지원한다 연합뉴스",https://news.google.com/rss/articles/CBMiW0FVX3lxTE5wd2hmMDF1NUFLU0J4V2h1QmkzT2JES3F1VWdHN3JLaGU0bDFYTC1YdkpjOXdRWjlINFE4N1VaTTVCZEZHeWNPcXE5VnNNaDNtc0tOcUI5MG16blXSAWBBVV95cUxOcloyd2NuT1dvSndhbEN0LV93RUczTlppalRFeEZIbll5M3VNa3o4RHlVTjZkTGZfR19nTXlOYjQteFRxcnM4NG1wUzlRTy1MN3FnWmI3UVU1Z1ViNmE1bmk?oc=5,연합뉴스,,스마트팩토리,2026-09-19T15:38:10.090473+09:00,False,False,live
ART-00135,market,"[ME2026]태진시스템, 스마트 팩토리 통합 솔루션 통해 제조 데이터의 실시간 흐름 구조 구축",2026-06-24,"[ME2026]태진시스템, 스마트 팩토리 통합 솔루션 통해 제조 데이터의 실시간 흐름 구조 구축 산업일보","[ME2026]태진시스템, 스마트 팩토리 통합 솔루션 통해 제조 데이터의 실시간 흐름 구조 구축 산업일보",https://news.google.com/rss/articles/CBMiREFVX3lxTE9HY0tRTjVQQU1jQUFhWjlqcVNMZlBENTNWRVp3VDhlTDNkN0pBZVZBUTZRYmdSZXg2QWIxN204SkhmMHAt?oc=5,산업일보,,스마트팩토리,2026-09-19T15:38:10.090473+09:00,False,False,live
ART-00136,market,"[스마트팩토리 특집-③] 로크웰 오토메이션, AI 기반 스마트 제조 ‘실행의 시대’ 주도",2026-07-08,"[스마트팩토리 특집-③] 로크웰 오토메이션, AI 기반 스마트 제조 ‘실행의 시대’ 주도 테크월드","[스마트팩토리 특집-③] 로크웰 오토메이션, AI 기반 스마트 제조 ‘실행의 시대’ 주도 테크월드",https://news.google.com/rss/articles/CBMiaEFVX3lxTE1nWFg5RkFfWkhHSWd0NTBDZ1NOX1dxMmRxSjVET242UW03TmpEVzQ0RnV0LUVFWENIMTVhWXNuR09ucVVlT2JFbk10b2dkRUpJTXdJRjZfYmxLdVY3bnViTkVHV1BrV3Fk?oc=5,테크월드,,스마트팩토리,2026-09-19T15:38:10.090473+09:00,False,False,live
ART-00137,market,생산직 20% 줄고 기술직 15% 늘었다…스마트팩토리가 뒤흔든 중소제조업 인력 방정식,2026-09-10,생산직 20% 줄고 기술직 15% 늘었다…스마트팩토리가 뒤흔든 중소제조업 인력 방정식 얼리어답터뉴스,생산직 20% 줄고 기술직 15% 늘었다…스마트팩토리가 뒤흔든 중소제조업 인력 방정식 얼리어답터뉴스,https://news.google.com/rss/articles/CBMiSkFVX3lxTE1lUlNrMmo0Z0c5OFVRWnV3WHlxNk9aZkFZdzFyelh2b2g0TWlkNXM4Tm1aT3l3LWlUblpPUmsyQUhFMmE2ZEdvT3Bn?oc=5,얼리어답터뉴스,,스마트팩토리,2026-09-19T15:38:10.090473+09:00,False,False,live
ART-00138,market,[스페셜리포트] AI가 제어하는 공장 현실로… 2026년 자율제조 시대 개막,2026-01-20,[스페셜리포트] AI가 제어하는 공장 현실로… 2026년 자율제조 시대 개막 인더스트리뉴스,[스페셜리포트] AI가 제어하는 공장 현실로… 2026년 자율제조 시대 개막 인더스트리뉴스,https://news.google.com/rss/articles/CBMickFVX3lxTE1wSFJlVWJlejlaSVE4YnBDdVpSbXJ6Ym5YdFVBSkdOdWdzLVFRbzhXU1RMc1d1UkdwaEZBdERLSU1na2NiY3dpbG1aOEdIRmx0dnJPNTBRN2tTQzdoaHRJZUVvOE9uYnZJN0hMMjNCM3BFdw?oc=5,인더스트리뉴스,,스마트팩토리,2026-09-19T15:38:10.090473+09:00,False,False,live
ART-00139,market,"[유미's 픽] 인력난에 로봇 찾는 美 제조업…스마트공장 경쟁, '데이터 연결'서 갈린다",2026-07-27,"[유미's 픽] 인력난에 로봇 찾는 美 제조업…스마트공장 경쟁, '데이터 연결'서 갈린다 v.daum.net","[유미's 픽] 인력난에 로봇 찾는 美 제조업…스마트공장 경쟁, '데이터 연결'서 갈린다 v.daum.net",https://news.google.com/rss/articles/CBMiT0FVX3lxTE1CbzZ0ZVFmOEFGVThpM1A1WkNFZkVvRkR4UVNaYUZFVDZyZUE3YlZzd1pyT21KUUpBVDRONmNBeXBTeG9VYjFNM1VpeTdGSms?oc=5,v.daum.net,,스마트팩토리,2026-09-19T15:38:10.090473+09:00,False,False,live
ART-00140,market,"“LG전자, 스마트팩토리로 제조 혁신 가속”",2026-04-14,"“LG전자, 스마트팩토리로 제조 혁신 가속” 헤럴드경제","“LG전자, 스마트팩토리로 제조 혁신 가속” 헤럴드경제",https://news.google.com/rss/articles/CBMiVkFVX3lxTE5HTlF5NkdhUjRkblJtd2RYWnJDZ1F1cVhoZUdUVXNjb0xSSGxnTS1qVGdyVHRodDdHMnpmTEFPeDlzdUd2SjJVQ0hSd3gwWVkyV2IwQzdB?oc=5,헤럴드경제,,스마트팩토리,2026-09-19T15:38:10.090473+09:00,False,False,live
ART-00141,market,"[단독] LG전자, 스마트팩토리 '체급' 키웠다…2030년 조 단위 사업 '시동'",2026-07-26,"[단독] LG전자, 스마트팩토리 '체급' 키웠다…2030년 조 단위 사업 '시동' v.daum.net","[단독] LG전자, 스마트팩토리 '체급' 키웠다…2030년 조 단위 사업 '시동' v.daum.net",https://news.google.com/rss/articles/CBMiT0FVX3lxTE5IT0R2Vng2Mk9NY1Y4NzRTSVhqMXFHRzJFNV9FNlRfN3k2Y0RQM3pHVkRoU21Dckt0dF8tZ3J5eHkwWjdra0xmVTZIbWJXYVE?oc=5,v.daum.net,,스마트팩토리,2026-09-19T15:38:10.090473+09:00,False,False,live
ART-00142,market,"스마트제조혁신협회, AI+ 스마트팩토리쇼서 제조AX 컨퍼런스 성황리 개최",2026-06-14,"스마트제조혁신협회, AI+ 스마트팩토리쇼서 제조AX 컨퍼런스 성황리 개최 헬로티","스마트제조혁신협회, AI+ 스마트팩토리쇼서 제조AX 컨퍼런스 성황리 개최 헬로티",https://news.google.com/rss/articles/CBMiX0FVX3lxTE96ckZuTkJhRG5uNnZEV2FOVWdFRkROa2JvejdzakRxcDhkSXdxNmJqTDdLd0p5dUFUai0tU0dDUXZrUkZyaGxacGZzMWtFV212NWxqbjNnSjNkTEVFMURz?oc=5,헬로티,,스마트팩토리,2026-09-19T15:38:10.090473+09:00,False,False,live
ART-00143,market,"LS일렉트릭, 스마트팩토리 전시회서 미래형 제조 AX 솔루션 공개",2026-03-04,"LS일렉트릭, 스마트팩토리 전시회서 미래형 제조 AX 솔루션 공개 전기신문","LS일렉트릭, 스마트팩토리 전시회서 미래형 제조 AX 솔루션 공개 전기신문",https://news.google.com/rss/articles/CBMibEFVX3lxTE9HZUY1U3RLZTFEVEJ3eTZ5ODVJa0pZenJOOHFkX3ZrRVpxdXFyTzc4STVyM0VVV3VUVGI2YVVJZ3JscUNPWm10SUNnVkxtNDNaSnBFTkVIWFFBUjBQTDF0Vl84ZzR2X2hWdmRBetIBcEFVX3lxTE1ySFNvanM0N29uSFNOeHR2eEx4dm9fVzlSb1Jhd2VjYXdqbThwUHlodGg5NTRzSU4wNU44YmJsVzZVdW9kbHRRSTN6SlgwVjlsTk9lbzRpNnNsRkdUNEZQWV9KRkN1bDRPOVRUek5BLUo?oc=5,전기신문,,스마트팩토리,2026-09-19T15:38:10.090473+09:00,False,False,live
ART-00144,market,"스마트팩토리 전환의 핵심 주자… 현대무벡스, 대형 수주 모멘텀 폭발 기대",2026-07-27,"스마트팩토리 전환의 핵심 주자… 현대무벡스, 대형 수주 모멘텀 폭발 기대 pinpointnews.co.kr","스마트팩토리 전환의 핵심 주자… 현대무벡스, 대형 수주 모멘텀 폭발 기대 pinpointnews.co.kr",https://news.google.com/rss/articles/CBMic0FVX3lxTE9WX0FXak9EVkVKQjdHZ1lOU2FWcFp1VTVSNVdadFppWTlEOVYyX1lkYWtaSXVBQWE2VXNIV2pKRVQ5WUxPdWFnelRPSi0xZjFOdk9DRGdfX21yVzV1WFI5Q3hfQUc3ZzMySlA3MzMtVDAxdDjSAXdBVV95cUxPc2p5elEyRG1yUzI0RUpMclFxRUR2a2VSZEtJLTBJaXY3U1BvMkQybEhzcXFuZFpXQU44YVQ3UUstZHhBYzllOUt0RTFnTUpkb2ZoRkszYXNYZlh4WnRjUXZhX1o1SU9hYy1WbVN2OXZsRnZiZ3p6cw?oc=5,pinpointnews.co.kr,,스마트팩토리,2026-09-19T15:38:10.090473+09:00,False,False,live
ART-00145,market,"중기부, 스마트제조기술산업 첫 특수분류 제정…제조AI 전문기업 육성 기반 마련",2026-07-23,"중기부, 스마트제조기술산업 첫 특수분류 제정…제조AI 전문기업 육성 기반 마련 전자신문","중기부, 스마트제조기술산업 첫 특수분류 제정…제조AI 전문기업 육성 기반 마련 전자신문",https://news.google.com/rss/articles/CBMiTkFVX3lxTFBtWDNLVk1ZYlEyR1IyZ1dHZnlCTEdURE9OMzlxbUZ5VEtFNnVDUzFVTkdPTmtNWm5VUE9leU53bTdGRmpIQVh5OEZGS2F1UQ?oc=5,전자신문,,스마트팩토리,2026-09-19T15:38:10.090473+09:00,False,False,live
ART-00146,market,새로운 제조 패러다임 모색하는 中 스마트 팩토리,2026-02-12,새로운 제조 패러다임 모색하는 中 스마트 팩토리 인민망 한국어판,새로운 제조 패러다임 모색하는 中 스마트 팩토리 인민망 한국어판,https://news.google.com/rss/articles/CBMia0FVX3lxTE5ZdzdwVi1TSlJiRnVWbHF0Y1A0R1RzT2V4LVVIaGlNUi0yWFppWDZlb0ZtSEdpd1gtclQ3VW42NkxBUzZURTdGNFhzT29McVBjT2d0cUJwLTRlSFBMSXJEU0hoVGp2R3ZJNUpv?oc=5,인민망 한국어판,,스마트팩토리,2026-09-19T15:38:10.090473+09:00,False,False,live
ART-00147,market,제조 특화 AI 앞세운 한솔PNS…스마트팩토리 진화 이끈다 [2026 디지털성장기업대상],2026-06-18,제조 특화 AI 앞세운 한솔PNS…스마트팩토리 진화 이끈다 [2026 디지털성장기업대상] 뉴스1,제조 특화 AI 앞세운 한솔PNS…스마트팩토리 진화 이끈다 [2026 디지털성장기업대상] 뉴스1,https://news.google.com/rss/articles/CBMiXEFVX3lxTE1vbHVsLXE0Zi0wQ0NjQmt2cllDaWF3QjhWYXpjVEltZ21GVFVqb21iNzBPb0E2QzZyZFA3cnZRcTlIRllnWmIxVFVsbXFHUWZlbzRYbGxVbVFFNlhr0gFiQVVfeXFMTmxPWTdtUmV2OEx2RHBlakhrTWg4eTA1a2pMaU9xRjV5QzZWZW1vaXlGWDRwSUlwWlNsN0U4S1EwZmxlUVlZQThuUXZZX2RGM0lUcmdpbTh3MVRQTi13ZEFNRHc?oc=5,뉴스1,,스마트팩토리,2026-09-19T15:38:10.090473+09:00,False,False,live
ART-00148,market,"[로봇테크쇼2026] LG생산기술원, 캡티브 탈피 스마트팩토리 B2B 공략 가속",2026-06-11,"[로봇테크쇼2026] LG생산기술원, 캡티브 탈피 스마트팩토리 B2B 공략 가속 녹색경제신문","[로봇테크쇼2026] LG생산기술원, 캡티브 탈피 스마트팩토리 B2B 공략 가속 녹색경제신문",https://news.google.com/rss/articles/CBMiaEFVX3lxTFBXaldhd2J4X1RoMVhJRUQ4NjJITDZWZjNsd0s2MzRLNDQxd3N6bDJGbmRvZmxRSTVGcGFFQ3ZCLW5DcGdXaEFnMzFCU0o5UTh2NEZ1Rl9kVUtwRFM2VkdqSTEyM2N5Yjdw?oc=5,녹색경제신문,,스마트팩토리,2026-09-19T15:38:10.090473+09:00,False,False,live
ART-00149,market,"제품 바뀌어도 자율제조, 스마트팩토리에 최적화 - 머니투데이",2026-03-23,"제품 바뀌어도 자율제조, 스마트팩토리에 최적화 - 머니투데이 mt.co.kr","제품 바뀌어도 자율제조, 스마트팩토리에 최적화 - 머니투데이 mt.co.kr",https://news.google.com/rss/articles/CBMiakFVX3lxTFBwN0NmaW9KUUN3X3k0ejV3RTJuTnh6VDUzUUZxV2FueXQ1MFZJQTFtcy0zZWRUVTQyZkFHY09pNEt1ajRZUzh0LW44X0wwclpUcDRGTkNZMVozSmR4cTBvZTYxODJXTEQ5NUHSAW9BVV95cUxPUzlfUVBZcGF4d2tqOHZkMXlTTHltaVItV1JNYlktY1EyYmNFYzRKN0dIeGFaWkh3Y1d3N2F5dDFicUhkaE9uTFZhaG5NWlJ1anp2TDJNTXVXLXhscVljV3MzcHltUUNvUG1iYi1RWXc?oc=5,mt.co.kr,,스마트팩토리,2026-09-19T15:38:10.090473+09:00,False,False,live
ART-00150,market,[투데이 포커스] AI 두뇌 탑재한 '다크팩토리'...中 제조업 스마트화 속도전,2026-09-08,[투데이 포커스] AI 두뇌 탑재한 '다크팩토리'...中 제조업 스마트화 속도전 서울뉴스통신,[투데이 포커스] AI 두뇌 탑재한 '다크팩토리'...中 제조업 스마트화 속도전 서울뉴스통신,https://news.google.com/rss/articles/CBMia0FVX3lxTFAyZlBSaEstMm5GT1RUMWxCUmExckx6aV9UeUVGYldQYnJzYVdkSktHSU5ReUhwWS03ZWFBSGV1VlY2NFJ4TndfcDEzeWtObkhjOXlIYjFyTDJlZURkcnVkWnZSdzcwY0F5X3kw?oc=5,서울뉴스통신,,스마트팩토리,2026-09-19T15:38:10.090473+09:00,False,False,live
ART-00151,market,"AI가 바꾸는 발전소 제조···두산에너빌리티, 스마트팩토리로 생산성 혁신",2026-07-08,"AI가 바꾸는 발전소 제조···두산에너빌리티, 스마트팩토리로 생산성 혁신 스마트비즈","AI가 바꾸는 발전소 제조···두산에너빌리티, 스마트팩토리로 생산성 혁신 스마트비즈",https://news.google.com/rss/articles/CBMibEFVX3lxTFAyYjJSMDRMYTMxcHlwcjBLMjJIQnhfTXBTLTYzaFpzU3J4eEpaQWxaTThXYXBhcTNhYnJtTHZSNzdOSjZZTW55VUMzV0NYcGExbGY2czdiaEY2MUxvdlM5VTFlUk41aUlUTFlGYw?oc=5,스마트비즈,,스마트팩토리,2026-09-19T15:38:10.090473+09:00,False,False,live
ART-00152,market,"""삼성전자 제조라인 '4시간 무인 가동' 성공…24시간 완전자율공장 추진""",2026-07-09,"""삼성전자 제조라인 '4시간 무인 가동' 성공…24시간 완전자율공장 추진"" 뉴스1","""삼성전자 제조라인 '4시간 무인 가동' 성공…24시간 완전자율공장 추진"" 뉴스1",https://news.google.com/rss/articles/CBMiZEFVX3lxTE0yUmZzTGhPcXVVQW9SdlpTWW5kbkpqZm81eE5SdVFuSEVEX2pwUHR1OFNXTW1TM1MtZWR5VGVWQUxkd0dKWm1EVUtPdGxpS1BGMVlkQzk1U0RieGdpNV9nVG5sYTbSAWpBVV95cUxOS0p6ajlvZFZ6bDhZX0VuYXV5SEZEcGllM20ybExvOFlBYW1qeEo0WTBHT3ZPc0JNVWRLSFFzRnpIdHlqblVlbGt3N1BSS2pBU18yR0ZYYW5JVnQyelpvMGpHQjlFXzVZZnRB?oc=5,뉴스1,,스마트팩토리,2026-09-19T15:38:10.090473+09:00,False,False,live
ART-00153,market,"""세계 제약사들은 스마트공장 넘어 '등대공장'으로 간다""",2026-04-03,"""세계 제약사들은 스마트공장 넘어 '등대공장'으로 간다"" 히트뉴스","""세계 제약사들은 스마트공장 넘어 '등대공장'으로 간다"" 히트뉴스",https://news.google.com/rss/articles/CBMia0FVX3lxTE51TjZscF9rdFpjUDZrUUoyYTE1MEhFNXlxWDd5d2pqZ0dlQ2JwUGlqYmVQcnhkOW03bUZPQnBxUmMyTlpmallNYmlRTjMzZjBWYTktRnFwSWJJcmtDX1FNTzhxdks0TWJZd0E4?oc=5,히트뉴스,,스마트팩토리,2026-09-19T15:38:10.090473+09:00,False,False,live
ART-00154,market,"중기부, 국내 최초 스마트제조기술산업 특수분류 제정 - 머니투데이",2026-07-23,"중기부, 국내 최초 스마트제조기술산업 특수분류 제정 - 머니투데이 mt.co.kr","중기부, 국내 최초 스마트제조기술산업 특수분류 제정 - 머니투데이 mt.co.kr",https://news.google.com/rss/articles/CBMia0FVX3lxTE43cjlXb2JydU9SbTk1Q1dEZUdseUY1R0ttYkxFTFZtRjZldWxtMUxRMFFwNV8xRDY5ejFxRHNLMXpWVmE5Z3J3U3NZZUJIT0xVU04yVlN3LWljYU5zQk9jYUkzVm9nOFB5aElF0gFwQVVfeXFMT3pQR2dsNXczX2FlOVd4Yk1pd0ZvMHNuRXY2c3RBUWdFanh6NjdVcU9HSk5STmtDN2VFbjdxWXNfQjU2Yy1veUN2TFY0Ulk2ejBBMUc2MmZoX2VtNmFXdWFsNzNud0lIaE9FcmN0ZjJGVQ?oc=5,mt.co.kr,,스마트팩토리,2026-09-19T15:38:10.090473+09:00,False,False,live
ART-00155,market,[스마트팩토리 보안-②] 스마트팩토리 보안 핵심은 ‘전반 흐름’…IT부터 OT까지 구조 연결돼야,2026-05-29,[스마트팩토리 보안-②] 스마트팩토리 보안 핵심은 ‘전반 흐름’…IT부터 OT까지 구조 연결돼야 테크월드,[스마트팩토리 보안-②] 스마트팩토리 보안 핵심은 ‘전반 흐름’…IT부터 OT까지 구조 연결돼야 테크월드,https://news.google.com/rss/articles/CBMiaEFVX3lxTE1mci1PYXBjcDRWVkVvNEdZMDd3NVZSTXZ5ZE5uZHlXMU1zSDRiTlJnZk1Ud0liODhndmtZaEh2Zi00VjhqTWNHa1VHeWd0Z0wxckctUzV6UTdvWHViUXMzYWg2MTJqeExu?oc=5,테크월드,,스마트팩토리,2026-09-19T15:38:10.090473+09:00,False,False,live
ART-00156,market,"[인더스트리 솔루션 인사이트] AI 전환 2막, 산업은 ‘에이전트’로 재편된다",2026-06-22,"[인더스트리 솔루션 인사이트] AI 전환 2막, 산업은 ‘에이전트’로 재편된다 헬로티","[인더스트리 솔루션 인사이트] AI 전환 2막, 산업은 ‘에이전트’로 재편된다 헬로티",https://news.google.com/rss/articles/CBMiX0FVX3lxTE9IdXl4TzNvUndaS0NyaHdJRzhsWVhCRG1iSEFFdWtkOGFvLW56WVVNcHZzTC1UcjJENDMtNUxydmx0ZWVkZGhfVmRBNEtqYzA3TkowNFNsekpsb2EyMXFJ?oc=5,헬로티,,스마트팩토리,2026-09-19T15:38:10.090473+09:00,False,False,live
ART-00157,market,"캐드와 스마트팩토리의 결합, 제조 AI의 마지막 단추를 꿰다",2026-07-23,"캐드와 스마트팩토리의 결합, 제조 AI의 마지막 단추를 꿰다 데이터뉴스","캐드와 스마트팩토리의 결합, 제조 AI의 마지막 단추를 꿰다 데이터뉴스",https://news.google.com/rss/articles/CBMiZEFVX3lxTE5SLVprRUxpYmJkRjU4aU5fRmQtRXM0aTBpVlRmYU1zVFZVWF9CY29LaU9iSjkxN3ZhSHM5VGt3U3AxOE5OZUVpVFBLUGNDeXNYZFlOX0ZTTFhEN3RCS0w0VnJid1g?oc=5,데이터뉴스,,스마트팩토리,2026-09-19T15:38:10.090473+09:00,False,False,live
ART-00158,market,[스마트 산업강국 함께 하는 제조혁신 4.0]로봇 도입 스마트공장 전환…공정속도 높여 생산량 20배 '쑥',2026-07-07,[스마트 산업강국 함께 하는 제조혁신 4.0]로봇 도입 스마트공장 전환…공정속도 높여 생산량 20배 '쑥' 매일경제,[스마트 산업강국 함께 하는 제조혁신 4.0]로봇 도입 스마트공장 전환…공정속도 높여 생산량 20배 '쑥' 매일경제,https://news.google.com/rss/articles/CBMiVkFVX3lxTE9TX202NnNWdTRxTTlYYklrUU5zZENmY1VnSzdWMGZFYUlpRmlPSzNLNG5aRmRyZEI0NjlObVNqSGU0OXVPR2d5SjZyZVJvaHVVcjRaWGpR?oc=5,매일경제,,스마트팩토리,2026-09-19T15:38:10.090473+09:00,False,False,live
ART-00159,market,"스마트팩토리·공조·로봇 삼각편대...LG전자 ""제조 DNA 새 판 짠다""",2026-06-18,"스마트팩토리·공조·로봇 삼각편대...LG전자 ""제조 DNA 새 판 짠다"" 미디어펜","스마트팩토리·공조·로봇 삼각편대...LG전자 ""제조 DNA 새 판 짠다"" 미디어펜",https://news.google.com/rss/articles/CBMiVEFVX3lxTE5MYWpoMTNhQW1LUW5wSmQxeEFfU3hGaExibnVyZHlrdHFRVWVSMWdoR2dZT0NaaS1yaEltU3B2YTZIQ3JhYW14bERGbDBLMnRFSmtZONIBWEFVX3lxTE1Ra1pocGlzOWtYdXJOTTZJNHRmMksyamFGeUItY0s4QlZOaFNvMHB6cnM1UXBoTzR0NEJmQVprQk9ZS3ViQWMtSzRLclBTQVlpVE81d2VZbmo?oc=5,미디어펜,,스마트팩토리,2026-09-19T15:38:10.090473+09:00,False,False,live
ART-00160,market,"대한화장품협회, K-뷰티 제조혁신 위한 ‘스마트공장 구축사업’ 참여기업 모집",2026-02-10,"대한화장품협회, K-뷰티 제조혁신 위한 ‘스마트공장 구축사업’ 참여기업 모집 코스인코리아닷컴","대한화장품협회, K-뷰티 제조혁신 위한 ‘스마트공장 구축사업’ 참여기업 모집 코스인코리아닷컴",https://news.google.com/rss/articles/CBMiXkFVX3lxTFBxd2ZBVS1PX2ZwdUNreFRDSDFOSjB0WU0tcDZPSmVBRFVlQ2N5ZGpJTXBMRm5ObEJvUjF1RVFsQ1IwbThWNXBYZTdCMkF1TVlUYzlxV2NDZlZYeHJtT3c?oc=5,코스인코리아닷컴,,스마트팩토리,2026-09-19T15:38:10.090473+09:00,False,False,live
ART-00161,market,[헬로FA] 전문가에게 묻다 “제조 AX의 길은?”,2026-02-21,[헬로FA] 전문가에게 묻다 “제조 AX의 길은?” 헬로티,[헬로FA] 전문가에게 묻다 “제조 AX의 길은?” 헬로티,https://news.google.com/rss/articles/CBMiX0FVX3lxTFBQeC0waEd3S3hsMXlvanRFZzh3TVVwNE91SlN3YjJHc2ZackxMSkRhR2ViVXlubkdSckFBaTlpdUlpYmJnc29ac2VDV1ZLNWliMWlodnQ4Qkp5YUF4ZDFF?oc=5,헬로티,,스마트팩토리,2026-09-19T15:38:10.090473+09:00,False,False,live
ART-00162,market,스마트팩토리 표준 만들어 中企 도울것,2026-07-06,스마트팩토리 표준 만들어 中企 도울것 매일경제,스마트팩토리 표준 만들어 中企 도울것 매일경제,https://news.google.com/rss/articles/CBMiVkFVX3lxTFBZSGd1MkYtMVJNNFlqZ2JwWnhtUWFndEV0cHRRbUpDNEpidmlaMFhzdDVGZXVoTFYtSmlMY25wdTdlSndNX0MwNHpnRklySkFsS3JZNTJ3?oc=5,매일경제,,스마트팩토리,2026-09-19T15:38:10.090473+09:00,False,False,live
ART-00163,market,"[스마트팩토리 특집-④] PTC, 스마트팩토리 성공 열쇠 ‘디지털 스레드’ 제시",2026-07-08,"[스마트팩토리 특집-④] PTC, 스마트팩토리 성공 열쇠 ‘디지털 스레드’ 제시 테크월드","[스마트팩토리 특집-④] PTC, 스마트팩토리 성공 열쇠 ‘디지털 스레드’ 제시 테크월드",https://news.google.com/rss/articles/CBMiaEFVX3lxTE9VYVYxOE9yemJMNFBWUmVTVVF6REs4bHlKWnplSnRJNmVPOXg3WTBQcG92MEExSmZET1k3WUdTdHhiWURSQmY0a3lZV0dNeExGbV92cjd3RFk0enY5bWVTRTZtOVgtcmdH?oc=5,테크월드,,스마트팩토리,2026-09-19T15:38:10.090473+09:00,False,False,live
ART-00164,market,"애플 제조업 R&D 지원센터, 스마트 제조 포럼 개최",2026-09-02,"애플 제조업 R&D 지원센터, 스마트 제조 포럼 개최 한국일보","애플 제조업 R&D 지원센터, 스마트 제조 포럼 개최 한국일보",https://news.google.com/rss/articles/CBMibkFVX3lxTFBYVzV4XzJLYW9udFdNZzlpRXJwVGo3X1RPRzVHTnNWMndHSVRoMk9YWi1UYUFpNnhFYVNBaVd1UFlvYWlaX1V1ZEVWZERwcEtiVG05RzJWYlVqSWNoa0taY0IxUVZwYUxZcEZNcjFn0gFzQVVfeXFMTjFMUktFbnlIWUhJdmtTT0lLTXZZdTloTTlBZTIyelJ4ZVlYVHFHUkVWTnlSQjN6am54bHg2WlhuUkwyVmtKVFZmd2k0U1p2R2hXOE9wMF9UdDlwOHdsQW5TNWU3Z0hBQWR5dElHdU84MGFHUQ?oc=5,한국일보,,스마트팩토리,2026-09-19T15:38:10.090473+09:00,False,False,live
ART-00165,market,"""스마트공장 구축은 설비교체 넘어 사람을 바꾸는 일이죠""",2026-06-09,"""스마트공장 구축은 설비교체 넘어 사람을 바꾸는 일이죠"" 매일경제","""스마트공장 구축은 설비교체 넘어 사람을 바꾸는 일이죠"" 매일경제",https://news.google.com/rss/articles/CBMiVkFVX3lxTE56Ry13UXRBenluTGtEZk5Eb05mMEhRcXBWUTlmeDZfZm5GZWdUVGhXMnMzRG5kYklMdEN6LVV5eTRrVXpacklIdzM3cGdMUUlBZ09BNlpn?oc=5,매일경제,,스마트팩토리,2026-09-19T15:38:10.090473+09:00,False,False,live
ART-00166,market,"[단독] LG전자, 스마트팩토리 '체급' 키웠다…2030년 조 단위 사업 '시동'",2026-07-26,"[단독] LG전자, 스마트팩토리 '체급' 키웠다…2030년 조 단위 사업 '시동' 파이낸셜뉴스","[단독] LG전자, 스마트팩토리 '체급' 키웠다…2030년 조 단위 사업 '시동' 파이낸셜뉴스",https://news.google.com/rss/articles/CBMiWkFVX3lxTE9qRENwSFRoalBaZ28yR1VtaU0tVEU2b1lvS0ZPeXE5cEtjMGRabWtZMnBGaFRUSmw0Nl82T3EzeGtHM200ZUxiVHJsNlQzd0NnUG53aDZYWWstUQ?oc=5,파이낸셜뉴스,,스마트팩토리,2026-09-19T15:38:10.090473+09:00,False,False,live
ART-00167,market,"CMM, 스마트 팩토리 공정 제어하는 ‘실시간 심장’으로 진화",2026-03-16,"CMM, 스마트 팩토리 공정 제어하는 ‘실시간 심장’으로 진화 헬로티","CMM, 스마트 팩토리 공정 제어하는 ‘실시간 심장’으로 진화 헬로티",https://news.google.com/rss/articles/CBMiX0FVX3lxTE4xWndPWTVjS2d1UzB2Vml5RmltY05mR0xremJoMW1mUkIyMWZucTVLNHN5RlFWa2dsZ0cxRXNZalltczRrUWFobmM2dEVQZzNrbjlIek15NlhaT28zRzVj?oc=5,헬로티,,스마트팩토리,2026-09-19T15:38:10.090473+09:00,False,False,live
ART-00168,market,"[스페셜리포트] 스마트제조 리딩 기업들, AI로 ‘자율공장’ 시대 연다",2026-03-09,"[스페셜리포트] 스마트제조 리딩 기업들, AI로 ‘자율공장’ 시대 연다 인더스트리뉴스","[스페셜리포트] 스마트제조 리딩 기업들, AI로 ‘자율공장’ 시대 연다 인더스트리뉴스",https://news.google.com/rss/articles/CBMickFVX3lxTFBEb1dDYk9zck55T01WT1hjeTNTTFdlTW1DODM0WFFXZjhDcmdyWWxSc1hnbmNGamdPazFZem1DX2FnZDdNSHZ0SEJKbEo4QUwwR2NJNlFvX2MyUTV0MTBQYjRwUlEyNmRlODZkQmJSbVpCdw?oc=5,인더스트리뉴스,,스마트팩토리,2026-09-19T15:38:10.090473+09:00,False,False,live
ART-00169,market,중기부와 부산TP '제조AI특화 스마트공장 구축지원사업' 시동,2026-03-30,중기부와 부산TP '제조AI특화 스마트공장 구축지원사업' 시동 전자신문,중기부와 부산TP '제조AI특화 스마트공장 구축지원사업' 시동 전자신문,https://news.google.com/rss/articles/CBMiTkFVX3lxTE5fWDd0Z1ZCLUVWeG9vY1p5YkhiY3hLbU9NTUpQbWVDNGVNc1NNSU15VjUyMEJua25GSEtYelkzVkExWGw3alJIbVRSQ283dw?oc=5,전자신문,,스마트팩토리,2026-09-19T15:38:10.090473+09:00,False,False,live
ART-00170,market,"한경국립대, 미래 제조 산업 이끌 ‘스마트팩토리 실무 체험 과정’ 성료 > 뉴스",2026-06-09,"한경국립대, 미래 제조 산업 이끌 ‘스마트팩토리 실무 체험 과정’ 성료 > 뉴스 더코리아","한경국립대, 미래 제조 산업 이끌 ‘스마트팩토리 실무 체험 과정’ 성료 > 뉴스 더코리아",https://news.google.com/rss/articles/CBMicEFVX3lxTE9TckE3MnV5RF9IcC1hcjJkOHRQdndvMTYyd093TUJ5QUc3WFFBYmZ6UTVRRFBlN1RURDUteVVvWVRCeHBaYTFzU3h0bmEzTm5UaWdXQm1HRG9kbkY5blQ4OV9Vbm1VRWhaMkoxUUVxZDI?oc=5,더코리아,,스마트팩토리,2026-09-19T15:38:10.090473+09:00,False,False,live
ART-00171,market,"[AI의 JOB카툰] 스마트공장 기술자, 제조업의 미래를 설계하는 디지털 공정 전문가",2026-03-20,"[AI의 JOB카툰] 스마트공장 기술자, 제조업의 미래를 설계하는 디지털 공정 전문가 뉴스투데이","[AI의 JOB카툰] 스마트공장 기술자, 제조업의 미래를 설계하는 디지털 공정 전문가 뉴스투데이",https://news.google.com/rss/articles/CBMiXkFVX3lxTFBORXljNzFVemV2VzVaZGRkdE9UeEVHTUUyZE03N0lwUUJwQ2paMDRPTnhHRzhDOUpsNlBUdUJBWWRHb0p4MnlTdEJMM19mWWNaMGpVbHBtYzh0UG9oeVE?oc=5,뉴스투데이,,스마트팩토리,2026-09-19T15:38:10.090473+09:00,False,False,live
ART-00172,market,"한화시스템 ""스마트팩토리 본질은 생산성""…인력 확보도 박차",2026-07-16,"한화시스템 ""스마트팩토리 본질은 생산성""…인력 확보도 박차 edaily.co.kr","한화시스템 ""스마트팩토리 본질은 생산성""…인력 확보도 박차 edaily.co.kr",https://news.google.com/rss/articles/CBMigAFBVV95cUxQY1E4aEZxdk9PLXVhOTYxenhaZXZma0o5T2E5T3Y5V0tvcjg3NUF3aXRvZTh3d2JVUmtZWm54Rzd5cHJEdkdwZXhCVmxLeEFWNm5heDhYQjJ6RnBSaWlKV2hQUV9lcm9mOWxfMEg4R1dfUTQxTktFOEMwbHAwcGtOaw?oc=5,edaily.co.kr,,스마트팩토리,2026-09-19T15:38:10.090473+09:00,False,False,live
ART-00173,market,LS일렉 스마트팩토리·삼성 AX 교육...제조업 AI 경쟁 본격화,2026-05-29,LS일렉 스마트팩토리·삼성 AX 교육...제조업 AI 경쟁 본격화 v.daum.net,LS일렉 스마트팩토리·삼성 AX 교육...제조업 AI 경쟁 본격화 v.daum.net,https://news.google.com/rss/articles/CBMiT0FVX3lxTE03ZDlneEhkQi1DYTVRYXBKbUQyazlScjZuVDNJYkNoMEpGUDlMcEhOel9jNTVDUDJhLS1kLV9CTnJkdGYtNEgtekJqY2Qtdkk?oc=5,v.daum.net,,스마트팩토리,2026-09-19T15:38:10.090473+09:00,False,False,live
ART-00174,market,"ODVA 알 베이던 사장 방한…“한국, 자율 제조·스마트팩토리 전환의 핵심 거점”",2026-05-05,"ODVA 알 베이던 사장 방한…“한국, 자율 제조·스마트팩토리 전환의 핵심 거점” 산업일보","ODVA 알 베이던 사장 방한…“한국, 자율 제조·스마트팩토리 전환의 핵심 거점” 산업일보",https://news.google.com/rss/articles/CBMiREFVX3lxTFBtbllqX3AyekV4dmEyVUtvYkNKdnF5RkRVdlphblVVNklOX0VRRldXVWpuOGhKUDhMLWdrR1F3eWN0YTNK?oc=5,산업일보,,스마트팩토리,2026-09-19T15:38:10.090473+09:00,False,False,live
ART-00175,market,"[ME2026] 웰템, 제조 현장 ‘온도 관리’ 기술 공개… 스마트팩토리 시대 냉동공조 인프라 주목",2026-06-19,"[ME2026] 웰템, 제조 현장 ‘온도 관리’ 기술 공개… 스마트팩토리 시대 냉동공조 인프라 주목 산업일보","[ME2026] 웰템, 제조 현장 ‘온도 관리’ 기술 공개… 스마트팩토리 시대 냉동공조 인프라 주목 산업일보",https://news.google.com/rss/articles/CBMiREFVX3lxTFB5R3puUVdmR0QxN09TOG9QRGdYREoyLTltZ2NXWUR3cm1XdkFkRUxEeGJ4SGRucFVON1VtM1BfYS1rZzFG?oc=5,산업일보,,스마트팩토리,2026-09-19T15:38:10.090473+09:00,False,False,live
ART-00176,market,베트남에 한국형 제조혁신 ‘K-스마트’ 공장 진출,2026-04-06,베트남에 한국형 제조혁신 ‘K-스마트’ 공장 진출 경향신문,베트남에 한국형 제조혁신 ‘K-스마트’ 공장 진출 경향신문,https://news.google.com/rss/articles/CBMiWkFVX3lxTE0yWHB4a3Fac28zelBLYmhjTE9rejZVS1RKeDRYUUVTdDNfWDhHQUt0YldTUTB0ZjdtMUtNSWdPSVlaNWNzeDFzS0hfbUEtWlpSaEhEenRDSVk4UdIBX0FVX3lxTE5YS2R3am5XVnJpU0NHSTRrNU1hYjNmcWJ6RG9JQWFVLXR4MXdJU1lJcVpTMldSMDZRZW5aa3A5UWJsU2ZwTmF1bjVGSi1iLUpZU2xpcWZHeml2aTR3ampF?oc=5,경향신문,,스마트팩토리,2026-09-19T15:38:10.090473+09:00,False,False,live
ART-00177,market,"LG CNS, 북미 제조 AX 시장 공략 본격화…AI 스마트팩토리 ‘팩토바’ 전면에",2026-05-20,"LG CNS, 북미 제조 AX 시장 공략 본격화…AI 스마트팩토리 ‘팩토바’ 전면에 테크월드","LG CNS, 북미 제조 AX 시장 공략 본격화…AI 스마트팩토리 ‘팩토바’ 전면에 테크월드",https://news.google.com/rss/articles/CBMiaEFVX3lxTFBrWmRYcGZGTFVIbmtVUVJKdXVtcXBPa2RDZmVPNjhuOVc3RnNsU21GbkZnQzAyRk1tUmt3QUR4RUVpdGRhVEhIMDVKT3VLdlJLdXNtbmJUamxGd2M2bnExd29yVE04dFZ6?oc=5,테크월드,,스마트팩토리,2026-09-19T15:38:10.090473+09:00,False,False,live
ART-00178,market,LG CNS “중소·중견기업도 공장 지능화”...북미 스마트팩토리 시장 확대 나서,2026-05-26,LG CNS “중소·중견기업도 공장 지능화”...북미 스마트팩토리 시장 확대 나서 테크데일리,LG CNS “중소·중견기업도 공장 지능화”...북미 스마트팩토리 시장 확대 나서 테크데일리,https://news.google.com/rss/articles/CBMibkFVX3lxTE5hSFVFNWdRY3JSVUdQaXFZdFBVRzVxY3ozWEF2TzNGT19rbDF1dUlrU0ZoX2h0eWhVVmdiZjR5TDhwaWo2d1o5Mm1qYzdRMGtrSWRBTF84a3RWMHBhSWxLUGhxVlMzRkhJYWJ1dGx30gFyQVVfeXFMT1pHbGVsdXdYNnE1cW1iWnF6dEdQLW1NOFIxbm5xVlFrSk5KWVhSWnBGV3pkY1cwbHM3TU5SVXVwN1MwLVExRmNCZFBQZzF6ek1LaDRDNFZvdlFULUpCZUVKMTB6ekhGdEJrNGMyU1BvWFdB?oc=5,테크데일리,,스마트팩토리,2026-09-19T15:38:10.090473+09:00,False,False,live
ART-00179,market,"[피지컬 AI와 OT 네트워크①]무인 자율제조 시대, OT 네트워크는 준비됐는가",2026-05-19,"[피지컬 AI와 OT 네트워크①]무인 자율제조 시대, OT 네트워크는 준비됐는가 디일렉","[피지컬 AI와 OT 네트워크①]무인 자율제조 시대, OT 네트워크는 준비됐는가 디일렉",https://news.google.com/rss/articles/CBMiZkFVX3lxTE1wQW9yclFqMHlhLXVqazdWTjU0UXFoSGRCSXhRb3FIWVREZDRrRTI5QW9uVVFMVGd6WWJNdDBHb2VqV05sVlRDUUFtTkpNSVpZSHBycF9yV1JYYWlDMG5LV295RkxMdw?oc=5,디일렉,,스마트팩토리,2026-09-19T15:38:10.090473+09:00,False,False,live
ART-00180,market,"순천향대 스마트제조공학과, AI 기반 스마트팩토리 세미나 개최",2026-06-02,"순천향대 스마트제조공학과, AI 기반 스마트팩토리 세미나 개최 테크월드","순천향대 스마트제조공학과, AI 기반 스마트팩토리 세미나 개최 테크월드",https://news.google.com/rss/articles/CBMiaEFVX3lxTE1OUXlySFFHOVNjVExHdnV2dEkyTHNFdFJiSXlLWUppS0pvNzhUVnBwX3YwaEk0NHpvbHRFZWZKckUyNG1SUldCV2lYYTRwX0pEdFJKMGtOTU5IZ010QUJVTWN3TE1GYnYz?oc=5,테크월드,,스마트팩토리,2026-09-19T15:38:10.090473+09:00,False,False,live
ART-00181,market,"제조 AI 도입률 0.1% 시대, 스마트팩토리 데이터 품질 해법은?",2026-06-26,"제조 AI 도입률 0.1% 시대, 스마트팩토리 데이터 품질 해법은? 한국데이터경제신문","제조 AI 도입률 0.1% 시대, 스마트팩토리 데이터 품질 해법은? 한국데이터경제신문",https://news.google.com/rss/articles/CBMicEFVX3lxTE1ZYVQwZmJDZndhbm5nVFdReFI4LUxjS081Mk41amxvYXFKUi04NXJRc1RoZEZMNnlfMUhCSl95bnd1VnpXVnNKc3V3WWY3SENVWGVxdTZBeF83Q3NnMkZrUnhreGoyVHdQZ0dyTm9iT3fSAXRBVV95cUxPYXNMaS1vbzcybUJJdm55U0EwdXNLanlJZWd3aGZ0aXNjcU1ZZHZWRzhzZHpSUGViZGNxZ25HT25SZmJWMWNYRUFOYXh3ZUlzODFSel9JYkN0clhCVVN0M3V4eFJsOGR6aUFfeGpLXzRpb056cg?oc=5,한국데이터경제신문,,스마트팩토리,2026-09-19T15:38:10.090473+09:00,False,False,live
ART-00182,market,2030년까지 중소 제조기업에 AI 스마트공장 1만2000개 구축,2025-10-24,2030년까지 중소 제조기업에 AI 스마트공장 1만2000개 구축 조선일보,2030년까지 중소 제조기업에 AI 스마트공장 1만2000개 구축 조선일보,https://news.google.com/rss/articles/CBMijwFBVV95cUxNLWhJVFJTdFBBSmQwR1BBbUQ3R1Y3NENQRDRwR0lPS2NjZVpVTzdBM19zaS1UU2luUUFBSGx2MWZNNkowZHBJa3NtbDMwME96TWVJcHhYZmxRYjgtVE5neUpMZGNTTDVYckVaTkt6MXFmcVV5d1lBNWlZQlVaYlhtbmlHMXFRUmJJU0VfaHpOUQ?oc=5,조선일보,,스마트팩토리,2026-09-19T15:38:10.090473+09:00,False,False,live
ART-00183,market,[AW 2026 리뷰] 8만 명이 목격한 ‘제조 AX’의 다음 챕터...“설비 개선 아닌 '운영 혁신'으로”,2026-03-10,[AW 2026 리뷰] 8만 명이 목격한 ‘제조 AX’의 다음 챕터...“설비 개선 아닌 '운영 혁신'으로” 헬로티,[AW 2026 리뷰] 8만 명이 목격한 ‘제조 AX’의 다음 챕터...“설비 개선 아닌 '운영 혁신'으로” 헬로티,https://news.google.com/rss/articles/CBMiX0FVX3lxTE5XSVluc3R1eDA5YndtTUw3bzRoS3BPdmlUdmg1VGVwY2d2al9RRFRjSEtnejNsVml1RzF2X2JMLTZIVjE0N2owSF9Ra1JBOGFLR3RIbTMtMEd3bWVNRW5v?oc=5,헬로티,,스마트팩토리,2026-09-19T15:38:10.090473+09:00,False,False,live
ART-00184,market,"""중국 전통 제조업까지 인공지능 기반 자동화 바람 거세""",2026-07-01,"""중국 전통 제조업까지 인공지능 기반 자동화 바람 거세"" 로봇신문","""중국 전통 제조업까지 인공지능 기반 자동화 바람 거세"" 로봇신문",https://news.google.com/rss/articles/CBMibEFVX3lxTE5qaE9jVVpvdEg4VDNKMHNUQTZqRVBsV3VOSklxSkRmQzBPYWlSTlQwaFp2R2NvMzJ1WnY0NE1NVHZNZ0wyLXJFWi1TN2RCdVZlVnNXTWZJMlIyNzRlN2JKcWRqQTdadFdCYWkyUA?oc=5,로봇신문,,스마트팩토리,2026-09-19T15:38:10.090473+09:00,False,False,live
ART-00185,market,"중기부, ‘스마트제조 전문인력 육성사업’ 신설… 전문인력 600여명 육성 후 인턴지원",2026-05-19,"중기부, ‘스마트제조 전문인력 육성사업’ 신설… 전문인력 600여명 육성 후 인턴지원 FA저널","중기부, ‘스마트제조 전문인력 육성사업’ 신설… 전문인력 600여명 육성 후 인턴지원 FA저널",https://news.google.com/rss/articles/CBMia0FVX3lxTE10Yl9IVnlQNnJ2dF96a2NGb3AtOVFQQ0dpaFlpaVpZVkE5dkRhSGlYRlRXTXdzaDVnZTdnY0FEdkJCMFBtajU5ZUdTWWxQTW82cHhXYnN0dGROQ25aVUo2bEthelg5T2I0bHlz?oc=5,FA저널,,스마트팩토리,2026-09-19T15:38:10.090473+09:00,False,False,live
ART-00186,market,[스마트팩토리 보안-④] 글로벌 및 국내 업계가 바라보는 스마트팩토리 보안,2026-06-01,[스마트팩토리 보안-④] 글로벌 및 국내 업계가 바라보는 스마트팩토리 보안 테크월드,[스마트팩토리 보안-④] 글로벌 및 국내 업계가 바라보는 스마트팩토리 보안 테크월드,https://news.google.com/rss/articles/CBMiaEFVX3lxTE10OEYzY1Z0QzdaUWVxVUdKaTJsVnhiNC1sdG1kWW0yeVUyOTJWWlUzeTlkdE5IZ1VQbko0VUVialJTamJIZmt4WDVNT25zcVFRTmZHZU94RWxkNHBzSlZWa1NuS3dPNWQt?oc=5,테크월드,,스마트팩토리,2026-09-19T15:38:10.090473+09:00,False,False,live
ART-00187,market,[경제+] 'AI·디지털'입고 경쟁력 강화한 中 제조업...스마트 공장 4만 개 돌파,2026-07-20,[경제+] 'AI·디지털'입고 경쟁력 강화한 中 제조업...스마트 공장 4만 개 돌파 서울뉴스통신,[경제+] 'AI·디지털'입고 경쟁력 강화한 中 제조업...스마트 공장 4만 개 돌파 서울뉴스통신,https://news.google.com/rss/articles/CBMia0FVX3lxTFBLaHc5aUlGZnRqUEo2MThlRkc1aHpCUGF4TmtNNnMzenh2TGJ3SzBWT05keXdMdURQWXoyUTJIQWJSa29MMU44d3RDaXdsVVlLV0ZTTkR3LTdSZjZIa3ZLLWtuVWlKWHlDZEI4?oc=5,서울뉴스통신,,스마트팩토리,2026-09-19T15:38:10.090473+09:00,False,False,live
ART-00188,market,북미 제조 AX 시장 공략 나선 LG CNS…스마트팩토리 솔루션 공개 - 조선비즈,2026-05-20,북미 제조 AX 시장 공략 나선 LG CNS…스마트팩토리 솔루션 공개 - 조선비즈 Chosunbiz,북미 제조 AX 시장 공략 나선 LG CNS…스마트팩토리 솔루션 공개 - 조선비즈 Chosunbiz,https://news.google.com/rss/articles/CBMiggFBVV95cUxQWFEzMEZIa0xWajdmdnFQdUdPWFRVMExVSHdaOTFxZE1BSnZ2SzFvdkdtYUhoSmFrSTI1VHU0RDVleG03NzhQX01UR0IzdS1BMGRMMDRUQ1hPSUowV2s0WXkwWHNXN0RNTTZ0TnFrWmk1dFd1WndjMU1FY09RNTk4NXRn0gGWAUFVX3lxTE5DeDBPSWJqVTZfSDdwbmlNR21yemJfamlGU21meW94QUdKZ1lTcmF4SHZaX1psUGd1amEwajJIdG9LU0pZeWQyd20xQ1hQWlFXNmtJM09SZFpNeFllM2ZJbDV5LUNBaXNzbzRQOVBNVDJqVE53NlR1RkR6R09GME9zajg1VUxIbm9BbnpXbzdhdmxKTG91dw?oc=5,Chosunbiz,,스마트팩토리,2026-09-19T15:38:10.090473+09:00,False,False,live
ART-00189,market,[투데이 포커스] AI 두뇌 탑재한 '다크팩토리'...中 제조업 스마트화 속도전,2026-09-08,[투데이 포커스] AI 두뇌 탑재한 '다크팩토리'...中 제조업 스마트화 속도전 내외뉴스통신,[투데이 포커스] AI 두뇌 탑재한 '다크팩토리'...中 제조업 스마트화 속도전 내외뉴스통신,https://news.google.com/rss/articles/CBMibEFVX3lxTE0tS05kdllNYmpCa1NLdDFCYXFGdVQ4YmJ5bnB4cTdoVlpOQTVvWXJ2bnBhTFNNQVFvalo1UXJWYk9PaXBfaTVEZy00N0p0RmxkMjlseDVJbGZWZnkzc0Z5TWxGY2NLQW1FMWY1N9IBcEFVX3lxTE1ERml5TjRQenFqWjRsSlJBUDdQcklnUVBhcVY4QjI1SEdLZ1QtQXFGc2ZpbXVCSDhYUzFoTnp1ay1zaWV6LXIwcTM0cG85WlNQQnhyQkxXY3lSZV9Ldl9zUXVsa0xUaGtOalpLOER4Z1Y?oc=5,내외뉴스통신,,스마트팩토리,2026-09-19T15:38:10.090473+09:00,False,False,live
ART-00190,market,"터크코리아·한국SMC, 스마트팩토리 공략 맞손…디지털 아키텍처 협력 본격화",2026-07-25,"터크코리아·한국SMC, 스마트팩토리 공략 맞손…디지털 아키텍처 협력 본격화 헬로티","터크코리아·한국SMC, 스마트팩토리 공략 맞손…디지털 아키텍처 협력 본격화 헬로티",https://news.google.com/rss/articles/CBMiX0FVX3lxTE9VN0FwTXBQRjA1eElmVEhtUk9pM2h3RzRHZUNQckEtNEJMb1hHNkFwY1p0ai16V3pfel9ZenZXeDFuTHZzRklmQjVEbVZlV2plN0JfRDhtNi0tc3BVNm9Z?oc=5,헬로티,,스마트팩토리,2026-09-19T15:38:10.090473+09:00,False,False,live
ART-00191,market,[3대 메가] AI로 제조업 대전환…20조 투자해 100조 경제 만든다,2026-06-29,[3대 메가] AI로 제조업 대전환…20조 투자해 100조 경제 만든다 연합뉴스,[3대 메가] AI로 제조업 대전환…20조 투자해 100조 경제 만든다 연합뉴스,https://news.google.com/rss/articles/CBMiW0FVX3lxTE9SNXMzWnRpV19BZ2JMTlVRYkkydTJ4UmhVcm04NklHVVJqTWxIdUFsdllKNXl2OUViMHFiQVo2a2pNbGFmY0VRM3JHbndzN21ZR2xoRDdKR0M4cVnSAWBBVV95cUxPbG5reURhLXVrNkROV1FRRDhmamtlSDhLR1JmWkdIdjJSR1IxMGdyZ05LeEt4WEZFMGNydDhMZTV1dnc2TjM1Ulc3VEtkdEdKbjFDRWZxb1l3MVF6dzV2aWg?oc=5,연합뉴스,,스마트팩토리,2026-09-19T15:38:10.090473+09:00,False,False,live
ART-00192,market,[글로벌 산업 트렌드] AI가 끌어올린 반도체·스마트팩토리·피지컬 AI의 ‘동시 호황’,2026-05-06,[글로벌 산업 트렌드] AI가 끌어올린 반도체·스마트팩토리·피지컬 AI의 ‘동시 호황’ 산업종합저널,[글로벌 산업 트렌드] AI가 끌어올린 반도체·스마트팩토리·피지컬 AI의 ‘동시 호황’ 산업종합저널,https://news.google.com/rss/articles/CBMiU0FVX3lxTE9aVE5GaEpuV2RPT1dVWDFYZE5FZFJOTHhISzFsQ1N3SkJKcnREZV9BYzhRM1BlNTJqdHNkMVVSMW5TNDhsTnNsbkJMcnZHZ2VjcXhn?oc=5,산업종합저널,,스마트팩토리,2026-09-19T15:38:10.090473+09:00,False,False,live
ART-00193,market,"LS그룹, AI 도입으로 업무·제조 전환 가속…스마트팩토리 성과 확산",2026-04-07,"LS그룹, AI 도입으로 업무·제조 전환 가속…스마트팩토리 성과 확산 뉴스투데이","LS그룹, AI 도입으로 업무·제조 전환 가속…스마트팩토리 성과 확산 뉴스투데이",https://news.google.com/rss/articles/CBMiXkFVX3lxTFBnZGR5a2c4endzNTJSX0FxUkVLYnpqV2hoZm1Ta2JTdU5kYWxoZkFPRFJ0a0FNUjVyclFjOGxNOXFJdFdrN2swSnVvOXNIdHVEZGRJSFJySUZ6YkdFZnc?oc=5,뉴스투데이,,스마트팩토리,2026-09-19T15:38:10.090473+09:00,False,False,live
ART-00194,market,「K-제조업의 DX 성적표」 스마트 팩토리 4만 개 돌파에도 75.5%는 '기초 수준'... AI 도입률 1.7%의 불편한 진실,2026-03-30,「K-제조업의 DX 성적표」 스마트 팩토리 4만 개 돌파에도 75.5%는 '기초 수준'... AI 도입률 1.7%의 불편한 진실 한국데이터경제신문,「K-제조업의 DX 성적표」 스마트 팩토리 4만 개 돌파에도 75.5%는 '기초 수준'... AI 도입률 1.7%의 불편한 진실 한국데이터경제신문,https://news.google.com/rss/articles/CBMicEFVX3lxTFB6UXlBb0VJb2hIWUcybDJ0TGRZRGZOdmcwYVJZSWoydmtKNmgtc20zN2x1YW51Q1Zvak9YbE03Ui1JVldqbHhZWDRzME9uem4zbmxXbTljUmVNWm9RckVzZHZiMVRQY3gzYzE5cGJnLVLSAXRBVV95cUxOU0JnSUd6MnNxamhqYzhBNVE1UlQxa3BNVDl0VFdPdGxSSVl0VVpzNENsRUpoN3NZWFFDRmQwSFN5aXJoNW9iVlFsTFVFNmxjY2doeV81ZWtvQ2VESEVxT0VkS29yaVZfUGFXTkdaUTdLOEIzeg?oc=5,한국데이터경제신문,,스마트팩토리,2026-09-19T15:38:10.090473+09:00,False,False,live
ART-00195,market,"발루프, IO-Link 중심 스마트팩토리 솔루션으로 한국 제조업 고도화 주도",2026-02-27,"발루프, IO-Link 중심 스마트팩토리 솔루션으로 한국 제조업 고도화 주도 인더스트리뉴스","발루프, IO-Link 중심 스마트팩토리 솔루션으로 한국 제조업 고도화 주도 인더스트리뉴스",https://news.google.com/rss/articles/CBMickFVX3lxTE5UQldLNFlVSmYyOWN0RGFjTm9tSy1MaHhFU2tsenl6OF9XMUh6M0pFNDNkTEx4cnBqZFFscHl5RE41c1c1Y2Z4THgyOUNtemJrbERZZzJIOXktd29VZEpkdmlJV0FLeGJKY2xXTGItZTExdw?oc=5,인더스트리뉴스,,스마트팩토리,2026-09-19T15:38:10.090473+09:00,False,False,live
ART-00196,market,"스마트 팩토리의 게임체인저, 휴머노이드 로봇의 부상",2026-02-14,"스마트 팩토리의 게임체인저, 휴머노이드 로봇의 부상 헬로티","스마트 팩토리의 게임체인저, 휴머노이드 로봇의 부상 헬로티",https://news.google.com/rss/articles/CBMiX0FVX3lxTE0wUzBJcGNhVE13SHdSbHQtY3VoNzBpV1l6QkJMY1FmMWhXUTAydmVQcmlWcjBnOHhIazRYdzNwbXFpbGpSNXVfMGhYWm5PVjAtVUVVM2R3WUVoWW1JTHhN?oc=5,헬로티,,스마트팩토리,2026-09-19T15:38:10.090473+09:00,False,False,live
ART-00197,market,한성숙 중기부 장관 “식품 제조기업 중 스마트공장 16% 불과...제조데이터 구축에 집중지원”,2026-06-10,한성숙 중기부 장관 “식품 제조기업 중 스마트공장 16% 불과...제조데이터 구축에 집중지원” 매일경제 마켓,한성숙 중기부 장관 “식품 제조기업 중 스마트공장 16% 불과...제조데이터 구축에 집중지원” 매일경제 마켓,https://news.google.com/rss/articles/CBMiUkFVX3lxTFBCX1EtUGdtbkpvVWhCeE5hRmM4TzZLRjF6czY1LXF1SWtfbDVDc182WlRNNkpxNTVUVUlYbUxVUEhWVmxtb3l6TE1rY2FRZXZPR1E?oc=5,매일경제 마켓,,스마트팩토리,2026-09-19T15:38:10.090473+09:00,False,False,live
ART-00198,market,"AI가 바꾼 제조업 … ""배터리 양극재 검사 12시간서 실시간으로""",2026-09-17,"AI가 바꾼 제조업 … ""배터리 양극재 검사 12시간서 실시간으로"" 매일경제 마켓","AI가 바꾼 제조업 … ""배터리 양극재 검사 12시간서 실시간으로"" 매일경제 마켓",https://news.google.com/rss/articles/CBMiUkFVX3lxTFBLZ0JWclNwbm9VSGUxREY0ZnhMcE9GNWV6aFZhOUNCR0dxcnc1aHEyVkVlYXdqVnE2YTZUNk9kU3QtNUZheXZIWFBpUTZzSVNkNXc?oc=5,매일경제 마켓,,품질검사,2026-09-19T15:38:10.090473+09:00,False,False,live
ART-00199,market,"“로봇 조립 공정과 품질 검사 연계” 클레로보틱스, 올 로보월드 어워드서 상용성 ‘인정’",2026-09-14,"“로봇 조립 공정과 품질 검사 연계” 클레로보틱스, 올 로보월드 어워드서 상용성 ‘인정’ 헬로티","“로봇 조립 공정과 품질 검사 연계” 클레로보틱스, 올 로보월드 어워드서 상용성 ‘인정’ 헬로티",https://news.google.com/rss/articles/CBMiX0FVX3lxTE5GREpPYVlSRExWczZ5NXZkNGYyQzVhNGhFN1Nkc3hvM0hJaU1xTm9kQTBWbHVpQS1jZ0xCMXNEYm16eUpYanpEMFotRjhOYURIR1hHSDdsc1puTlNFcFBJ?oc=5,헬로티,,품질검사,2026-09-19T15:38:10.090473+09:00,False,False,live
ART-00200,market,"J제약, 품질검사 미실시·제조기록 거짓작성 적발…제조업무정지 처분",2026-05-09,"J제약, 품질검사 미실시·제조기록 거짓작성 적발…제조업무정지 처분 약사공론","J제약, 품질검사 미실시·제조기록 거짓작성 적발…제조업무정지 처분 약사공론",https://news.google.com/rss/articles/CBMibEFVX3lxTE10T1ZJQ2liaVhCNGdNd2dLYWdqUlpfY3NkUU1seGVsWmxHbXp0bVJEbUhmc0Rsd180ZHB0YU9oeW1ZanlpRDZJYmxTZkU2UmZVOHY0UDhCZTNUMFVDWjZtNWFRQ0J2QzRKNGl5Mw?oc=5,약사공론,,품질검사,2026-09-19T15:38:10.090473+09:00,False,False,live
ART-00201,market,18화 3부. 제조업 비전 AI는 품질검사에 어떻게 쓰일까?,2026-09-01,18화 3부. 제조업 비전 AI는 품질검사에 어떻게 쓰일까? 브런치,18화 3부. 제조업 비전 AI는 품질검사에 어떻게 쓰일까? 브런치,https://news.google.com/rss/articles/CBMiUkFVX3lxTE5RZWUtM3lUVlowLVhHOW5yZWl2WUZWQUNVSFlZZE51U2pDZVdkdzBEbnNGSUU3V1hWU1ZhcXNQSlI5aTA5WkxHMUtmaVBDNkhPbnc?oc=5,브런치,,품질검사,2026-09-19T15:38:10.090473+09:00,False,False,live
ART-00202,market,"식품제조가공업체에서 품목제조보고 한 제품, 테스트용 제조 시에도 자가품질검사 해야 하나?",2026-01-06,"식품제조가공업체에서 품목제조보고 한 제품, 테스트용 제조 시에도 자가품질검사 해야 하나? 식품저널 foodnews","식품제조가공업체에서 품목제조보고 한 제품, 테스트용 제조 시에도 자가품질검사 해야 하나? 식품저널 foodnews",https://news.google.com/rss/articles/CBMibkFVX3lxTE5Rc25nUzM0NW9jbjlUNnR4algweFA0UGZPNXA2R3BGaFBlQ1RSazNxZmE1aXQ4dXlDRVZ2akVCMTBsX0NTWC1qYWxadUtpYUZmQjB6S3MtVjJkTk1EWnRvelZqTEE2dTBoQkptRklB?oc=5,식품저널 foodnews,,품질검사,2026-09-19T15:38:10.090473+09:00,False,False,live
ART-00203,market,제조업 AI 대전환으로 생산성 30%↑ 불량률 15%↓,2026-08-04,제조업 AI 대전환으로 생산성 30%↑ 불량률 15%↓ 대한민국 정책브리핑,제조업 AI 대전환으로 생산성 30%↑ 불량률 15%↓ 대한민국 정책브리핑,https://news.google.com/rss/articles/CBMibEFVX3lxTE9ER0R3YzB0bERMMy1vRDNnbHg3ME52bUhaaHlRclM3S3BRODM2aE00Mm0xLV8zYXlvbVhMS19UektNcDZTNzFoTzhYRkdWSGgxSUhGR2xKZ3hybTZxWmdtMG45Y21QTGdrQzJZUw?oc=5,대한민국 정책브리핑,,품질검사,2026-09-19T15:38:10.090473+09:00,False,False,live
ART-00204,market,"제조·품질관리부터 임상시험까지…식약처, 제약사 행정처분 잇따라",2026-06-12,"제조·품질관리부터 임상시험까지…식약처, 제약사 행정처분 잇따라 뉴스더보이스헬스케어","제조·품질관리부터 임상시험까지…식약처, 제약사 행정처분 잇따라 뉴스더보이스헬스케어",https://news.google.com/rss/articles/CBMib0FVX3lxTE5QcTVMTWhWZktRRFNnemI4eEl1YkxydDB0elBYckRYa0pfVzdWMl9oOE1tY2VXUFJvMHc1YVlsMVh4bWNxRV9SVndWUXRDajFsWmlsbE9FalZJdGp2ODNmcmpKUDhsVEYzb0J6MnhMRQ?oc=5,뉴스더보이스헬스케어,,품질검사,2026-09-19T15:38:10.090473+09:00,False,False,live
ART-00205,market,"식약처, 의약품 품질관리 전방위 점검…원료·회수 관리 강화",2026-03-27,"식약처, 의약품 품질관리 전방위 점검…원료·회수 관리 강화 medipana.com","식약처, 의약품 품질관리 전방위 점검…원료·회수 관리 강화 medipana.com",https://news.google.com/rss/articles/CBMia0FVX3lxTE8xUGktdnFjd1U5ZUNiODJDYnQ3c1h3ZDR6amZuZjN6TkNVWHdSWUU4ZHlEdC1yaEtCTGRfU1JxZ2poTE1rZ0ItQTNBaml4UFZERUJPRnFwTzYwTHZIN2hJVTVXZS1hcWJOV09B?oc=5,medipana.com,,품질검사,2026-09-19T15:38:10.090473+09:00,False,False,live
ART-00206,market,"위플로, 국방용 드론 제조 검사 AI 솔루션 '플로원' 출시",2026-06-10,"위플로, 국방용 드론 제조 검사 AI 솔루션 '플로원' 출시 유니콘팩토리","위플로, 국방용 드론 제조 검사 AI 솔루션 '플로원' 출시 유니콘팩토리",https://news.google.com/rss/articles/CBMibEFVX3lxTE5qWTFBNjNZX2hmdnRGVlVDaXg3SDJpeDFzNG5WSlJ5dkMxMmFPSG5iVE9zTHozR3BSd0xWeUdtckoyT0JSU2NJWHczM3pRMUxudFNuYlRlTVJVcVFMTE9aQm1GdGVOQTk3djVzSw?oc=5,유니콘팩토리,,품질검사,2026-09-19T15:38:10.090473+09:00,False,False,live
ART-00207,market,"“GMP 감시부터 e-라벨까지”…식약처, 의약품 품질관리 정책 전면 개편",2026-03-27,"“GMP 감시부터 e-라벨까지”…식약처, 의약품 품질관리 정책 전면 개편 약업신문","“GMP 감시부터 e-라벨까지”…식약처, 의약품 품질관리 정책 전면 개편 약업신문",https://news.google.com/rss/articles/CBMiZkFVX3lxTE9vb3R2Zy1sLVZWS3VueG5wVVZHWXNJR0JWT0EyYTdESmFQYkszSmdXN0NZREpHSThESUY5dnl6dmhTcTVocENMWkUzZmg0ckFmUWl5UjZQWDI2bXN5aUNjbk5zVjd4UQ?oc=5,약업신문,,품질검사,2026-09-19T15:38:10.090473+09:00,False,False,live
ART-00208,market,"中 무석콜마, 식약처 해외 첫 우수화장품 제조·품질관리 시설 인정",2026-07-31,"中 무석콜마, 식약처 해외 첫 우수화장품 제조·품질관리 시설 인정 오늘경제","中 무석콜마, 식약처 해외 첫 우수화장품 제조·품질관리 시설 인정 오늘경제",https://news.google.com/rss/articles/CBMic0FVX3lxTFBCd0FlcjBjZVdCLTRiSkpPVXpOTTdEal9xVlY5VThCMmlZMHRISlpzXzF0SW5Sc2k3SHZleHlPeFNnaERqWTQ2SzFTaEtmSFZRc0dITzlqWFBfSkk3UGRhb1diRnpSMzNmdHJzc1N5b19qNnc?oc=5,오늘경제,,품질검사,2026-09-19T15:38:10.090473+09:00,False,False,live
ART-00209,market,"위플로, AI·로봇 기반 품질검사 자동화 솔루션 ‘플로원’ 출시",2026-06-10,"위플로, AI·로봇 기반 품질검사 자동화 솔루션 ‘플로원’ 출시 한경매거진&북","위플로, AI·로봇 기반 품질검사 자동화 솔루션 ‘플로원’ 출시 한경매거진&북",https://news.google.com/rss/articles/CBMia0FVX3lxTE9TUzBodkoyNTdHRVBEUVVSUDNaWjQ3TF80WXBDbGpnX2RVRWRHUW1yVTZXNy1qVnlWbDdhS09CZ2V6SnpxT3kwUlQ4Skk0ZjUyWklwVFczejhWaHdSRUtiQTMzNkFsUzNOUDVv?oc=5,한경매거진&북,,품질검사,2026-09-19T15:38:10.090473+09:00,False,False,live
ART-00210,market,"미래바이오제약, 품질시험·검사 명령 미이행…10품목 ‘제조업무정지’",2026-04-28,"미래바이오제약, 품질시험·검사 명령 미이행…10품목 ‘제조업무정지’ 약사공론","미래바이오제약, 품질시험·검사 명령 미이행…10품목 ‘제조업무정지’ 약사공론",https://news.google.com/rss/articles/CBMibEFVX3lxTFA3TWZTNjlaYVZlcEN4cjg0SEx2anpicUQ1NDZjdld4TzdQQTZZdldNOXNHNHY4dThBdGxxRm1hcWVpSEo2XzNJUmQ3aUJDY29GNjdRN3NYOGRiT0pyYVBzLUMtR3R2WXp1R3B6dw?oc=5,약사공론,,품질검사,2026-09-19T15:38:10.090473+09:00,False,False,live
ART-00211,market,"[AI 팩토리③] AI, 제조업 품질 관리 패러다임 바꾼다",2025-11-14,"[AI 팩토리③] AI, 제조업 품질 관리 패러다임 바꾼다 산업일보","[AI 팩토리③] AI, 제조업 품질 관리 패러다임 바꾼다 산업일보",https://news.google.com/rss/articles/CBMiREFVX3lxTE1nVGdicUYtQno0Zkc3MFVJZHIxaUJUYTVLWDhuNkdOX0E4NzduUGlVeDZLa09hZVRpVmY5T1BkWDFuZ1I0?oc=5,산업일보,,품질검사,2026-09-19T15:38:10.090473+09:00,False,False,live
ART-00212,market,제조업 품질혁신의 중심에 선 AI…품질관리 투자 확대와 함께 도입 가속화,2026-06-14,제조업 품질혁신의 중심에 선 AI…품질관리 투자 확대와 함께 도입 가속화 헬로티,제조업 품질혁신의 중심에 선 AI…품질관리 투자 확대와 함께 도입 가속화 헬로티,https://news.google.com/rss/articles/CBMiX0FVX3lxTE53bU5BN1A5Y09YbTB1eWNZd2pwbXBqd2UwYkpnRVlkNmNMbUxFYll4ckt4bU82M01tcDd4TEltbnhhT0VpOERDYW1EUGF2X1FxZ1ZFWGluTmRBa29rYzlV?oc=5,헬로티,,품질검사,2026-09-19T15:38:10.090473+09:00,False,False,live
ART-00213,market,"품질검사 미실시부터 임상시험 위반까지…식약처, 제약·임상기관 제재",2026-04-06,"품질검사 미실시부터 임상시험 위반까지…식약처, 제약·임상기관 제재 뉴스더보이스헬스케어","품질검사 미실시부터 임상시험 위반까지…식약처, 제약·임상기관 제재 뉴스더보이스헬스케어",https://news.google.com/rss/articles/CBMib0FVX3lxTFBBWFQzelVlTVFoX2VOMWdGTTUtLXpPZ1FVT2psQVR0NUZWb1FlN1NfYlJMZnJWNGowYVU5NGpSU0JwTHZ5U09fcXJuUXZMWVY4UEJTZ0VrekpkdmRkaDJYREFweVN6cHF4bVp6S0JPaw?oc=5,뉴스더보이스헬스케어,,품질검사,2026-09-19T15:38:10.090473+09:00,False,False,live
ART-00214,market,"대일제약, '방수밴드' 제조정지 배경은?…‘제조·품질관리기록 일체 미작성’",2026-08-11,"대일제약, '방수밴드' 제조정지 배경은?…‘제조·품질관리기록 일체 미작성’ 약사공론","대일제약, '방수밴드' 제조정지 배경은?…‘제조·품질관리기록 일체 미작성’ 약사공론",https://news.google.com/rss/articles/CBMibEFVX3lxTE04dVN3Sm1wUGF5UW9BLWQ2d3FUUktVMi1zR0tGdXVkNEVJR3JLTFhGSWZUX2tqSHVSUEhpRjFrSzVFb0twM2VSaVRmQmdBcDg1TURtSk9sd3Q3ZF9pc25YZ29zOHg3QVdOZFAxYg?oc=5,약사공론,,품질검사,2026-09-19T15:38:10.090473+09:00,False,False,live
ART-00215,market,"식약처, 약사법 위반 제약사 줄줄이 제재…품질부적합·허위기록에 처분",2026-07-30,"식약처, 약사법 위반 제약사 줄줄이 제재…품질부적합·허위기록에 처분 뉴스더보이스헬스케어","식약처, 약사법 위반 제약사 줄줄이 제재…품질부적합·허위기록에 처분 뉴스더보이스헬스케어",https://news.google.com/rss/articles/CBMibkFVX3lxTE9nV3NSZzgxb2xWT2w4VHhqUS1UQ3ZDTWE1MWxqWWRFMFg0YVp5cWRKNmllcThtcWpDckNQQVJIYnFMdXM0ME4tYWNXdHVPVjRid2FDSnFhdnV2dGJFemVmNS1rQVI0QnVGbVJ6NnVR?oc=5,뉴스더보이스헬스케어,,품질검사,2026-09-19T15:38:10.090473+09:00,False,False,live
ART-00216,market,"“품질검사도 기준서도 없었다”…미래바이오제약, 무더기 제조정지",2026-04-02,"“품질검사도 기준서도 없었다”…미래바이오제약, 무더기 제조정지 약사공론","“품질검사도 기준서도 없었다”…미래바이오제약, 무더기 제조정지 약사공론",https://news.google.com/rss/articles/CBMibEFVX3lxTFBiQmxMTE1kbURZRllTWmtnWXhJQ1dydkxXb0J4YUdqaEZyak40QWEzOGt0TEd1Yk50MC1aX1BJT1JSYXRJdWFVZDNneldMQ2psWGxxSUcwOFRLWkN0VGx5OFNIVzBxVEx0NF83WA?oc=5,약사공론,,품질검사,2026-09-19T15:38:10.090473+09:00,False,False,live
ART-00217,market,"제조업 AI 도입률 4%···""현장 데이터 99%는 쓰고 버려져""",2026-07-23,"제조업 AI 도입률 4%···""현장 데이터 99%는 쓰고 버려져"" 시사저널e","제조업 AI 도입률 4%···""현장 데이터 99%는 쓰고 버려져"" 시사저널e",https://news.google.com/rss/articles/CBMickFVX3lxTFBMNHpCRVhybE1mYS0yVjJ1WEIxY1ZSSXlfQkt0Z2dSQWc1MWJqaWlfUEJNZHJPUkRaRVZJeU5UbDBRN3pUNWxNR0RMZUpycDMzeTdRdmRfaFRYYXNFcjM2NWhhV0xZV0RGS0ZRV2NwNXlCdw?oc=5,시사저널e,,품질검사,2026-09-19T15:38:10.090473+09:00,False,False,live
ART-00218,market,"中 무석콜마, 식약처 해외 첫 우수화장품 제조·품질관리 시설 인정",2026-07-31,"中 무석콜마, 식약처 해외 첫 우수화장품 제조·품질관리 시설 인정 데일리안","中 무석콜마, 식약처 해외 첫 우수화장품 제조·품질관리 시설 인정 데일리안",https://news.google.com/rss/articles/CBMimAJBVV95cUxQdjNHVG13dkNvbU9zOXJvQ3hROGNZeXl0aXB1Zk1aMUdEbWp0b1pvaDU2ZDlFRzJSNnQ0X1IwSHhLdFBCZHQwd0p0VjNBNDJTT1pDUDNuVG1DT21iaHhZSG1OS1Z2elBlNEJUQklRUkNpMHJHczJidEtBdG9zUVNQQy1aY0laQkJKbkhCNk1qME5icnhsUklIb3pGTGxYLTNBSkg4QTJ1RU1WMHBsejhSRVFYSXJnNVpQV0ZjSlgtQkhzNnVSUUFTc2xCeS1CSkxlekc0cmhwRVlpc0NzNllWc1oxQ1pOUVpoYnNMVGt1cmNwYTVlalEzdC1ZV0VrYzl4bXMxRWU2Y3ZCOGt6aW51ZllSVWZPVVNh?oc=5,데일리안,,품질검사,2026-09-19T15:38:10.090473+09:00,False,False,live
ART-00219,market,자율주행하는 계측 시대 열린다…공장 바닥으로 내려온 ‘모바일 메트롤로지’,2026-06-07,자율주행하는 계측 시대 열린다…공장 바닥으로 내려온 ‘모바일 메트롤로지’ 헬로티,자율주행하는 계측 시대 열린다…공장 바닥으로 내려온 ‘모바일 메트롤로지’ 헬로티,https://news.google.com/rss/articles/CBMiX0FVX3lxTE5oSjdGV0M3ejQyaTFWdlZBczAwZGtkMUFYUmNNTWJUSWNEUkRzckxjY0JuX090eXlTRHZnU2RSSU9nVUtTdjhNOHJWR0xYd1lacG9QMENyQVZnX2RXTnY4?oc=5,헬로티,,품질검사,2026-09-19T15:38:10.090473+09:00,False,False,live
ART-00220,market,"아우디, 공장 전체를 AI로 연결하다…엣지 클라우드 기반 ‘스마트 품질혁신’ 가속",2026-05-27,"아우디, 공장 전체를 AI로 연결하다…엣지 클라우드 기반 ‘스마트 품질혁신’ 가속 헬로티","아우디, 공장 전체를 AI로 연결하다…엣지 클라우드 기반 ‘스마트 품질혁신’ 가속 헬로티",https://news.google.com/rss/articles/CBMiX0FVX3lxTE9hN21rWjhJNEwtMlppSVhMVEt2SEZ4ckJ4LWRvSEEtaWl4eF8xRS10b0xFRmZENGNFVjFWLUstRlhnbmJ1dnF4RXhjMWlSLWs3c3c5WVFGTGM1eG4zaFlZ?oc=5,헬로티,,품질검사,2026-09-19T15:38:10.090473+09:00,False,False,live
ART-00221,market,자사제조용 원료성 제품도 자가품질검사 대상일까?,2025-10-28,자사제조용 원료성 제품도 자가품질검사 대상일까? 식품저널 foodnews,자사제조용 원료성 제품도 자가품질검사 대상일까? 식품저널 foodnews,https://news.google.com/rss/articles/CBMibkFVX3lxTE5hMGViR3ZBcGVVYkZUalE4RnF3dFFJeUYwS0JuenprMGxJX0NIb3E0QzdObnh2elhmUGstUEN5T19QQlN4aHpLSmZhRUxZWTJSWEFlUFlGR1paWnA0ZHhrYlFLSDhBSi1NUTV2eExn?oc=5,식품저널 foodnews,,품질검사,2026-09-19T15:38:10.090473+09:00,False,False,live
ART-00222,market,"드론 품질검사를 AI가… 위플로, 무인공장 전환 솔루션 ‘플로원’ 출시",2026-06-10,"드론 품질검사를 AI가… 위플로, 무인공장 전환 솔루션 ‘플로원’ 출시 플래텀(Platum)","드론 품질검사를 AI가… 위플로, 무인공장 전환 솔루션 ‘플로원’ 출시 플래텀(Platum)",https://news.google.com/rss/articles/CBMiSEFVX3lxTE1DdEJ4di1IdnJOTXpWZWJLaUUzcFgwV2hkekwycEY0SjRUbTBXTE0xSG51QnVzek12cDFXZHNKQWMyc2t5d1EwcQ?oc=5,플래텀(Platum),,품질검사,2026-09-19T15:38:10.090473+09:00,False,False,live
ART-00223,market,"감기·구내염약, 품질검사 안 하고 팔았다…정우신약 12개 품목 제조 정지",2026-05-21,"감기·구내염약, 품질검사 안 하고 팔았다…정우신약 12개 품목 제조 정지 v.daum.net","감기·구내염약, 품질검사 안 하고 팔았다…정우신약 12개 품목 제조 정지 v.daum.net",https://news.google.com/rss/articles/CBMiT0FVX3lxTE9QVUMzNlBUTmQ4NGhmenRkWjFNMVpwUGFNOHcwRVVYR0J2QVBUMFdyMHl4b2xPUkppNko5MXBwUDhUd0x3OUNWUVYxMzJpUnc?oc=5,v.daum.net,,품질검사,2026-09-19T15:38:10.090473+09:00,False,False,live
ART-00224,market,"[Success Story]AI 비전 검사 자동화로 반도체 품질 혁신...CMTX, 지능형 제조 플랫폼 미소정보기술 ‘닥시’ 구축",2026-06-15,"[Success Story]AI 비전 검사 자동화로 반도체 품질 혁신...CMTX, 지능형 제조 플랫폼 미소정보기술 ‘닥시’ 구축 지티티코리아","[Success Story]AI 비전 검사 자동화로 반도체 품질 혁신...CMTX, 지능형 제조 플랫폼 미소정보기술 ‘닥시’ 구축 지티티코리아",https://news.google.com/rss/articles/CBMiakFVX3lxTE1OUk5DbEJSX0ZWaW5OZHB1Y1hyMzg3V1dGQkM1dVVOOTVoSUNEXzV3VXp1VmdCUjFYaVBHWEZwTmNWZjN4VkIxUUVJUHVUUlVjcUF6RG5OSC1WaGEwMFpjS2l4dE1ZVVFlSEE?oc=5,지티티코리아,,품질검사,2026-09-19T15:38:10.090473+09:00,False,False,live
ART-00225,market,"위플로, AI·로봇 기반 품질검사 자동화 솔루션 ‘플로원’ 출시",2026-06-10,"위플로, AI·로봇 기반 품질검사 자동화 솔루션 ‘플로원’ 출시 데이터넷","위플로, AI·로봇 기반 품질검사 자동화 솔루션 ‘플로원’ 출시 데이터넷",https://news.google.com/rss/articles/CBMibEFVX3lxTE5NMTM3ME1Tb2djaWdUYmVKcS14UTZ1M2hrQk9PVHd3a0FJVGxELVY2UE1yTHNSWDF1aGYzeS0wdUMxTjd6TGR0dkNXLUpPTmdGblQ5RUxkNG9fekdlSHRweXdJTTYyVUhGQXl1Zw?oc=5,데이터넷,,품질검사,2026-09-19T15:38:10.090473+09:00,False,False,live
ART-00226,market,"제조업 AI전환, 성과 현장서 확인…""AI팩토리 170여곳 지원…생산성 30％↑·불량률 15％↓""",2026-08-04,"제조업 AI전환, 성과 현장서 확인…""AI팩토리 170여곳 지원…생산성 30％↑·불량률 15％↓"" 부산일보","제조업 AI전환, 성과 현장서 확인…""AI팩토리 170여곳 지원…생산성 30％↑·불량률 15％↓"" 부산일보",https://news.google.com/rss/articles/CBMidEFVX3lxTE1sQ2RUZGZxVEYzYkhvc1JRek8zLVBmemVMMnN4UkJMWk1QNEV1am1wcTQ3cmd1TzRyX0ZxT0ItMU1KUlhnclZBNnN3MEFka2V1VXFSdE1WeDF0T0lBVlpzdEFVcThLbHAwR09iRjV3SXdOdV91?oc=5,부산일보,,품질검사,2026-09-19T15:38:10.090473+09:00,False,False,live
ART-00227,market,"마키나락스, 산업 AI 파트너십 본격화…다겸과 AI 품질검사·예지보전 솔루션 공동 개발",2026-07-01,"마키나락스, 산업 AI 파트너십 본격화…다겸과 AI 품질검사·예지보전 솔루션 공동 개발 paxetv.com","마키나락스, 산업 AI 파트너십 본격화…다겸과 AI 품질검사·예지보전 솔루션 공동 개발 paxetv.com",https://news.google.com/rss/articles/CBMiaEFVX3lxTE9aMEtKc05SR2dlNldLa1NGTU14WVBEX1E3blVNOFZja2JwNVIwU1pSYWJHRmF0WjNhNHBJTTRnc0VvRGNzNXh0TWM5WE01cU5nQ2MzWXd0Y0EyT1JFUmQ5VUJPaHBqWFI5?oc=5,paxetv.com,,품질검사,2026-09-19T15:38:10.090473+09:00,False,False,live
ART-00228,market,"제조업 AX 효과, 생산성 30% ↑ 불량률 15% ↓",2026-08-04,"제조업 AX 효과, 생산성 30% ↑ 불량률 15% ↓ 지디넷코리아","제조업 AX 효과, 생산성 30% ↑ 불량률 15% ↓ 지디넷코리아",https://news.google.com/rss/articles/CBMiVkFVX3lxTE40RV9hZE0zbmZFNnQ0SHRNV2tDWWZYZkdCWV96d25zSHF4Y011M1Zya0V2R0Vsb1Q1VnpfQU56VWxEVDZZRlgwY3drcHFDakxuSlFZWmV3?oc=5,지디넷코리아,,품질검사,2026-09-19T15:38:10.090473+09:00,False,False,live
ART-00229,market,"(4-2)'AW 2026'--AI 머신비전, 제조 품질 관리 핵심으로",2026-03-09,"(4-2)'AW 2026'--AI 머신비전, 제조 품질 관리 핵심으로 애플경제","(4-2)'AW 2026'--AI 머신비전, 제조 품질 관리 핵심으로 애플경제",https://news.google.com/rss/articles/CBMicEFVX3lxTFBlZWt6MzBmUDZMa0JhVHBKSmdSYkhIQWc2dldocmxCTnBxRFN3Rk5oSnhzR2t2QUlVeVJYODJFLXhjdlVQejkzV2VKUHAxMlZyOFN5X09ySXk3QnhFYjhFQ0o2ZkRRLWJYYS1rR2hoZnk?oc=5,애플경제,,품질검사,2026-09-19T15:38:10.090473+09:00,False,False,live
ART-00230,market,"감기·구내염약, 품질검사 안 하고 팔았다…정우신약 12개 품목 제조 정지",2026-05-21,"감기·구내염약, 품질검사 안 하고 팔았다…정우신약 12개 품목 제조 정지 뉴스1","감기·구내염약, 품질검사 안 하고 팔았다…정우신약 12개 품목 제조 정지 뉴스1",https://news.google.com/rss/articles/CBMiUkFVX3lxTE1BU0RzRlFvdlRJZVNydXp4TjhFMGRrTGd2OU1vTEtSakhiMzJVWjdBR3JzcmM1TkM2TjJ2bWdMeW13TVVHTjNqSDB6SFpLLU1xQkHSAVdBVV95cUxOUG9DUWE4aG5oQkN0VVkzN2NTQUNXSTBOQXBuTWlXTFFMTFJ6NTVkb1B1VlB0amh4b0JlaUJ0MTRldGdMQnlHZFVvNVhQd2dlRHVBOEZGTGM?oc=5,뉴스1,,품질검사,2026-09-19T15:38:10.090473+09:00,False,False,live
ART-00231,market,로봇이 차 만들고 로봇개가 품질검사…현대차그룹 '제조혁신' 가속,2025-12-22,로봇이 차 만들고 로봇개가 품질검사…현대차그룹 '제조혁신' 가속 지디넷코리아,로봇이 차 만들고 로봇개가 품질검사…현대차그룹 '제조혁신' 가속 지디넷코리아,https://news.google.com/rss/articles/CBMiVkFVX3lxTE5FQVdmS1Z2Y25MM2tFUFRsRkw1M1p3V0xZUE9sZm1mdmJNSjU5aUJ2Tm53Zmw1S1l2VDFCT3JoZk1wTy1TaHRmVVQtMkxnQ3pPajNyTnRR?oc=5,지디넷코리아,,품질검사,2026-09-19T15:38:10.090473+09:00,False,False,live
ART-00232,market,"식약처, 'CDMO 규제지원 TF' 운영...수출제조업·GMP 인증 체계 구축",2026-01-02,"식약처, 'CDMO 규제지원 TF' 운영...수출제조업·GMP 인증 체계 구축 히트뉴스","식약처, 'CDMO 규제지원 TF' 운영...수출제조업·GMP 인증 체계 구축 히트뉴스",https://news.google.com/rss/articles/CBMia0FVX3lxTE96bTZlcVppV2hSVXQ2ekNCX3hlLVRsdGFMOGtkODhrNllsV3VCclhmNGZ2RGIydW8ybWk0eGtfQU5yWG94b1A5Tzl5cHUycDZzSjBoeEUtaDVXREcwWmlXRkJhU3lmbUQ2WU0w?oc=5,히트뉴스,,품질검사,2026-09-19T15:38:10.090473+09:00,False,False,live
ART-00233,market,"해성디에스-인터엑스, AX 자율제조 파트너십…반도체 제조 'AI 자율화' 앞당긴다",2026-04-30,"해성디에스-인터엑스, AX 자율제조 파트너십…반도체 제조 'AI 자율화' 앞당긴다 전자신문","해성디에스-인터엑스, AX 자율제조 파트너십…반도체 제조 'AI 자율화' 앞당긴다 전자신문",https://news.google.com/rss/articles/CBMiTkFVX3lxTFBNUjBDMnZTNkVXM2lLaHVwYnZxbDcwNlg1RTYwcDhSWTJYNmlJMDBINXQ0SkNRdmRYQmhfNVZmc2hURW1aX3BOSnN4MVJKdw?oc=5,전자신문,,품질검사,2026-09-19T15:38:10.090473+09:00,False,False,live
ART-00234,market,"인터엑스, 반도체 제조 ‘AI 자율화’ 선언해...해성디에스와 AX 파트너십",2026-05-02,"인터엑스, 반도체 제조 ‘AI 자율화’ 선언해...해성디에스와 AX 파트너십 헬로티","인터엑스, 반도체 제조 ‘AI 자율화’ 선언해...해성디에스와 AX 파트너십 헬로티",https://news.google.com/rss/articles/CBMiYkFVX3lxTE1SejdDVHh3d2syRW5MWUd4NzU3UUxDZThzSnpYbU4yN2YzanJ2X200c2lERWgtZkQwU3NlUHU4amRKcXJLWDNTc2VjQVJjNnBjOWZCVUlLcWN3X3B1dTA1R2dR?oc=5,헬로티,,품질검사,2026-09-19T15:38:10.090473+09:00,False,False,live
ART-00235,market,"[포토] 공정 데이터부터 비전 검사까지… 웨다, 제조AI 플랫폼 선보여",2026-03-05,"[포토] 공정 데이터부터 비전 검사까지… 웨다, 제조AI 플랫폼 선보여 인더스트리뉴스","[포토] 공정 데이터부터 비전 검사까지… 웨다, 제조AI 플랫폼 선보여 인더스트리뉴스",https://news.google.com/rss/articles/CBMickFVX3lxTE9FNDJiRlR3NFFIMG1CenFITVpuU19SVVlnRm52bmdNWm04dk10SWlhWEJaSmdkYmJyLVR0aGtHVlFWdmhsdUIzcWJpN1RpSWZlQ1VIdFVxY2FBYXhEY3dpTDNaNkxhY1BtRGdady1TQWJIUQ?oc=5,인더스트리뉴스,,품질검사,2026-09-19T15:38:10.090473+09:00,False,False,live
ART-00236,market,"포인드, 철강 품질검사에 AI 기술 접목…불량 검출 자동화로 생산 효율 향상",2025-11-17,"포인드, 철강 품질검사에 AI 기술 접목…불량 검출 자동화로 생산 효율 향상 한국경제","포인드, 철강 품질검사에 AI 기술 접목…불량 검출 자동화로 생산 효율 향상 한국경제",https://news.google.com/rss/articles/CBMiWkFVX3lxTE5qVC1LTWJSQWVZblJnZ2RPZHNYS1o0NjRjLWstbHN6NU9lelZ4Y01nT0gtRDJRckM1ZGNEekl4aVNFRHNwX2sxUk5MaUdoc0tYQlg1bHpnRW51dw?oc=5,한국경제,,품질검사,2026-09-19T15:38:10.090473+09:00,False,False,live
ART-00237,market,"[심층취재] 귀로 듣던 '감' 대신 '숫자'…AI, 공장 품질검사 패러다임 바꾼다",2025-11-19,"[심층취재] 귀로 듣던 '감' 대신 '숫자'…AI, 공장 품질검사 패러다임 바꾼다 스타트업엔(StartupN)","[심층취재] 귀로 듣던 '감' 대신 '숫자'…AI, 공장 품질검사 패러다임 바꾼다 스타트업엔(StartupN)",https://news.google.com/rss/articles/CBMiaEFVX3lxTE1GQzVmSzUtMGpzR1JIcG94T3NaeTFILXZlREF3Q3FnWXAzcEtqdEk1QVJGSzZ6UVhKN01YR2NqZmxFeWJRZWp2WTBHNnVVcDBmOXBRU1dJN0VraWcxRF9nOHNfVW9fVVJn0gFsQVVfeXFMTUdfbnN1S3RfQS1mcmhOVVRyN1pQeWtDMG1UWGJSTlRJamFrZFdDUWJNLU80NlpiQ05fMUNVRFVFT2hUaVlLU2xfYnppbTlDcXpacmk4YS1TVnhCN0hiTDhiMW10UG9JdUsyajA4?oc=5,스타트업엔(StartupN),,품질검사,2026-09-19T15:38:10.090473+09:00,False,False,live
ART-00238,market,"오토닉스, 고정밀 품질 검사용 비전 센서 ‘VG2 시리즈’ 출시",2025-12-05,"오토닉스, 고정밀 품질 검사용 비전 센서 ‘VG2 시리즈’ 출시 FA저널","오토닉스, 고정밀 품질 검사용 비전 센서 ‘VG2 시리즈’ 출시 FA저널",https://news.google.com/rss/articles/CBMia0FVX3lxTFA0VHp3NHFZLXlwQldfNHMxdkVIRF9KbDZuTlpRemJpVDhDR3czUWRvU1lHOXhrUWduczdYNWZVUGgzQmdONUVoX05Ednkxa0p0OFcxckVtRnppTTgtMTBuR2JabUt5V0Zfc1RJ?oc=5,FA저널,,품질검사,2026-09-19T15:38:10.090473+09:00,False,False,live
ART-00239,market,"세이지, ‘SMATEC 2025’서 AI 머신비전으로 제조 품질관리 혁신 가속",2025-11-04,"세이지, ‘SMATEC 2025’서 AI 머신비전으로 제조 품질관리 혁신 가속 헬로티","세이지, ‘SMATEC 2025’서 AI 머신비전으로 제조 품질관리 혁신 가속 헬로티",https://news.google.com/rss/articles/CBMiX0FVX3lxTE5UOVZ0TjJvUGRyUkdzRHNQV2JUaDBZNkZjcnhLa2JVMDktcUJtaHVWeVJJaURfdTEzZk8yWGZMS3hOamJfXzJEdllIMFBnZkNrWlo4WDNTVzZseDBZQm9B?oc=5,헬로티,,품질검사,2026-09-19T15:38:10.090473+09:00,False,False,live
ART-00240,market,"AI 머신비전 기업 '이글이비전', 사출성형 검사 혁신 주도...제조 품질 표준 재정의",2025-12-08,"AI 머신비전 기업 '이글이비전', 사출성형 검사 혁신 주도...제조 품질 표준 재정의 e2news.com","AI 머신비전 기업 '이글이비전', 사출성형 검사 혁신 주도...제조 품질 표준 재정의 e2news.com",https://news.google.com/rss/articles/CBMiZ0FVX3lxTE9mbVdKLUNTd0NEY2gzb0JiR3lRcjU3U01nQzBpZ0d4alZ0anF0dXU4d2Z6SVZ0c3VORFhLVDB3cFNsUkpiQ0lRVUo0QnUwUFBKcVVDNjItdlczRkppc3NNcElrYjVXMjDSAWtBVV95cUxQSmNJUmlxWFRkckJNeDBtcHh2all0VlYxaFA3VV9kMlk3WVJpbzZNcVRxOW9mbVF4TjREY05lQWpCMWVUT0lvMk00M0hIcjdwM1cxa0RLRGFJUHVPQUE2dVIyLVlhQU1hMWpMSQ?oc=5,e2news.com,,품질검사,2026-09-19T15:38:10.090473+09:00,False,False,live
ART-00241,market,"애경 2080 수입 치약 ′트리클로산′ 쇼크…식약처, 애경산업 품질관리 부실에 칼 뺐다",2026-01-21,"애경 2080 수입 치약 ′트리클로산′ 쇼크…식약처, 애경산업 품질관리 부실에 칼 뺐다 일요주간","애경 2080 수입 치약 ′트리클로산′ 쇼크…식약처, 애경산업 품질관리 부실에 칼 뺐다 일요주간",https://news.google.com/rss/articles/CBMidkFVX3lxTFBXUXVDbmRTR0poLURpWnlzc3Fnbkl3QXE1ZjZDQ0Y3T2drbG5zUEdlWEF2NzIxcjNTdTkwNll0LVJCcWtVVmhEMjFRc24zNW9BdE9JVzVxeUlUQUNyWTJ1UF9Sb0dDcUhUT0xfRVVONTQ2eDZCSFE?oc=5,일요주간,,품질검사,2026-09-19T15:38:10.090473+09:00,False,False,live
ART-00242,market,"솔루윈스, AI로 불량 찾는 지능형 검수 시스템 구축",2025-11-14,"솔루윈스, AI로 불량 찾는 지능형 검수 시스템 구축 한국경제","솔루윈스, AI로 불량 찾는 지능형 검수 시스템 구축 한국경제",https://news.google.com/rss/articles/CBMiWkFVX3lxTE5xNC1LTWtLYWdybVhmUVAwbjlqdEZaaW1iZW94S2wtdTRBTlpUNVE1Q2xNZ2VRWU41YjV5R3FfVlZaQkR5R0tOYlJxM3RPcVJaa180dkFiNzRRZw?oc=5,한국경제,,품질검사,2026-09-19T15:38:10.090473+09:00,False,False,live
ART-00243,market,"전량 수출용 건강기능식품, 국내 사용 불가 원료 사용해도 되나?",2025-10-21,"전량 수출용 건강기능식품, 국내 사용 불가 원료 사용해도 되나? 식품저널 foodnews","전량 수출용 건강기능식품, 국내 사용 불가 원료 사용해도 되나? 식품저널 foodnews",https://news.google.com/rss/articles/CBMibkFVX3lxTE5MSllJMjdhWGliRVFsWkJMVVJRcUR1VU5NdzBMS0dYanFnQzJkQ3JBb3VQV3RQQ0gyYkNncE45TkFrWkxvdnVVTWFRaU52QS1nTV9SbHFKOE5LYnJzcThmYlUxX05hWEQtaGlPbTlR?oc=5,식품저널 foodnews,,품질검사,2026-09-19T15:38:10.090473+09:00,False,False,live
ART-00244,market,"드림텍, 제조 공정에 딥러닝 AI 외관검사 도입… “품질 관리의 정확도 ↑”",2025-11-11,"드림텍, 제조 공정에 딥러닝 AI 외관검사 도입… “품질 관리의 정확도 ↑” 에이빙","드림텍, 제조 공정에 딥러닝 AI 외관검사 도입… “품질 관리의 정확도 ↑” 에이빙",https://news.google.com/rss/articles/CBMiZ0FVX3lxTE5GWkNyMHBkLWIxYzhDYzR2bUR3aGp4RzN4SHYyNFdGQnNHdGtsaklnMmwwb0M5V0l2bjVlTE9VbkRBYkFnZWdvVFM5ZC16dWZWZ0huUkx3WkJKanFQNVFfdXhTd3VRSlHSAWtBVV95cUxOQmxGVVROZll1cjFQRmpJT3k5VmVQaHQwR1ZvR2VmeHFuUVZCeW9iMUFvUlVvVmFHcmFBUlBkU0NIeXhzQ3lzTHNJZnpnbFBtWm1GRTdZMlVjdC1NaG15NVA0TFlWZ01DOUJqdw?oc=5,에이빙,,품질검사,2026-09-19T15:38:10.090473+09:00,False,False,live
ART-00245,market,"아이티센클로잇, '하이브리드 AI'로 제조 AX 시장 본격 공략",2025-10-23,"아이티센클로잇, '하이브리드 AI'로 제조 AX 시장 본격 공략 지디넷코리아","아이티센클로잇, '하이브리드 AI'로 제조 AX 시장 본격 공략 지디넷코리아",https://news.google.com/rss/articles/CBMiVkFVX3lxTE5HTTl5U2Y4MFFvR2dCOWh5WWtyNDdOd19jT01nSWRBTW5mbDlDbUlvcTlwOXR2S2NLaERqRGZmVm1ocnRfRzNtTjBZX3lqQjBudkpPc1ZB?oc=5,지디넷코리아,,품질검사,2026-09-19T15:38:10.090473+09:00,False,False,live
ART-00246,market,"완벽한 차량 품질을 위한 제조 신기술, 무인 자율검사 플랫폼 | 저널 | 현대자동차그룹",2024-11-08,"완벽한 차량 품질을 위한 제조 신기술, 무인 자율검사 플랫폼 | 저널 | 현대자동차그룹 Hyundai Motor Group","완벽한 차량 품질을 위한 제조 신기술, 무인 자율검사 플랫폼 | 저널 | 현대자동차그룹 Hyundai Motor Group",https://news.google.com/rss/articles/CBMicEFVX3lxTE9NU0VsNm5DZ3FiamhMZnRRaVFJZXF2M09qZTFONG4wbWJjVHZuaFV0WVFtSGNTYmpid0JuTjc3bGFMVnM1d1psVFRYWXl3T3huTTZqMWVSZUtMUHF3MHdqRzZTTHVGaTFma1VVTFZaTXQ?oc=5,Hyundai Motor Group,,품질검사,2026-09-19T15:38:10.090473+09:00,False,False,live
ART-00247,market,"자동차 품질 검사 AI 시스템 시장 보고서, 2034",2025-11-04,"자동차 품질 검사 AI 시스템 시장 보고서, 2034 Global Market Insights Inc.","자동차 품질 검사 AI 시스템 시장 보고서, 2034 Global Market Insights Inc.",https://news.google.com/rss/articles/CBMimgFBVV95cUxPYTRnMW1oZVloelotclUtWEdSMU1PUE4wNHJKWUFFM21ycGhMX1dwWF9RMHFJZ1hpZ1ZjMzNZdDZmSTVCeWRHYVlfNFRLVGZpWnpWVzUzeDZVQTFURmR3clhEeUR6dkNqTlZWblZiSUEzcjMxSlpjaWdqUHFreFdETkFDRzZZdEI4dVdzM0lDYWFSQUN2bFRTVktn?oc=5,Global Market Insights Inc.,,품질검사,2026-09-19T15:38:10.090473+09:00,False,False,live
ART-00248,market,"제조 AX, AI 모델보다 데이터 표준화 먼저…이정준 교수 “데이터 어디에 있는지부터 살펴야”",2026-08-31,"제조 AX, AI 모델보다 데이터 표준화 먼저…이정준 교수 “데이터 어디에 있는지부터 살펴야” 헬로티","제조 AX, AI 모델보다 데이터 표준화 먼저…이정준 교수 “데이터 어디에 있는지부터 살펴야” 헬로티",https://news.google.com/rss/articles/CBMiX0FVX3lxTE5uQWtPdUdqQVVBMmZqM19NSzNOVlh2R2ZGNWp1MUhMbFlhRVFiaW9OaUhObmxsMjJqaTdSbW5iV01PUEVhZzlIQ2dRdnYydzBIVWM3QXkxU1VkSHVVOWRJ?oc=5,헬로티,,품질검사,2026-09-19T15:38:10.090473+09:00,False,False,live
ART-00249,market,​​​​​​​품질검사 미실시 등 의약외품 처분사례 살펴보니,2025-02-24,​​​​​​​품질검사 미실시 등 의약외품 처분사례 살펴보니 뉴스더보이스헬스케어,​​​​​​​품질검사 미실시 등 의약외품 처분사례 살펴보니 뉴스더보이스헬스케어,https://news.google.com/rss/articles/CBMib0FVX3lxTE5QSFFDQXNndlFYVzlrcnB4SDVYUFdfYVdheEVwVURBMW5UT3R4dXVPTVJBckZFMmdMQnVMdXhyUHZZOU1iNFBsaHIzTmtqSEdfalFpdEpFcWVGaE82bVVYTW5kbm5XWFNyNlNESVB0bw?oc=5,뉴스더보이스헬스케어,,품질검사,2026-09-19T15:38:10.090473+09:00,False,False,live
ART-00250,market,"엠아이큐브솔루션, 화장품 ODM 코스메카코리아 'AI 자율제조 플랫폼' 구축",2026-08-10,"엠아이큐브솔루션, 화장품 ODM 코스메카코리아 'AI 자율제조 플랫폼' 구축 디일렉","엠아이큐브솔루션, 화장품 ODM 코스메카코리아 'AI 자율제조 플랫폼' 구축 디일렉",https://news.google.com/rss/articles/CBMiZkFVX3lxTE9OUTBBbVhmdGltV1ByS1lEMFJwYU9HWC1ORzlmMlF3TG9YdzRVTHl2ckt6QVRGR29ONjJPbVdxMnhiTDhzSEQwSGZMU1pQYkZsMmwtTEdHUDVkanNhZGRFSWNRc3dfUQ?oc=5,디일렉,,품질검사,2026-09-19T15:38:10.090473+09:00,False,False,live
ART-00251,market,알테오젠도 발목…신약 개발했지만 품질관리는 못한다,2025-09-17,알테오젠도 발목…신약 개발했지만 품질관리는 못한다 서울경제,알테오젠도 발목…신약 개발했지만 품질관리는 못한다 서울경제,https://news.google.com/rss/articles/CBMiUkFVX3lxTE9SNThUY0xCZFQyOHBIUWZzSjdTcjNWYXk4VENvUS1aOWhLUEVNQXBzQWVqcExMVHpKaFVtVElydW5RODR1NFRMSzhGclUxcGprNGfSAVNBVV95cUxPQTMwMjl6ckM1Y2FHeFdtbDYySHFlS2s3czhiclJPUWpBT1JtNXJMdkhJUFVuU2laYUQ1YjRDWGF6RGc5YU9IdDBVTnB0bFVDNHU2bw?oc=5,서울경제,,품질검사,2026-09-19T15:38:10.090473+09:00,False,False,live
ART-00252,market,"원프레딕트, 제조 파운데이션 모델 고도화 추진… “공장 바뀌어도 쓰던 AI 그대로 사용”",2026-05-26,"원프레딕트, 제조 파운데이션 모델 고도화 추진… “공장 바뀌어도 쓰던 AI 그대로 사용” FA저널","원프레딕트, 제조 파운데이션 모델 고도화 추진… “공장 바뀌어도 쓰던 AI 그대로 사용” FA저널",https://news.google.com/rss/articles/CBMia0FVX3lxTE00TFdlM3hra0M1UUd3R09tc0luaWFtR0lQMnFvQ0tRUDFlYldGYkd3RHRzNGJmWU1RQl9EYmY4Q1RweW1EUFpxeDg1SmFUMVNWMzdvazdiamtkbGxyWE1YZXVMdEpZXzV0cWww?oc=5,FA저널,,품질검사,2026-09-19T15:38:10.090473+09:00,False,False,live
ART-00253,market,"매일 만나는 첨단 산업, 경제, IT 소식",2025-06-01,"매일 만나는 첨단 산업, 경제, IT 소식 헬로티","매일 만나는 첨단 산업, 경제, IT 소식 헬로티",https://news.google.com/rss/articles/CBMiZ0FVX3lxTE9hemtJc3JvWElFX250OXhSRkdxVFdVMlQ5cE4zeWtmekw1QThtSG9veThzelhiNDU1dTlUX2JySDF2MTh0ZDFQTEZaQ3RCb2ZXYjhRb21QWDU2d2NtTXNLcHFXcVE0TmM?oc=5,헬로티,,품질검사,2026-09-19T15:38:10.090473+09:00,False,False,live
ART-00254,market,"비전AI 활용 제조 현장 혁신, 클라우드 기반 스마트 품질 관리 주목",2025-03-25,"비전AI 활용 제조 현장 혁신, 클라우드 기반 스마트 품질 관리 주목 지티티코리아","비전AI 활용 제조 현장 혁신, 클라우드 기반 스마트 품질 관리 주목 지티티코리아",https://news.google.com/rss/articles/CBMiakFVX3lxTE56Sk5aeWtGNi04b0pqOUdaTnNKUk5ENlZ0SFJ6T2U2WmJ0eUVadF8tVGFYRTRTTDVWZ2Y5cUprOXJvelFKYzQ0alRtT2s5azUzYmlMOU9zeWpMUU9fMnlTTlEyazQ2N2hfRHc?oc=5,지티티코리아,,품질검사,2026-09-19T15:38:10.090473+09:00,False,False,live
ART-00255,market,"디와이, 비전 AI로 크레인 제조 품질혁신 선도",2026-07-30,"디와이, 비전 AI로 크레인 제조 품질혁신 선도 매일타임즈","디와이, 비전 AI로 크레인 제조 품질혁신 선도 매일타임즈",https://news.google.com/rss/articles/CBMiXkFVX3lxTE5CampQMDdqR2tCb0FnRHA2LV9neDhOZ2Y2aEQ4dklwaGwwYjZBalpJanVpSEVyQk4yQ1RLR1hiRS1tRjNxeWhkdWE3cFhKMnh0V0RFQnNQT19BZjdZWXc?oc=5,매일타임즈,,품질검사,2026-09-19T15:38:10.090473+09:00,False,False,live
ART-00256,market,"美FDA, 아주약품 경고장···""제조 품질관리 위반""",2025-06-28,"美FDA, 아주약품 경고장···""제조 품질관리 위반"" 데일리메디","美FDA, 아주약품 경고장···""제조 품질관리 위반"" 데일리메디",https://news.google.com/rss/articles/CBMiaEFVX3lxTFAtbkI1Smh6THpzMURlU2otV3BZaTJZdUttX2VPQmN6STczRU8wQmxEbUUtOHc4YjFiS1dKZTcxMnFBSUs1VUdJeHdQbFZkcUJJd2NWSjRWWmVWd2tWLUFWNnB2Q3VyQ29f?oc=5,데일리메디,,품질검사,2026-09-19T15:38:10.090473+09:00,False,False,live
ART-00257,market,한국노동연구원 공동 진단 | RX 시대 노동의 미래는,2026-07-10,한국노동연구원 공동 진단 | RX 시대 노동의 미래는 매일경제,한국노동연구원 공동 진단 | RX 시대 노동의 미래는 매일경제,https://news.google.com/rss/articles/CBMiVEFVX3lxTE5ISXkyN2dQM0N2aGFCU2ZlRTF0bk9lVklOemh2OUdJODNVNTdadFhzaFpYYnlORWJHWnBBTy0xUVBUeF9KbGFIU2JKVk44UG1nd0VwRA?oc=5,매일경제,,품질검사,2026-09-19T15:38:10.090473+09:00,False,False,live
ART-00258,market,"AI, 제조업의 판을 다시 짠다",2025-03-25,"AI, 제조업의 판을 다시 짠다 산업종합저널","AI, 제조업의 판을 다시 짠다 산업종합저널",https://news.google.com/rss/articles/CBMiU0FVX3lxTE8wY0JWYkpIQ0lXUzZuUFpBbmNoRXcwZ1h6dmlzdVM1SVlJQy1MRjNKTmRfbk9UNm5Md0ptamQ0M19FejJxblp4QXh2bW5FMER0NEpv?oc=5,산업종합저널,,품질검사,2026-09-19T15:38:10.090473+09:00,False,False,live
ART-00259,market,열악한 야외서 '움직이는 제조공장'…골재 품질 진단하고 스스로 개선하는 AI,2024-11-20,열악한 야외서 '움직이는 제조공장'…골재 품질 진단하고 스스로 개선하는 AI DongA Science,열악한 야외서 '움직이는 제조공장'…골재 품질 진단하고 스스로 개선하는 AI DongA Science,https://news.google.com/rss/articles/CBMiVEFVX3lxTFBLTHZtbTNqVWJZeVZSY0FnckJfY1BEWFlTVlMtVF9mZndIVlVSUzdfZjJzMi1XUEV4Rm41QmxFM1NWSVFvckthZkxOM1cxQ1VyUTRjZA?oc=5,DongA Science,,품질검사,2026-09-19T15:38:10.090473+09:00,False,False,live
ART-00260,market,[AI 트렌드] AI가 바꾸는 전자 제조업의 미래…예측 정비부터 공급망 최적화까지,2025-12-01,[AI 트렌드] AI가 바꾸는 전자 제조업의 미래…예측 정비부터 공급망 최적화까지 AI라이프경제,[AI 트렌드] AI가 바꾸는 전자 제조업의 미래…예측 정비부터 공급망 최적화까지 AI라이프경제,https://news.google.com/rss/articles/CBMia0FVX3lxTE9ZNl9ld2pIMXVLY3V2WnVNWGtKRFRYdFJ3dkQ1Mmh5akNJSnk5Y2Jycnc2dUpMNnAwbnZhY1ZHVkw3TGJGZW9aeHgyRWMyRzBhdXoyNEgyRVIyUHliOXpqczRvazBRczdSUlk00gFvQVVfeXFMUHZxMGViQk1zNi1iWTNFeGhremRIVXM1emdWVndPdEloRDdhbW5pYUNldHhEYWFtRmxySjJJRjRxWnR4QXRSSTAtX2dvR0VxQzJTbnlEU255RVdvY0JYdDRsdm1fa3dfSzlBdDBGeWk4?oc=5,AI라이프경제,,품질검사,2026-09-19T15:38:10.090473+09:00,False,False,live
ART-00261,market,용접·품질검사에 AI 입힌다…부산 조선업 ‘스마트 전환’ 시동,2025-12-19,용접·품질검사에 AI 입힌다…부산 조선업 ‘스마트 전환’ 시동 서울경제,용접·품질검사에 AI 입힌다…부산 조선업 ‘스마트 전환’ 시동 서울경제,https://news.google.com/rss/articles/CBMiUkFVX3lxTE5oQVdwam9xWGc1WVVVa2FUdVpkVEhnNk1EdU54bk1VVkhaR0xqbExycGVsZlA1dkhLdU5lSjhEaVdWV1BKaC01Y1Z3T0l4bkVrcHfSAVNBVV95cUxNd01fOXJFaXJmTG4tVzhYdjl5WFJnQ3VTMjYtNzJTb3BqVVRHamdOM19zNzAydjZLZVVkOWUxWGYtWVpiNFpmNmVyQ0dlcWJnZWExNA?oc=5,서울경제,,품질검사,2026-09-19T15:38:10.090473+09:00,False,False,live
ART-00262,market,올 의료기기 행정처분 136건…‘GMP 위반’ 최다,2025-08-06,올 의료기기 행정처분 136건…‘GMP 위반’ 최다 데일리메디,올 의료기기 행정처분 136건…‘GMP 위반’ 최다 데일리메디,https://news.google.com/rss/articles/CBMiY0FVX3lxTE1wRnMyekNRcFN1UFhYV3NiWWotRS14SGppSTdnWFNWcjZmclEtaHZQbDlCVjNodG10UjhBWjVPWlZISnAtQnJMZExXOHI5dXdGaVlBcXoxLUtYV0tfSlF3cW5aYw?oc=5,데일리메디,,품질검사,2026-09-19T15:38:10.090473+09:00,False,False,live
ART-00263,market,"[글로벌 산업 트렌드] AI·로봇·디지털 트윈, 글로벌 제조업 혁신 가속",2025-09-16,"[글로벌 산업 트렌드] AI·로봇·디지털 트윈, 글로벌 제조업 혁신 가속 산업종합저널","[글로벌 산업 트렌드] AI·로봇·디지털 트윈, 글로벌 제조업 혁신 가속 산업종합저널",https://news.google.com/rss/articles/CBMiU0FVX3lxTE9SNzEzVE5EdHFOeExXLTRSSVlsNkZlX1FJZ0JpUmE2SmZIbVIwU1lxTVk3cmNIWFpnandzMTFRYzBReWJTYkpfeVNxcnZtblZUalpB?oc=5,산업종합저널,,품질검사,2026-09-19T15:38:10.090473+09:00,False,False,live
ART-00264,market,"[정종기의 AI 트랜스포메이션⑪] 제조업 AI 트랜스포메이션, 어디서부터 시작해야 하나?",2025-04-07,"[정종기의 AI 트랜스포메이션⑪] 제조업 AI 트랜스포메이션, 어디서부터 시작해야 하나? 하이테크정보","[정종기의 AI 트랜스포메이션⑪] 제조업 AI 트랜스포메이션, 어디서부터 시작해야 하나? 하이테크정보",https://news.google.com/rss/articles/CBMiaEFVX3lxTE8tQTJKYzBTWGhkZXJoSmFiOG8wZUprdTc1R1daOHhKUkxTdHBmVVB2YlY0QmVqeDhBVFBDazJsVktjSGFQWTVLQ2tvUWxwd25XMzdRQkxaWmlfNFZXTWNxZk9MSGhfYUxv0gFsQVVfeXFMT3RkUE9CNHBpUnU1aE56RmZleHdfTDNVdW1XNFkzQ21iNm41T0Z6dTR0Ymw1R1Z1LVlEZ1Q2YnNxaTBjTHFQcDB3QWVsVnBWdHhiRTNfSFhfMTl0bnAtQTNVRVBDdjVUbHpfQk5u?oc=5,하이테크정보,,품질검사,2026-09-19T15:38:10.090473+09:00,False,False,live
ART-00265,market,제조 결함 실시간 감지·조치하는 ‘AI 검사 시스템’...다운타운 없이 품질 혁신,2025-06-20,제조 결함 실시간 감지·조치하는 ‘AI 검사 시스템’...다운타운 없이 품질 혁신 지티티코리아,제조 결함 실시간 감지·조치하는 ‘AI 검사 시스템’...다운타운 없이 품질 혁신 지티티코리아,https://news.google.com/rss/articles/CBMiakFVX3lxTE1XalFSM0ZfUW1veEsxRVJZamVIbDF1aXVWS3V5RTM5QXk1X1hJTXVhdWZwczhOZ3RBd25INEtqbnd5Yi15azM3bHVTVGpnVjdWb0ZsZUdGYks0VFdrRWowZGFfYkxldW1qenc?oc=5,지티티코리아,,품질검사,2026-09-19T15:38:10.090473+09:00,False,False,live
ART-00266,market,삼성은 '품질검사' 현대는 '선박수리' 농심은 '고장 탐지'에 AI 넣는다 - 머니투데이,2025-10-01,삼성은 '품질검사' 현대는 '선박수리' 농심은 '고장 탐지'에 AI 넣는다 - 머니투데이 mt.co.kr,삼성은 '품질검사' 현대는 '선박수리' 농심은 '고장 탐지'에 AI 넣는다 - 머니투데이 mt.co.kr,https://news.google.com/rss/articles/CBMia0FVX3lxTE9HZUZxNzRCVnBMV1VCQTB5MVFaTlA4TVhVaEVvbnZjSHpvc0d6LVlYaTNReU9FRG1uTENybV9fMGk0V09CMHZBaHlNNWNRTDdvSWlyWUVzMy13S3hORGxGcXRXUFJsdzVHRXZF0gFwQVVfeXFMTld1N2RSUTJQMWdyZnVJcTZEeEE0T0MzbEkwRGNqcThXT3lqd0pjLWxrTXBaZTZrU25wWXU3LWQ0NW5nSnh3OHdHbWVnN084ckVQZnRVLW13TTlrMzdVekd2SV8xZTRBLWI2UXdyVlRSWQ?oc=5,mt.co.kr,,품질검사,2026-09-19T15:38:10.090473+09:00,False,False,live
ART-00267,market,"현대모비스, 車부품 품질 검사하는 '어쿠스틱 AI' 적용",2024-06-19,"현대모비스, 車부품 품질 검사하는 '어쿠스틱 AI' 적용 전자신문","현대모비스, 車부품 품질 검사하는 '어쿠스틱 AI' 적용 전자신문",https://news.google.com/rss/articles/CBMiTkFVX3lxTFBxR3FfX1ZEWGIxSFpVQWFUYTJnZDYyWFQyU0FGYmg5bnVMMG9qUGJaZkxTTndNMXQycjdhcDI5WnBxNVkxenR4bjNOTUVTQQ?oc=5,전자신문,,품질검사,2026-09-19T15:38:10.090473+09:00,False,False,live
ART-00268,market,"[Fact Sheet] 제조 AI, 확산 속도 대비 공정 내 실제 활용도는 저조… “언젠가는 가야 할 흐름”",2024-01-26,"[Fact Sheet] 제조 AI, 확산 속도 대비 공정 내 실제 활용도는 저조… “언젠가는 가야 할 흐름” FA저널","[Fact Sheet] 제조 AI, 확산 속도 대비 공정 내 실제 활용도는 저조… “언젠가는 가야 할 흐름” FA저널",https://news.google.com/rss/articles/CBMia0FVX3lxTE11b3AwSkZlVWU0M185VTRqMllndUJrbXV6bWpXd3p0Q2RNVXAydDBpLXlCYXNGaWU5bGhlYnROMWdGTjFJNVpROEd5cGtvb2JZd3FXVzhOdG9jLXR1LUhYNWhXWG5NUWhCZVlZ?oc=5,FA저널,,품질검사,2026-09-19T15:38:10.090473+09:00,False,False,live
ART-00269,market,국내제약사 10곳 잇따라 행정처분…품질관리·공급준수 ‘경고등’,2025-04-16,국내제약사 10곳 잇따라 행정처분…품질관리·공급준수 ‘경고등’ 뉴스더보이스헬스케어,국내제약사 10곳 잇따라 행정처분…품질관리·공급준수 ‘경고등’ 뉴스더보이스헬스케어,https://news.google.com/rss/articles/CBMib0FVX3lxTE5QdDE3T1lSb05SdWExUmI2QTRsVDZsdE52THh2NWdwUFljSTJqY19hd1pSTXJ2VjN3cFhXNVhJREo5TE1vUmVVak1mQXJuaTh2Y3k1RThxdlRFMVRSRElxekVWaUY0dWlmOEkzQUxLWQ?oc=5,뉴스더보이스헬스케어,,품질검사,2026-09-19T15:38:10.090473+09:00,False,False,live
ART-00270,market,"[창간 43주년] 현대모비스, 자율주행·자율제조 혁신",2025-09-21,"[창간 43주년] 현대모비스, 자율주행·자율제조 혁신 전자신문","[창간 43주년] 현대모비스, 자율주행·자율제조 혁신 전자신문",https://news.google.com/rss/articles/CBMiTkFVX3lxTE1TVXM2WGZMa0Nkcm51ODhKVHNiMHJSUGNiY2NUN0FEMURyQ0hROXJyVHRwUW9TRmJYTmEzTlpIVzhHMGNhUXQ5ZlpHdEFIZw?oc=5,전자신문,,품질검사,2026-09-19T15:38:10.090473+09:00,False,False,live
ART-00271,market,"씨이랩, 초정밀 AI 영상분석 솔루션 '엑스아이바 마이크로' 출시…""반도체 품질검사 혁신""",2025-06-02,"씨이랩, 초정밀 AI 영상분석 솔루션 '엑스아이바 마이크로' 출시…""반도체 품질검사 혁신"" 프라임경제","씨이랩, 초정밀 AI 영상분석 솔루션 '엑스아이바 마이크로' 출시…""반도체 품질검사 혁신"" 프라임경제",https://news.google.com/rss/articles/CBMiY0FVX3lxTE5pdlR5M1E3MUtPeENwRnVvdXZzOFRDVk9oWHduM0lqTjJRd1JqVGdNOUNlZGpORHJmMjk2VUNmUTh1WTlLbXJyNXhicm5HSmEyVXR2OVY3T1J3QUtINDQwbzNkaw?oc=5,프라임경제,,품질검사,2026-09-19T15:38:10.090473+09:00,False,False,live
ART-00272,market,"바이트사이즈, 포스텍과 AI 불량 검사 솔루션 ‘D-PAI’로 신발 제조의 눈이 되다",2025-04-18,"바이트사이즈, 포스텍과 AI 불량 검사 솔루션 ‘D-PAI’로 신발 제조의 눈이 되다 인공지능신문","바이트사이즈, 포스텍과 AI 불량 검사 솔루션 ‘D-PAI’로 신발 제조의 눈이 되다 인공지능신문",https://news.google.com/rss/articles/CBMiZ0FVX3lxTE1CYXFZZnVFMmltUXJVZ0lfaHNDMkQ2Skc2MHNyRHplQVBPeWZoQkZVcFAtNHI5M2FEVGd5dkhmdXhHX2Y0Z2g1MElIcU5vVk5qaFpiRHI5alBPS3FnQThrdnBEMEFIc2c?oc=5,인공지능신문,,품질검사,2026-09-19T15:38:10.090473+09:00,False,False,live
ART-00273,market,"바이슨, AI 머신비전 기술로 베트남 제조시장 공략",2026-09-17,"바이슨, AI 머신비전 기술로 베트남 제조시장 공략 인더스트리뉴스","바이슨, AI 머신비전 기술로 베트남 제조시장 공략 인더스트리뉴스",https://news.google.com/rss/articles/CBMickFVX3lxTE1GNjI1TUgwcEJ6V0tMLVNka0hkX2t6QmZlTWRWNksyd05RV05sWDNlTnpPZUZvenBlNzFFY0MySVZJMDRxTDdMR3NRdnoyR3NFTW5Ca3dmWXdBS1NCTFBYa0o4Z0VSdDJ1N1dTVUFrY0pMdw?oc=5,인더스트리뉴스,,머신비전,2026-09-19T15:38:10.090473+09:00,False,False,live
ART-00274,market,"스누아이랩, CAD 기반 AI 머신비전 플랫폼 'SMVT' 공개",2026-09-15,"스누아이랩, CAD 기반 AI 머신비전 플랫폼 'SMVT' 공개 지디넷코리아","스누아이랩, CAD 기반 AI 머신비전 플랫폼 'SMVT' 공개 지디넷코리아",https://news.google.com/rss/articles/CBMiVkFVX3lxTE5LTWdXYVpmN1pCQnZfei1hQXNUMVk4OEFkS2Z4NmNpanhRX1pSQjg5bjVuaW1xWHR6azc2NjhYZkY4VW9KOWpJaXZpbERGZ2ZOWmRDR0t3?oc=5,지디넷코리아,,머신비전,2026-09-19T15:38:10.090473+09:00,False,False,live
ART-00275,market,"[헬로즈업] 머신비전, 제조업 AI의 첫 대규모 성공 사례로 부상",2026-08-13,"[헬로즈업] 머신비전, 제조업 AI의 첫 대규모 성공 사례로 부상 헬로티","[헬로즈업] 머신비전, 제조업 AI의 첫 대규모 성공 사례로 부상 헬로티",https://news.google.com/rss/articles/CBMiX0FVX3lxTE1XQW5Fd05TcTdXMFhOb0gxUDNSRXdKem1SYzNxc3p4Ui13b0x4dllrUnkxdF9DZWJ5NVQ3endzd0FBOHlaemxYQkl2VGFyT1BjS1Y0bGp4QUNBZmVaQVZR?oc=5,헬로티,,머신비전,2026-09-19T15:38:10.090473+09:00,False,False,live
ART-00276,market,"스트로보스코픽 조명 모듈 시장, 전자제품 제조 내 머신비전 도입 확대로 2035년까지 연평균 6~9% 성장 전망",2026-09-10,"스트로보스코픽 조명 모듈 시장, 전자제품 제조 내 머신비전 도입 확대로 2035년까지 연평균 6~9% 성장 전망 indexbox.io","스트로보스코픽 조명 모듈 시장, 전자제품 제조 내 머신비전 도입 확대로 2035년까지 연평균 6~9% 성장 전망 indexbox.io",https://news.google.com/rss/articles/CBMi3wFBVV95cUxOS2x6bnRqX3BrMTVfcXFKN1NYeG1QLTNUR3pvR2Y1VmppZXVoaFR4VVRtNU1oMUVGWGxiQ29vbTY3bXJqOVpPcGhvOVNvRURqVzJuY1dOSWpiWXoyaFg3RlZNSHpQcG1XZFpzdDFsdkpLeXQ2QVN0MG9iQjBMZk9ueWRiY0hhU000NmpSNC1Ta1hOeHU1aHdkempsdkxqcVNZUjBIT09LVnl4LXpHbW1XWW1lOXBSeTlWVU1ZVjJ1ZVRUd0h1c2N5di1WeHYxWDJRU0dQVTNaYTR2VnEwTE40?oc=5,indexbox.io,,머신비전,2026-09-19T15:38:10.090473+09:00,False,False,live
ART-00277,market,"AI·2.5D·3D 머신비전 최신 트렌드 공개… 크로스오버텍, 27일 코엑스서 기술 세미나 개최",2026-05-21,"AI·2.5D·3D 머신비전 최신 트렌드 공개… 크로스오버텍, 27일 코엑스서 기술 세미나 개최 FA저널","AI·2.5D·3D 머신비전 최신 트렌드 공개… 크로스오버텍, 27일 코엑스서 기술 세미나 개최 FA저널",https://news.google.com/rss/articles/CBMia0FVX3lxTE9uUm9NLUl2OXdSQWhBblhZSDl3elROeGVxaVA5RVltMVRDc2hfNjR1YkhGaF9ydHBoZGFHV2diNVBFM0tQeFhTazJLcmRfcjV2STYtS1FFTl9ZSkdLNXpNOHNZR191TkwxS24w?oc=5,FA저널,,머신비전,2026-09-19T15:38:10.090473+09:00,False,False,live
ART-00278,market,Global 3D Machine Vision Market의 상위 15개 기업,2026-08-27,Global 3D Machine Vision Market의 상위 15개 기업 Spherical Insights,Global 3D Machine Vision Market의 상위 15개 기업 Spherical Insights,https://news.google.com/rss/articles/CBMivwFBVV95cUxPb1VFUDhGM0poanZPR0prZ0lxZWJtbjdBQWhQYVVmVFJmWmhkRVZfSS05ZnlqajVuUGhvQnNXSURhRXRZTUZkWm80OFJ6aVN0VGdMTElVTGRlSDVQb3VZWk54bkVrNE9zUjhwYUNObU5lVGJDb0ZGeXctVlVxVlQ0RHVqTUhGUDh6YVhYQnhmYzJyWnB5WEZFZU9LUUc2WGxNRFpEZWdYS0JYMXVqd09nNGR1bHZCeWd3WkJFLTNuRQ?oc=5,Spherical Insights,,머신비전,2026-09-19T15:38:10.090473+09:00,False,False,live
ART-00279,market,충남인력개발원·남양유업 채용연계 과정 운영…PLC·머신비전·AI 예지보전 집중 훈련,2026-09-10,충남인력개발원·남양유업 채용연계 과정 운영…PLC·머신비전·AI 예지보전 집중 훈련 충청메트로,충남인력개발원·남양유업 채용연계 과정 운영…PLC·머신비전·AI 예지보전 집중 훈련 충청메트로,https://news.google.com/rss/articles/CBMia0FVX3lxTE9yRHUybFRkV0ZoWnFtT3FZWmpfNWFmdk1QRmxFSm1DTklGVUgzQnlDTjk2bWZvbEdBRzZpRHNfLTF2VkpUc2VTSTd2RHlMY3RqZ2k1Q2dzRTRaRFVIUUNSMVYyOUxlQWJsbzkw?oc=5,충청메트로,,머신비전,2026-09-19T15:38:10.090473+09:00,False,False,live
ART-00280,market,[기업탐방] 엠엔비젼(MNVISION) - “머신비전의 눈으로 산업을 혁신하다”,2026-06-06,[기업탐방] 엠엔비젼(MNVISION) - “머신비전의 눈으로 산업을 혁신하다” 재개발재건축매거진,[기업탐방] 엠엔비젼(MNVISION) - “머신비전의 눈으로 산업을 혁신하다” 재개발재건축매거진,https://news.google.com/rss/articles/CBMia0FVX3lxTFB5NkktMzR1c3gyMWwwQUNxSU1vNV9Gd2FvVmZaV2lraGY1T1JaZHc5R1dsZlRpak5qbW1UM1YwSlM5NGFpWFp0M0kyQjN6ejJZbEY4ZEczMjJqcHhyWnFoam82WG9Ra2pwX25r?oc=5,재개발재건축매거진,,머신비전,2026-09-19T15:38:10.090473+09:00,False,False,live
ART-00281,market,"비전 가이드 검사 장비 시장 규모, 점유율 [2034]",2026-06-10,"비전 가이드 검사 장비 시장 규모, 점유율 [2034] Fortune Business Insights","비전 가이드 검사 장비 시장 규모, 점유율 [2034] Fortune Business Insights",https://news.google.com/rss/articles/CBMilgFBVV95cUxOenUxQ2xwY3BvSkJEdm1hMVJPRjlEMGJzb2djeVpaREM1QmstY21qODJkaTltZjFhaDJqWWpTV2VXSXh1bU1oMUdHSVl0Vm1uOEd0WDAySTJjbEFER1ZSam9RQ0JoUWhZS0ZtRkpaQVBsZFRnZ0VRVHp0cU9Zb1dZbS1iYjZVQWg5WXdLM3dQY3daVFozMnc?oc=5,Fortune Business Insights,,머신비전,2026-09-19T15:38:10.090473+09:00,False,False,live
ART-00282,market,"[인터뷰] ""중국 3D 머신비전 1위 신스비전, 한국 제조업 숨은 수요 잡겠다""",2026-03-13,"[인터뷰] ""중국 3D 머신비전 1위 신스비전, 한국 제조업 숨은 수요 잡겠다"" 헬로티","[인터뷰] ""중국 3D 머신비전 1위 신스비전, 한국 제조업 숨은 수요 잡겠다"" 헬로티",https://news.google.com/rss/articles/CBMiWkFVX3lxTFBRNDhVWV96dUtrdGRidVVkYUNXcHhfVi1kMHJlS2kyQ0JuYk9xX2lmSWxkZDVfaFdmSmRwTGxiaWF4c1d0ak5EN3hBZk0zaXdUZ0xPdFhKcDB1Zw?oc=5,헬로티,,머신비전,2026-09-19T15:38:10.090473+09:00,False,False,live
ART-00283,market,"로봇 비전 시스템 시장 전망, 2035년까지 연평균 10~13% 성장",2026-09-09,"로봇 비전 시스템 시장 전망, 2035년까지 연평균 10~13% 성장 indexbox.io","로봇 비전 시스템 시장 전망, 2035년까지 연평균 10~13% 성장 indexbox.io",https://news.google.com/rss/articles/CBMigAFBVV95cUxOR2s1dDkxZHVXc3djWm8zREdsZVpobXV0YnJ0N3dyMkZza3o5TVhUZkRyMmVwWHlWQzZrdURPY2o3N2I5VWk5MjF3NXlVWXZpa3Y0UFg4SFRVUExUNjVBVi1lN0FiU0xKZUh3eE5XbWxHWG5YRHRMZE10UHJkS3pDeQ?oc=5,indexbox.io,,머신비전,2026-09-19T15:38:10.090473+09:00,False,False,live
ART-00284,market,[헬로즈업] 보는 AI는 끝났다…이제 공장은 ‘소리’까지 듣는다,2026-06-20,[헬로즈업] 보는 AI는 끝났다…이제 공장은 ‘소리’까지 듣는다 헬로티,[헬로즈업] 보는 AI는 끝났다…이제 공장은 ‘소리’까지 듣는다 헬로티,https://news.google.com/rss/articles/CBMiX0FVX3lxTE5ZV0RLX1FKNlozZVZZQnZmZmRsMHNuaVNqNnhkUEdodU84T2ViNHVvaHU2NTV2M2ROdGJjTExPbUxfQmVfUklWY08tMVk1TzlGLU94TVVsaE9QVzRfWHJJ?oc=5,헬로티,,머신비전,2026-09-19T15:38:10.090473+09:00,False,False,live
ART-00285,market,고장 나기 전에 알려주는 공장··· 제조업 ‘AX 시대’ 열렸다,2026-04-26,고장 나기 전에 알려주는 공장··· 제조업 ‘AX 시대’ 열렸다 v.daum.net,고장 나기 전에 알려주는 공장··· 제조업 ‘AX 시대’ 열렸다 v.daum.net,https://news.google.com/rss/articles/CBMiS0FVX3lxTFBPZW50VXNWZDZNOVdvVW5uOVU0REd4TGIzc2ZITXlpd0JHYjhmQkJkdWVsNW9oOGFEbnZ4el9PZVJpSF9xS0kwNkUxWQ?oc=5,v.daum.net,,머신비전,2026-09-19T15:38:10.090473+09:00,False,False,live
ART-00286,market,"비전-언어 모델(VLM), 제조 현장에 혁신을 불러오다",2026-05-27,"비전-언어 모델(VLM), 제조 현장에 혁신을 불러오다 헬로티","비전-언어 모델(VLM), 제조 현장에 혁신을 불러오다 헬로티",https://news.google.com/rss/articles/CBMiX0FVX3lxTE5GU1hNcnBDcWgwdTZUYlladFFjRTZqa2F1VHVHOTV5dkswc2lHUEhIaWVKaXVIcWxXMWlFZHZMZnV6WjRSRmJ2TVlsZVB6MEdYejZlWnM0dHBfZlhJYW9R?oc=5,헬로티,,머신비전,2026-09-19T15:38:10.090473+09:00,False,False,live
ART-00287,market,"산업 현장 맞춤형 머신비전 강화…바이렉스, 오토포커스 기술 적용 확대",2026-05-20,"산업 현장 맞춤형 머신비전 강화…바이렉스, 오토포커스 기술 적용 확대 헬로티","산업 현장 맞춤형 머신비전 강화…바이렉스, 오토포커스 기술 적용 확대 헬로티",https://news.google.com/rss/articles/CBMiX0FVX3lxTE9peGJXQ19XVlBwaFU2NnZNZ2Q5X3pJcmt6T2JWU1diZ1U4eGU4UHVqNWVfODRNQl9vMUIyOE03OEM2Z2FxWXV1YUxpOG5zNHdhRnBQU3c0NjJmRzMtMFg0?oc=5,헬로티,,머신비전,2026-09-19T15:38:10.090473+09:00,False,False,live
ART-00288,market,"크로스오버텍, 27일 코엑스서 3D·AI 비전 기술 세미나 개최",2026-05-19,"크로스오버텍, 27일 코엑스서 3D·AI 비전 기술 세미나 개최 헬로티","크로스오버텍, 27일 코엑스서 3D·AI 비전 기술 세미나 개최 헬로티",https://news.google.com/rss/articles/CBMiWkFVX3lxTFBpdVlmMzZCWllhbEduNHBqM1c4U3cySmM4cDBIUWxhR1FIemd5QkY1T1dTSEhEWjZ3ZmpnckprQ0ZJbXlWdGtpdFp2SHJUNm9OcWExQ3dsdWlJZw?oc=5,헬로티,,머신비전,2026-09-19T15:38:10.090473+09:00,False,False,live
ART-00289,market,"[AW 2026] 알티엠, 제조업 최적화 통합 비전 AI 솔루션 출품",2026-03-08,"[AW 2026] 알티엠, 제조업 최적화 통합 비전 AI 솔루션 출품 헬로티","[AW 2026] 알티엠, 제조업 최적화 통합 비전 AI 솔루션 출품 헬로티",https://news.google.com/rss/articles/CBMiX0FVX3lxTE5wTXMxUUdKeENLbW94THQwTUhLaVQ3OFIwMWVFTmdLbGJ6SXhVaHpQS1Y2Y3I0YlNkNWIxVlJQRVM3VGZuLVRzU1ZkMHpwWlNkc0h1STVMTHo4eUhGZzlR?oc=5,헬로티,,머신비전,2026-09-19T15:38:10.090473+09:00,False,False,live
ART-00290,market,"코그넥스, AI 머신 비전 보고서 발표…""제조업체들, AI 비전 시스템에 '고성능•간편성' 모두 요구""",2026-03-23,"코그넥스, AI 머신 비전 보고서 발표…""제조업체들, AI 비전 시스템에 '고성능•간편성' 모두 요구"" PR Newswire","코그넥스, AI 머신 비전 보고서 발표…""제조업체들, AI 비전 시스템에 '고성능•간편성' 모두 요구"" PR Newswire",https://news.google.com/rss/articles/CBMipgJBVV95cUxNNHNZaUo4c2tleEpfbUJEdzJTMWtQZTlmVUtVakNhVFYwM05YRFJiWjBfQTE5QzU3ZTU0SlJJT2ZCOExzeW80LWdCcU5jaHF0TkR2a3FudUhSQlFYLWEzWDhzQkhNQWMyMWFGazgwRWxGRnVzQkVkaUVEUXg0VnBfT1R6S1ZfX2tPcTZIR1hDZlVIRkd4eWdQMzh5RmV5NHRzTEtHQy14Nk1oRjVUOVFKY3FHeEF5SmV3V1B3ZXAwY1pqSHRpM0JtdmpNdzNZUGJ4UnVCUWx5UDZ6dmk4R1I5SnRFYTlac2paSWFXcjJETlZCeDhLRlp6U2tTenBFV2NqZmJQR1hKWWprZ2lOTVQ0Qi1KNVp4MkVSMGZSd2dOVE5nbjJOcFE?oc=5,PR Newswire,,머신비전,2026-09-19T15:38:10.090473+09:00,False,False,live
ART-00291,market,"판독은 AI가, 용접은 로봇이...고도화되는 스마트 용접 제조 전략은?",2026-04-23,"판독은 AI가, 용접은 로봇이...고도화되는 스마트 용접 제조 전략은? 헬로티","판독은 AI가, 용접은 로봇이...고도화되는 스마트 용접 제조 전략은? 헬로티",https://news.google.com/rss/articles/CBMiWkFVX3lxTE5DNWh3dk80bWtOcjhLRFNWX0VWemJDYzgwdC1IbWEwSFJpWFJxazNuV0pWTkc5MzNVV2dabGVpbUl4bzVDbzlPaVNGWERMZExCZUpVSVk0SEdHZw?oc=5,헬로티,,머신비전,2026-09-19T15:38:10.090473+09:00,False,False,live
ART-00292,market,"[AW 2026] 포스로직, 2D·3D·AI 통합 머신비전 플랫폼 ‘FLImaging’ 출품",2026-03-08,"[AW 2026] 포스로직, 2D·3D·AI 통합 머신비전 플랫폼 ‘FLImaging’ 출품 헬로티","[AW 2026] 포스로직, 2D·3D·AI 통합 머신비전 플랫폼 ‘FLImaging’ 출품 헬로티",https://news.google.com/rss/articles/CBMiX0FVX3lxTFB1RnRWbGZ6MXB6RzhsWGpPRUhwVVB6Nm9FcU5mWmZPOGRMQVJDNUVvcm9qdHZrek1aYUFsd1lzV2J2NlNvbTNpa0sxajNScFVjc3FkNEtKelJaTnpDSWxn?oc=5,헬로티,,머신비전,2026-09-19T15:38:10.090473+09:00,False,False,live
ART-00293,market,"[AW 2026] 코그넥스 코리아, AI 탑재 고성능 스마트 비전 'In-Sight 3800' 전시",2026-03-08,"[AW 2026] 코그넥스 코리아, AI 탑재 고성능 스마트 비전 'In-Sight 3800' 전시 헬로티","[AW 2026] 코그넥스 코리아, AI 탑재 고성능 스마트 비전 'In-Sight 3800' 전시 헬로티",https://news.google.com/rss/articles/CBMiX0FVX3lxTE9hTG1BWEVrMjB1cUdZYjFvRHhEN0c0RlpFU1pGTnFNSnR0X21TRmRkQWZPQ2gtSUpHcW1VZHlHN283NnlnUlhRV0tRcVFnMTBwTFlPZkVXS0VIRWJtd2Vj?oc=5,헬로티,,머신비전,2026-09-19T15:38:10.090473+09:00,False,False,live
ART-00294,market,"바이슨, 제조 AI 플랫폼 사업 확대…자동차 등 진출 - 머니투데이",2026-07-01,"바이슨, 제조 AI 플랫폼 사업 확대…자동차 등 진출 - 머니투데이 mt.co.kr","바이슨, 제조 AI 플랫폼 사업 확대…자동차 등 진출 - 머니투데이 mt.co.kr",https://news.google.com/rss/articles/CBMibEFVX3lxTFBUTHFmeklXbzRGVlZQeVdqOTdoV3RlSi1oSmpYNVUxQi0tak9Ka3VqcFJnXzR4RUxuQWtmS3lRcnlEd0lSeDNSUnBVbl9pQWNiOW5ZbDBLeVFSVVViWjBxTm03ODJFSV9NbEtVbNIBckFVX3lxTE1yRkQwSlFDMWJXRk92RjBhNUc5QVRILTgzQ3lHN3NRQkVwSlJ2U0xJYmRYMFFOZkxIUlRoMWYwMFp3N2xOLW9IWE94VDhDanRDaExteUF4SDFsS3pEOXZ6NUlIQmxBc3I4WENmT3Z6eDNEUQ?oc=5,mt.co.kr,,머신비전,2026-09-19T15:38:10.090473+09:00,False,False,live
ART-00295,market,"[인터뷰] 김태훈 코그넥스 코리아 전무 “머신 비전과 딥러닝 시스템 도입 추세에 부응, 고객에 맞는 기술 지원하는 게 비결이죠”",2025-12-30,"[인터뷰] 김태훈 코그넥스 코리아 전무 “머신 비전과 딥러닝 시스템 도입 추세에 부응, 고객에 맞는 기술 지원하는 게 비결이죠” elec4","[인터뷰] 김태훈 코그넥스 코리아 전무 “머신 비전과 딥러닝 시스템 도입 추세에 부응, 고객에 맞는 기술 지원하는 게 비결이죠” elec4",https://news.google.com/rss/articles/CBMibkFVX3lxTE1FTnVBYmg2MnJwdHN3TkowZGVaT1RQeHljbzNiN3gwMm95RHkybGN1eFlUV2Vlc1hVMFEyTmtQZ1A4QklmYmZIS3l0cVJ2Q0Y5TFlCaHAtc2NLVmpTazBueENWaWVJZTM4R0QwMHJR?oc=5,elec4,,머신비전,2026-09-19T15:38:10.090473+09:00,False,False,live
ART-00296,market,머신 비전 시장 규모 (2033년),2026-01-28,머신 비전 시장 규모 (2033년) snsinsider.com,머신 비전 시장 규모 (2033년) snsinsider.com,https://news.google.com/rss/articles/CBMickFVX3lxTE5XNmJ0QWdyRzVGM2ZmcWw5Ty1EeDBDSnh6N3QzbGU1ODZwN2tjcktsT3lad3VfXzZEWjBIQTJyZ1hDdVBaMUZyclJNRVFVOExrTUQtbUtVY0w3ZlBmTWhXcF9lb1d0UjBJZ0FqM2wxXzBfdw?oc=5,snsinsider.com,,머신비전,2026-09-19T15:38:10.090473+09:00,False,False,live
ART-00297,market,[2026 산업AX KOREA] SDF부터 다크 팩토리까지...대전환기 속 제조 AX의 구동 접근법은?,2026-06-09,[2026 산업AX KOREA] SDF부터 다크 팩토리까지...대전환기 속 제조 AX의 구동 접근법은? 헬로티,[2026 산업AX KOREA] SDF부터 다크 팩토리까지...대전환기 속 제조 AX의 구동 접근법은? 헬로티,https://news.google.com/rss/articles/CBMiX0FVX3lxTE1yamlvbVdHdHE0VktMYjl1bGlXMWJVb3FOWUZRMnNDR2hEV1VhNUtyMnRrS0tKSmJ3ZHBIdl81R3FVMXJiRDhzRzNqS3U5TVBpN0hScHg0amFaN0txQzdN?oc=5,헬로티,,머신비전,2026-09-19T15:38:10.090473+09:00,False,False,live
ART-00298,market,"한국폴리텍대학-코그넥스, 스마트팩토리 ‘머신비전’ 핵심 인력 양성 업무협약 체결",2026-05-12,"한국폴리텍대학-코그넥스, 스마트팩토리 ‘머신비전’ 핵심 인력 양성 업무협약 체결 기계신문","한국폴리텍대학-코그넥스, 스마트팩토리 ‘머신비전’ 핵심 인력 양성 업무협약 체결 기계신문",https://news.google.com/rss/articles/CBMiZ0FVX3lxTE1PYWFwNTlSVlhzYXNWRkprYkl4UGtsQUNpek9ENWNvZ09vS3ZSVzhULVI0Ylpfb20xSVRydjFISFBqRVNuQnJvZWZSdmVpWTU1TnhVLTlWQkxhek1XcTNISmhNUi1acms?oc=5,기계신문,,머신비전,2026-09-19T15:38:10.090473+09:00,False,False,live
ART-00299,market,AI 자동화·머신 비전·RFID로 현장 실행력 높이는 ‘지능형 운영’...제조·물류·소매·공공 확산,2025-12-23,AI 자동화·머신 비전·RFID로 현장 실행력 높이는 ‘지능형 운영’...제조·물류·소매·공공 확산 지티티코리아,AI 자동화·머신 비전·RFID로 현장 실행력 높이는 ‘지능형 운영’...제조·물류·소매·공공 확산 지티티코리아,https://news.google.com/rss/articles/CBMiakFVX3lxTE1DcHlJb1Q5WFVKZ0JYS2RLZDlDRk1ac3V3NU8xd2s4emdqbDRUa0Q4MU11SWhnWTU4dWg5VEV3OHZTcThwQWFSNkxMSjkzRUw4YldhNEZFVFNwSWlfSTd6bDFDMk8wMnUxVHc?oc=5,지티티코리아,,머신비전,2026-09-19T15:38:10.090473+09:00,False,False,live
ART-00300,market,"코그넥스, 전기차 배터리 위한 딥러닝 기반 머신비전 솔루션 제안",2026-01-03,"코그넥스, 전기차 배터리 위한 딥러닝 기반 머신비전 솔루션 제안 elec4","코그넥스, 전기차 배터리 위한 딥러닝 기반 머신비전 솔루션 제안 elec4",https://news.google.com/rss/articles/CBMibkFVX3lxTE04RWktTU00TndDWmIzNzdaQ043LXJrbS1mcHZxYmNMOF96dUtqclFFMG5yUlVSMndVV3owU3FPY3hhRHRsd1dyV0RpcFJidVJLaVp6MkRmQ2podm1ySkVRRC1zUGtZUjZTVEFPTzFR?oc=5,elec4,,머신비전,2026-09-19T15:38:10.090473+09:00,False,False,live
ART-00301,market,"[KIMEX 2026] “데이터가 공정을 바꾼다” 센서부터 도면 관리까지, 제조 현장의 눈과 두뇌를 만나다",2026-05-21,"[KIMEX 2026] “데이터가 공정을 바꾼다” 센서부터 도면 관리까지, 제조 현장의 눈과 두뇌를 만나다 헬로티","[KIMEX 2026] “데이터가 공정을 바꾼다” 센서부터 도면 관리까지, 제조 현장의 눈과 두뇌를 만나다 헬로티",https://news.google.com/rss/articles/CBMiX0FVX3lxTE9ZbDFCUlg0dzg5cHlVOFZoYzJkMmRFVGlMcjdZZk56ZlFsRTBiUm5WeVlSX0NpN3RFZTlzMzBRRk9NUWw0MzlXLVIza2dXN0ZTc2JOU0cwYUNzQnVjc3Rr?oc=5,헬로티,,머신비전,2026-09-19T15:38:10.090473+09:00,False,False,live
ART-00302,market,"美日에 3D 머신비전 기술 공급…클레로보틱스, 일본 TTS와 계약",2025-12-16,"美日에 3D 머신비전 기술 공급…클레로보틱스, 일본 TTS와 계약 유니콘팩토리","美日에 3D 머신비전 기술 공급…클레로보틱스, 일본 TTS와 계약 유니콘팩토리",https://news.google.com/rss/articles/CBMibEFVX3lxTE9rSFktN3loWjFJRHRBdWQ0VEFDVmRvMExmRkRZUEpaeTE5TjBMMUVZb1lDc1pSUFhvSHFzZVkyZW1sZzBYMUpGQ3pqMWpueU9MS2JES0lqQzQ1ZVBneEdzT3ZuNkRfajA0bzdnQw?oc=5,유니콘팩토리,,머신비전,2026-09-19T15:38:10.090473+09:00,False,False,live
ART-00303,market,"[AW 2026] 비케이인스트루먼트, 차세대 '초분광 이미징 시스템'으로 머신비전 및 스마트 공정 패러다임 전환 예고",2026-03-08,"[AW 2026] 비케이인스트루먼트, 차세대 '초분광 이미징 시스템'으로 머신비전 및 스마트 공정 패러다임 전환 예고 헬로티","[AW 2026] 비케이인스트루먼트, 차세대 '초분광 이미징 시스템'으로 머신비전 및 스마트 공정 패러다임 전환 예고 헬로티",https://news.google.com/rss/articles/CBMiWkFVX3lxTFB5dUh0c0hzMEFHTEd5RWl0ZTNxdzFpU28wVkhsYm9ndTNRWUtzaUg5S0cySUlXVXNVdzRVaWJGN2EtUWhsNzVVX2k5WXBWZExWUU9LQ3VLZlBwUQ?oc=5,헬로티,,머신비전,2026-09-19T15:38:10.090473+09:00,False,False,live
ART-00304,market,"[Fact Sheet] 제조업계, “스마트비전 도입은 필수, 초기 비용·전문인력 부족이 걸림돌”",2025-05-08,"[Fact Sheet] 제조업계, “스마트비전 도입은 필수, 초기 비용·전문인력 부족이 걸림돌” 인더스트리뉴스","[Fact Sheet] 제조업계, “스마트비전 도입은 필수, 초기 비용·전문인력 부족이 걸림돌” 인더스트리뉴스",https://news.google.com/rss/articles/CBMickFVX3lxTFBOaENFc1ZxS1BoVTJxcXB2eW4zVi04cWFoX1hCTnZxV0ZNcHVzVDd0LV81S2dTS1RuM01wMTZCSkhwSmxiLWZtZ1FFeUhFdDc1X2Vydm1hT3lDSXFTRUZXemJnV0dqU2xBc0toLWthVjZ4UQ?oc=5,인더스트리뉴스,,머신비전,2026-09-19T15:38:10.090473+09:00,False,False,live
ART-00305,market,"[AM리더스클럽23] 검사장비 DNA로 만든 통합 비전 솔루션, 제조 현장의 눈이 되다",2025-11-03,"[AM리더스클럽23] 검사장비 DNA로 만든 통합 비전 솔루션, 제조 현장의 눈이 되다 FA저널","[AM리더스클럽23] 검사장비 DNA로 만든 통합 비전 솔루션, 제조 현장의 눈이 되다 FA저널",https://news.google.com/rss/articles/CBMia0FVX3lxTE5TWGxtX1NJdExVcEVyUmppWVRibHR0Qk5OdWJwQnVaYW50Z3p3Sm1NYkpYNjduXzU1YUZTSmRCa2dVREJWeWtNYm1DcmdJSV9OQjc1NnBpclkxd2xET2FSeVNjWmVzY0x2QURN?oc=5,FA저널,,머신비전,2026-09-19T15:38:10.090473+09:00,False,False,live
ART-00306,market,"[AW 2026 프리뷰 인터뷰] 오즈레이, 국내 유일 초분광 카메라 국산화…적외선 영역 전문 기업으로 도약",2026-02-04,"[AW 2026 프리뷰 인터뷰] 오즈레이, 국내 유일 초분광 카메라 국산화…적외선 영역 전문 기업으로 도약 헬로티","[AW 2026 프리뷰 인터뷰] 오즈레이, 국내 유일 초분광 카메라 국산화…적외선 영역 전문 기업으로 도약 헬로티",https://news.google.com/rss/articles/CBMiX0FVX3lxTE1MMHF5bU5MSGtwbGZhTnRuY0JKUjdMMDZ0T1A4cGNCMzVYRVRsN2NhUWhuVVNsU3VhckhjelVuZndQZjZwaXlOb25MRU5zS3RSVWpLWW9oa0o1RGl2ZWJV?oc=5,헬로티,,머신비전,2026-09-19T15:38:10.090473+09:00,False,False,live
ART-00307,market,"[AW 2026 프리뷰 인터뷰] “‘이송·검사·제어’ 통합 아키텍처로 AW 참가” 아이온, 차세대 자동화 운영 엔진 예고해",2026-02-24,"[AW 2026 프리뷰 인터뷰] “‘이송·검사·제어’ 통합 아키텍처로 AW 참가” 아이온, 차세대 자동화 운영 엔진 예고해 헬로티","[AW 2026 프리뷰 인터뷰] “‘이송·검사·제어’ 통합 아키텍처로 AW 참가” 아이온, 차세대 자동화 운영 엔진 예고해 헬로티",https://news.google.com/rss/articles/CBMiX0FVX3lxTE5hbkdwaEUwOEt0VDBubjR0UHFPNzYtbFRfMUliOXhPb3JUR3VMWlFIdENjY0E4UklSYUVyNHpmYk5qSC13a19MQ3dKUjRYV1VNampYSHI3QmM2ZFhtYk9J?oc=5,헬로티,,머신비전,2026-09-19T15:38:10.090473+09:00,False,False,live
ART-00308,market,“한국 머신비전 시장의 ‘큰 손’ 제조·물류산업”,2024-01-10,“한국 머신비전 시장의 ‘큰 손’ 제조·물류산업” 산업일보,“한국 머신비전 시장의 ‘큰 손’ 제조·물류산업” 산업일보,https://news.google.com/rss/articles/CBMiREFVX3lxTE5ac19kTjNpUXhqdjR2QlV6V0hjM0FSeFVxeUVHN01UM0JCS3UxR0ltNTBqNXE2MElsdTFDUFp6eS02VDAx?oc=5,산업일보,,머신비전,2026-09-19T15:38:10.090473+09:00,False,False,live
ART-00309,market,"기술 융합 거듭한 머신비전, 정밀한 검사로 공정 신뢰도 높인다",2023-05-19,"기술 융합 거듭한 머신비전, 정밀한 검사로 공정 신뢰도 높인다 인더스트리뉴스","기술 융합 거듭한 머신비전, 정밀한 검사로 공정 신뢰도 높인다 인더스트리뉴스",https://news.google.com/rss/articles/CBMickFVX3lxTE9sZ3hpSlhmRk91Z1huaE5XUlpwOXFRZVgzdHFTTHprdW1sYXdncm5SSXB2MXprZDExTk01eDc2T1dPZGRPWjJoelNFcnp5em1pRXYxbzV5SHNKZGptLV8xXzFoazI5RTZlTlZSc24tS2lPUQ?oc=5,인더스트리뉴스,,머신비전,2026-09-19T15:38:10.090473+09:00,False,False,live
ART-00310,market,[BUTECH 2025] 공장의 눈과 뇌가 진화한다...‘불량률 제로’ 넘어 초지능형 제조 시대로,2025-05-27,[BUTECH 2025] 공장의 눈과 뇌가 진화한다...‘불량률 제로’ 넘어 초지능형 제조 시대로 헬로티,[BUTECH 2025] 공장의 눈과 뇌가 진화한다...‘불량률 제로’ 넘어 초지능형 제조 시대로 헬로티,https://news.google.com/rss/articles/CBMiX0FVX3lxTE1pSDBHUndXV1ZnVUZaXzJ6ejRCSzlYVl9IaFZjY2EzWFpCQlNnMUlIb0ZvdkZZdnEycUNJVDdNSWtadHUxelhjeUFQa0EtaGR6WWZrejR4YkRWaGZBckQw?oc=5,헬로티,,머신비전,2026-09-19T15:38:10.090473+09:00,False,False,live
ART-00311,market,"[스페셜리포트] 성장세로 돌아선 머신비전 시장, M&A 및 기술 융합 활발",2024-05-03,"[스페셜리포트] 성장세로 돌아선 머신비전 시장, M&A 및 기술 융합 활발 인더스트리뉴스","[스페셜리포트] 성장세로 돌아선 머신비전 시장, M&A 및 기술 융합 활발 인더스트리뉴스",https://news.google.com/rss/articles/CBMickFVX3lxTE92Mkw2ZnA4OTd5RWhUR1dSa3JIRXYyek9sU0luUlJhREw3ZUVLeG1zNVRKcFI4Y2VNS2xORS1ocTVYdDVkWHR0TUlqU3pCYTJKR1czVXQ5cXVVQlp2dF9YV2ZGMlpNX3NfeVcyXy1UbElaUQ?oc=5,인더스트리뉴스,,머신비전,2026-09-19T15:38:10.090473+09:00,False,False,live
ART-00312,market,"[뉴in] 라이브 스트리밍 가능한 AI머신비전, 제조업 바꾼다",2022-10-31,"[뉴in] 라이브 스트리밍 가능한 AI머신비전, 제조업 바꾼다 산업인뉴스","[뉴in] 라이브 스트리밍 가능한 AI머신비전, 제조업 바꾼다 산업인뉴스",https://news.google.com/rss/articles/CBMibEFVX3lxTE44bmZlWmtYRGljOXg0bWNDTzYwci0xT1lKaEJDZm0wRHBybFhJY0tONVdIS3NpejQxSWVpYXVpWWpRVnVUM0hEaTljQ0xHckNYbjRadFdpTXJwZTlZSFY3cm5lanBjNmxEUkdrcQ?oc=5,산업인뉴스,,머신비전,2026-09-19T15:38:10.090473+09:00,False,False,live
ART-00313,market,"인공지능 만난 머신비전… ""성장 가능성 주목해야""",2020-02-25,"인공지능 만난 머신비전… ""성장 가능성 주목해야"" FA저널","인공지능 만난 머신비전… ""성장 가능성 주목해야"" FA저널",https://news.google.com/rss/articles/CBMiakFVX3lxTE9sa3haZkNDQ29hdDNmd0dqZ25DbGU0SHhveWhjWnFxbU51QVczYUZvX1owQS1OV01xWXBZTWtJVGNfcGpzWTN1N2ctcHdtVzZpSnk3ZG5EN1NoS25VSnlLQnlmMzN5c3RseXc?oc=5,FA저널,,머신비전,2026-09-19T15:38:10.090473+09:00,False,False,live
ART-00314,market,"뉴로클, “현장 맞춤형 솔루션으로 머신비전 분야 난제 해결”",2025-01-06,"뉴로클, “현장 맞춤형 솔루션으로 머신비전 분야 난제 해결” FA저널","뉴로클, “현장 맞춤형 솔루션으로 머신비전 분야 난제 해결” FA저널",https://news.google.com/rss/articles/CBMia0FVX3lxTFAwVHVKQUJNTVZIU0hFWXhQWXBzVGRVZ3ZxWTFCeF9LSUFZV0ttYTlCaUJSblR1MzVtcXBpaVdLUnBPYWdWWlp6d3kxd3VaelA0TXBadjliWVk2UVlDNjVDRVR5elhFT1NWdm5N?oc=5,FA저널,,머신비전,2026-09-19T15:38:10.090473+09:00,False,False,live
ART-00315,market,제조업의 난제 해결할 딥러닝 기반의 통합 머신비전 솔루션,2021-08-02,제조업의 난제 해결할 딥러닝 기반의 통합 머신비전 솔루션 월간인물,제조업의 난제 해결할 딥러닝 기반의 통합 머신비전 솔루션 월간인물,https://news.google.com/rss/articles/CBMickFVX3lxTE5FVG9tQnJMQWVhaWljdXN6STU2UmNPc0prWkJPekRWY3hndVNlWWlLMEJpdFk2eVNsRVBtMUJoVGlhRHpXOWh0SG50MnFaRHNtUlp4NUZvVFNzTWNoeU4wTF96bHZnNlZWeWVtX20zN2c1QdIBdkFVX3lxTFA4LWNDTjd6cml1c3BYX1l4NUx0WTVhMGxoMkI1Z2h1Yk9kNHljcjFmcW1lOF9yT3k2ZjlmVEF4VEdEa0NVNThFSWRXdkhpZWRPd0hrZ2tMWnVULU94T2hTalNtWkt2M0JCbTExTEFneWgtQlJMM1E?oc=5,월간인물,,머신비전,2026-09-19T15:38:10.090473+09:00,False,False,live
ART-00316,market,[기고] 제조 및 산업환경에서의 AI 비전 모니터링 애플리케이션,2021-06-08,[기고] 제조 및 산업환경에서의 AI 비전 모니터링 애플리케이션 인공지능신문,[기고] 제조 및 산업환경에서의 AI 비전 모니터링 애플리케이션 인공지능신문,https://news.google.com/rss/articles/CBMiZkFVX3lxTFBjenpLMmgwSk55b2hjSmY3VGJFOFkzZTFPUzhtbjdBd012RlUtaEtweUw3VmxkWkE3bVhhV3YxR3RmSm9TdHBNXzJmMVNWbktKRkRqck9tN01QcDJ1dHZYakNoenpFdw?oc=5,인공지능신문,,머신비전,2026-09-19T15:38:10.090473+09:00,False,False,live
ART-00317,market,"성장 거듭하는 머신비전, 카메라·렌즈 등 광학기술 경쟁 치열",2024-01-25,"성장 거듭하는 머신비전, 카메라·렌즈 등 광학기술 경쟁 치열 테크월드","성장 거듭하는 머신비전, 카메라·렌즈 등 광학기술 경쟁 치열 테크월드",https://news.google.com/rss/articles/CBMiaEFVX3lxTE9JNmcxT0U3bzFkMjcyeDFDLXBZaGN0ZjRiOU9GbFMtVzB1S1I1S1VjVk5PR1RiRGxwWHlFenV2aTRvT2xsNnR2N1RHYmFRMXdDVnE4Q3NoVEkwc09lSHhsdVVCQ0xNVkN5?oc=5,테크월드,,머신비전,2026-09-19T15:38:10.090473+09:00,False,False,live
ART-00318,market,"배터리 생산 4.0 시대, 핵심은 '머신비전'",2023-12-25,"배터리 생산 4.0 시대, 핵심은 '머신비전' 헬로티","배터리 생산 4.0 시대, 핵심은 '머신비전' 헬로티",https://news.google.com/rss/articles/CBMiXkFVX3lxTE4wQ3JEeEVINTAxZkJ1X3ExN2p1akplemVhVnh0enFqUlNvWGU4NE81REFwdFNMOHhPUkdqR2RHV3BscnVaNmpNM1F2STlUa3NQb0RSZTVfWTNXejNIdFE?oc=5,헬로티,,머신비전,2026-09-19T15:38:10.090473+09:00,False,False,live
ART-00319,market,"세이지, BUTECH 2025서 머신비전 솔루션 ‘세이지 비전’ 공개",2025-05-15,"세이지, BUTECH 2025서 머신비전 솔루션 ‘세이지 비전’ 공개 디일렉","세이지, BUTECH 2025서 머신비전 솔루션 ‘세이지 비전’ 공개 디일렉",https://news.google.com/rss/articles/CBMiZkFVX3lxTE0yd0RlNDlhb3Y5bllwYWpSUkZQQ3pTWGE0bnFXMUpDZ3BaSEIyQ1c2V292OGNXUHZVNnEyTHMyR05QZnR3UVhZcWhSTm5qc21mSk5NaUpEREhxSmZJZmRmRWhrUk1yZw?oc=5,디일렉,,머신비전,2026-09-19T15:38:10.090473+09:00,False,False,live
ART-00320,market,"뉴로클, 오토딥러닝 비전검사 기술 선보여… 유럽 제조업계 ‘호평’",2024-10-22,"뉴로클, 오토딥러닝 비전검사 기술 선보여… 유럽 제조업계 ‘호평’ 인더스트리뉴스","뉴로클, 오토딥러닝 비전검사 기술 선보여… 유럽 제조업계 ‘호평’ 인더스트리뉴스",https://news.google.com/rss/articles/CBMickFVX3lxTFBWM1JXUDFsS2Rrekl5dlFOMTBxdXF3LVhoX2NlVHpPMHUyQXRlcWlseEZXTDAwWXl4VjJFVG5KdGZ6NkllWUgyM0lwZjhmM3o2RUl2LWlxQWtLQ3lGM1kyQWlyZmp3ZWg4SVBJYm5FU1Eydw?oc=5,인더스트리뉴스,,머신비전,2026-09-19T15:38:10.090473+09:00,False,False,live
ART-00321,market,"[Fact Sheet] 머신비전, 지난해 대비 시장 성장 기대감 13.6% 상승… “AI 등 기술 접목해 재무장”",2024-05-13,"[Fact Sheet] 머신비전, 지난해 대비 시장 성장 기대감 13.6% 상승… “AI 등 기술 접목해 재무장” 인더스트리뉴스","[Fact Sheet] 머신비전, 지난해 대비 시장 성장 기대감 13.6% 상승… “AI 등 기술 접목해 재무장” 인더스트리뉴스",https://news.google.com/rss/articles/CBMickFVX3lxTFBTaHl2U3RLZXFWVl8xZEltT3FuTHJpWm9zay1qU3ZBRzZ6ejBOWEw0YVB3OFJTLTg0bkp6OEV5RGNieklWd3l4S2o5eUQtNWtDUzZtc280Qm1PTXFudUg2cEJmWVNLeVFJcjd1TXBDaVhhZw?oc=5,인더스트리뉴스,,머신비전,2026-09-19T15:38:10.090473+09:00,False,False,live
ART-00322,market,[스마트 팩토리 특집] 스마트 공장에서 머신비전의 중요성,2021-04-08,[스마트 팩토리 특집] 스마트 공장에서 머신비전의 중요성 테크월드,[스마트 팩토리 특집] 스마트 공장에서 머신비전의 중요성 테크월드,https://news.google.com/rss/articles/CBMiaEFVX3lxTFBnamZiclk4YUV0VDBjYW1GQkFLX1h4YTU5dmExd0RoMEU1VDhUMFBORjVQSUF5SDhvQzlWVk1WYVdlWW5JeTdIRjlXWVJEQmhhby1mVXpfLTBXMnd2NlJ6ckg5TzZFbGdt?oc=5,테크월드,,머신비전,2026-09-19T15:38:10.090473+09:00,False,False,live
ART-00323,market,[기고] 스마트 팩토리에서 인공지능 기반 머신비전과 그 중요성은 무엇인가!,2021-01-20,[기고] 스마트 팩토리에서 인공지능 기반 머신비전과 그 중요성은 무엇인가! 인공지능신문,[기고] 스마트 팩토리에서 인공지능 기반 머신비전과 그 중요성은 무엇인가! 인공지능신문,https://news.google.com/rss/articles/CBMiZ0FVX3lxTE9GNmg4Z1hqOWcyVDZtck12OEEwYzB0YVRtbVhBSFJnSDhMLVVQTFdfdzlGbF9UWWQ2eGJrbm9HQWZ1WXNLb1NVeHRHdjhKSVFDY0gySVNENnJwajI0VkExbFd4XzF1X2s?oc=5,인공지능신문,,머신비전,2026-09-19T15:38:10.090473+09:00,False,False,live
ART-00324,market,"바이렉스, 머신비전으로 제조 넘어 의료·스포츠까지 영토 확장",2024-10-17,"바이렉스, 머신비전으로 제조 넘어 의료·스포츠까지 영토 확장 헬로티","바이렉스, 머신비전으로 제조 넘어 의료·스포츠까지 영토 확장 헬로티",https://news.google.com/rss/articles/CBMiYEFVX3lxTE9PNDBGUjJrbVpCVzBkaVRwUllrQThHSU1tTUg3bUxtRWZYM2g1bFJPYkZVR3dGOVdMbGFLaXoxS0FkUllUdW9oSlZYLWItQm1LeXViSmdHV3lfVzc3SjdROA?oc=5,헬로티,,머신비전,2026-09-19T15:38:10.090473+09:00,False,False,live
ART-00325,market,[기고] 제조 역량 강화에 AI 기반 딥러닝·통합 데이터는 필수,2024-11-19,[기고] 제조 역량 강화에 AI 기반 딥러닝·통합 데이터는 필수 지디넷코리아,[기고] 제조 역량 강화에 AI 기반 딥러닝·통합 데이터는 필수 지디넷코리아,https://news.google.com/rss/articles/CBMiVkFVX3lxTE1HcDV6RDNWZUx0d0Q1Y3ZNLW8zQnZYa0VLdnhqc0FKaUtqVkp1WHRhcHItV0ViWGNMZVhOZW00SGgzb0VfUXBXTk80Q2pjVVRlbHMtemNn?oc=5,지디넷코리아,,머신비전,2026-09-19T15:38:10.090473+09:00,False,False,live
ART-00326,market,"[AMWS 2025 프리뷰] 라온피플, AMWS 2025에서 차세대 AI 비전 검사 솔루션 ‘NAVI AI Pro’ 선봬",2025-05-26,"[AMWS 2025 프리뷰] 라온피플, AMWS 2025에서 차세대 AI 비전 검사 솔루션 ‘NAVI AI Pro’ 선봬 인더스트리뉴스","[AMWS 2025 프리뷰] 라온피플, AMWS 2025에서 차세대 AI 비전 검사 솔루션 ‘NAVI AI Pro’ 선봬 인더스트리뉴스",https://news.google.com/rss/articles/CBMickFVX3lxTE9sVXUyNHphenNoMUQ5UzN6VnFKemRnS0pveU55bGFLaTZVRVdJbUtRUkxDZVdHaW5SQnFhUUpwQTVNWE1NMEZFVHpTck1TNjdBSGJEbUdtcHlxcXBLMldLRWRLUWlIck5mQWFpWUpGam92Zw?oc=5,인더스트리뉴스,,머신비전,2026-09-19T15:38:10.090473+09:00,False,False,live
ART-00327,market,"올해 中 '머신비전' 시장, 4조 규모 전망",2025-06-06,"올해 中 '머신비전' 시장, 4조 규모 전망 더구루","올해 中 '머신비전' 시장, 4조 규모 전망 더구루",https://news.google.com/rss/articles/CBMiYkFVX3lxTE1Gc0t6T0FSQ1dhU1JWWXpQbE90ejhVa2ZaNjVodk55b2ZCb29iRGdZdmNQekg4eWxJUDVlUVZ1eFlnQmNselBnbVM3dWItTFFVa0hxU05xa29SRndtX3puR2pB?oc=5,더구루,,머신비전,2026-09-19T15:38:10.090473+09:00,False,False,live
ART-00328,market,"현대차 제조공정에 머신비전 솔루션 공급하는 클레, 35억원 조달 [김종우의 VC 투자노트]",2023-09-04,"현대차 제조공정에 머신비전 솔루션 공급하는 클레, 35억원 조달 [김종우의 VC 투자노트] 한국경제","현대차 제조공정에 머신비전 솔루션 공급하는 클레, 35억원 조달 [김종우의 VC 투자노트] 한국경제",https://news.google.com/rss/articles/CBMiWkFVX3lxTE1KM09CVWY2UDRCMnc5aVpfQ0RfYU9BRThRZ3lGNS1GRnNuSkd2bWtiLXpDOHVVbTRUa2V6YnhPYTNZRnduUm50ZC1WaS15VEQzYTNlaVNtZ2oxQQ?oc=5,한국경제,,머신비전,2026-09-19T15:38:10.090473+09:00,False,False,live
ART-00329,market,"딥러닝 기반 머신비전, 공장자동화의 필수 조건",2020-03-02,"딥러닝 기반 머신비전, 공장자동화의 필수 조건 테크월드","딥러닝 기반 머신비전, 공장자동화의 필수 조건 테크월드",https://news.google.com/rss/articles/CBMiZ0FVX3lxTE8wOVdvRURxOFhTSWl5aUF0ZDZtcnRoRURJcEpaeWdfUEhOTFJTejVxZ1gzTlBzSjNQVklhajl5bmlacG05UEp1a0tMbHdQclVhcHNCQ3JhOWVURlZFeGZYamdjbVIzWDA?oc=5,테크월드,,머신비전,2026-09-19T15:38:10.090473+09:00,False,False,live
ART-00330,market,"이비엠팝스트, ’스마트 제조 대전망‘ 행사서 레트로핏 기술 강조",2025-02-09,"이비엠팝스트, ’스마트 제조 대전망‘ 행사서 레트로핏 기술 강조 헬로티","이비엠팝스트, ’스마트 제조 대전망‘ 행사서 레트로핏 기술 강조 헬로티",https://news.google.com/rss/articles/CBMiXkFVX3lxTE5JelJJbmljaW1FRVBXdXFkNmJjX05lampOVmZWcWNINUJUOWdZekd3b290RWhJMzE5eFRSWVkzdnlmU0ZmQVQ1VzdzTVUzOFpBQ1lvRWc4ZTZFTlBseFE?oc=5,헬로티,,머신비전,2026-09-19T15:38:10.090473+09:00,False,False,live
ART-00331,market,"머신 비전 기술, 제조업의 미래 - 티엔에스솔루션 이태영 대표",2025-03-18,"머신 비전 기술, 제조업의 미래 - 티엔에스솔루션 이태영 대표 핸드메이커","머신 비전 기술, 제조업의 미래 - 티엔에스솔루션 이태영 대표 핸드메이커",https://news.google.com/rss/articles/CBMiZ0FVX3lxTE1sMm1FVjVWU0x6MEc1cFBIam9OVGtKUlJqUjg4QmdWQjZuSDdhdzJGa1lDemFFNjBUTE5CRDlhbFFtTG5qcDlWLTRPS1M2ZFNhdktFMWl5MExVRnN1WW55akMyNmF6ek3SAWtBVV95cUxOOTF1MnhXVWlTQURaSHBUeWJxTElxQmxtd0IxSG1uRnF1YXN5X29pa2VUNmhiNWt0MTUtZjJ3cW5tTjVsVEEwYjg4M3p3T0hlNzNqUVlCQllCZFVsS0p0cHVLRjhLU09oQm1BYw?oc=5,핸드메이커,,머신비전,2026-09-19T15:38:10.090473+09:00,False,False,live
ART-00332,market,"[Y인사이트] 삼성·LG 납품하는 AI 스타트업, 세이지 대표가 말하는 산업용 AI 시장의 진실",2025-05-21,"[Y인사이트] 삼성·LG 납품하는 AI 스타트업, 세이지 대표가 말하는 산업용 AI 시장의 진실 디일렉","[Y인사이트] 삼성·LG 납품하는 AI 스타트업, 세이지 대표가 말하는 산업용 AI 시장의 진실 디일렉",https://news.google.com/rss/articles/CBMiZkFVX3lxTFBWZ3lGQlR0RlRsZFdGNTBXXzRmMVpPZWpQSkN3Q2xyZTVLZ1htR05IMTZVNURtNFB6alN0Y0IwQmo2cTlsWHlSU25sLVF2ZmdYalhhNGttX3pQWTdPZGg5SjJBMHNSZw?oc=5,디일렉,,머신비전,2026-09-19T15:38:10.090473+09:00,False,False,live
ART-00333,market,"‘경쟁력 확보’ 위한 두 가지 열쇠, ‘인공지능’과 ‘머신비전’",2019-06-28,"‘경쟁력 확보’ 위한 두 가지 열쇠, ‘인공지능’과 ‘머신비전’ 인더스트리뉴스","‘경쟁력 확보’ 위한 두 가지 열쇠, ‘인공지능’과 ‘머신비전’ 인더스트리뉴스",https://news.google.com/rss/articles/CBMickFVX3lxTFBuQW56TlJVZkhLTlZsVWV5RlVsWTNxWnZoOEhhaFJ3QkJzd0tGSzE1S2h1bFgyNlo3M2dGc2RudGV3UERmOGkzQXVWRTRqS1NzYUY1ajRKUVNRUWw4WW9FSkxKUVY1cTM2dXZUU09SZGhTQQ?oc=5,인더스트리뉴스,,머신비전,2026-09-19T15:38:10.090473+09:00,False,False,live
ART-00334,market,"[AW 2025] TNS AI, AI 딥러닝 머신비전 검사장비 공개",2025-03-13,"[AW 2025] TNS AI, AI 딥러닝 머신비전 검사장비 공개 헬로티","[AW 2025] TNS AI, AI 딥러닝 머신비전 검사장비 공개 헬로티",https://news.google.com/rss/articles/CBMiW0FVX3lxTE9fcVNGNjZvdk9KZXZ0N29UNWc1blhQeUR5d0ZUSTBhRHVQRndjVFplSnducDN3bi0wZndWQW4wMzMyekJMYXhPMFkyZnZaaHZwNDR5RG54Zk93bDg?oc=5,헬로티,,머신비전,2026-09-19T15:38:10.090473+09:00,False,False,live
ART-00335,market,"[배터리코리아] 코그넥스 김민수 전무, 배터리 생산 고도화 위한 ‘머신비전’ 활용 강조",2022-11-29,"[배터리코리아] 코그넥스 김민수 전무, 배터리 생산 고도화 위한 ‘머신비전’ 활용 강조 인더스트리뉴스","[배터리코리아] 코그넥스 김민수 전무, 배터리 생산 고도화 위한 ‘머신비전’ 활용 강조 인더스트리뉴스",https://news.google.com/rss/articles/CBMickFVX3lxTE9rWlFZYUFBWXdmYlJvV2xYWTl4ZnJvMHJHUlV3cm13TFdmZC1Vc3M5RVhQbkhxUWQ4M3c5MkNLaGxPelNTR09aejFmRW5BRlJEdE15SGE3ay04ZUltYkxJN204bkpSQXMwbzFLMHFzcXRQUQ?oc=5,인더스트리뉴스,,머신비전,2026-09-19T15:38:10.090473+09:00,False,False,live
ART-00336,market,[칼럼] 스마트공장에 입성하게 할 일등공신 ‘머신비전’에 주목하라,2021-01-26,[칼럼] 스마트공장에 입성하게 할 일등공신 ‘머신비전’에 주목하라 FA저널,[칼럼] 스마트공장에 입성하게 할 일등공신 ‘머신비전’에 주목하라 FA저널,https://news.google.com/rss/articles/CBMia0FVX3lxTE1GQWxpaWZabFBhS0pydDNvS0ZUWExRUmZId09hc1hWbzFlRTJsUXRqVFItRGI3dkcyMXB3XzhEOWtuRktHaHVVM1BycFlTTkpQNGZGTm9sajQ5WVBQMFJBTVBqVXFta2E0amlr?oc=5,FA저널,,머신비전,2026-09-19T15:38:10.090473+09:00,False,False,live
ART-00337,market,"머신 비전 소프트웨어 시장 규모, 점유율 및 동향, 2032년",2024-04-13,"머신 비전 소프트웨어 시장 규모, 점유율 및 동향, 2032년 Global Market Insights Inc.","머신 비전 소프트웨어 시장 규모, 점유율 및 동향, 2032년 Global Market Insights Inc.",https://news.google.com/rss/articles/CBMihAFBVV95cUxONTB0TGh4X1hvXy12LUc4RDl0SnVfdU44Y1hWYXpsQzFxQnVHWHdFajliTjlyeVB2ekRJU3ZvSnctckFFOVJVS0xXNllNbFlyTUNOTURWR0FSUE16M2JIck1vYXN1NnlKSDVSLVlrN1E2d0FFdU9rMlNNT2RhSVZ5S3BVdlM?oc=5,Global Market Insights Inc.,,머신비전,2026-09-19T15:38:10.090473+09:00,False,False,live
ART-00338,market,"머신비전 업계, 이차전지 시장서 출혈 경쟁… 기술 트렌드는 ‘쉽게’",2023-05-03,"머신비전 업계, 이차전지 시장서 출혈 경쟁… 기술 트렌드는 ‘쉽게’ FA저널","머신비전 업계, 이차전지 시장서 출혈 경쟁… 기술 트렌드는 ‘쉽게’ FA저널",https://news.google.com/rss/articles/CBMia0FVX3lxTE5qV3M2MFZwVWFTOXZzZ2ZjeGp3TlJEemgyaG9uaTY0OHZJU3k1NnhCcHBRS2ZWdkRlZEY1b1MweFdlU3FNblZQaGJGSmFvTjkycFYtdk01SThTTmZfUlZpLVBfWnhyMmNvUFZN?oc=5,FA저널,,머신비전,2026-09-19T15:38:10.090473+09:00,False,False,live
ART-00339,market,"세이지, ‘세이지비전’ 하나에 머신비전 시스템 위한 7가지 기능 다 담았다",2024-05-09,"세이지, ‘세이지비전’ 하나에 머신비전 시스템 위한 7가지 기능 다 담았다 인더스트리뉴스","세이지, ‘세이지비전’ 하나에 머신비전 시스템 위한 7가지 기능 다 담았다 인더스트리뉴스",https://news.google.com/rss/articles/CBMickFVX3lxTE9ZbFB2alN5VmJsdmR3OU5tMlpJYnJZYkd5dk1JcXdTRV9QeE1TbU9VYzI1djlWWmcyNW14NUtGZ1FvQ0JnQWRHTkg3WU9IRy1aYjdONVVuRXlnanJmTGpWYUhscHlJOUp0Ql9Kbll4TTNXdw?oc=5,인더스트리뉴스,,머신비전,2026-09-19T15:38:10.090473+09:00,False,False,live
ART-00340,market,[2021 스마트팩토리 시장전망] 불붙은 머신비전 시장 2021년에도 “브레이크 없다”,2020-12-08,[2021 스마트팩토리 시장전망] 불붙은 머신비전 시장 2021년에도 “브레이크 없다” FA저널,[2021 스마트팩토리 시장전망] 불붙은 머신비전 시장 2021년에도 “브레이크 없다” FA저널,https://news.google.com/rss/articles/CBMiakFVX3lxTE1IYzI0SUxfUXhtcmVkMkl2SmlUNWgwQzRuWUhsMWtVdUY1Nk95cHZhbTBvVFVUWldXY0FEX0lDYzdvSWVZRF96aHY4TkZsSFo0X0tWaF83QUpIN0pucGViNmZaSjhkd0t3Wnc?oc=5,FA저널,,머신비전,2026-09-19T15:38:10.090473+09:00,False,False,live
ART-00341,market,[인터뷰] 아이브 성민수 대표 “AiVOps로 머신비전과 물류 자동화 조준”,2023-09-09,[인터뷰] 아이브 성민수 대표 “AiVOps로 머신비전과 물류 자동화 조준” 헬로티,[인터뷰] 아이브 성민수 대표 “AiVOps로 머신비전과 물류 자동화 조준” 헬로티,https://news.google.com/rss/articles/CBMiXkFVX3lxTE9xdW1NVGVuUk9SNVMycnN5NkltLVBvcGtBdnJGY1VXRW1uNFBsdHJIdzVVbXUzWjg0ZXA2QVFIdnFfUnpCbUp4Y2RfTjZra2xyRkp5bnZMMmpCYnRKenc?oc=5,헬로티,,머신비전,2026-09-19T15:38:10.090473+09:00,False,False,live
ART-00342,market,전기차 배터리 제조 공정 자동화를 위한 딥러닝 기반 머신비전 솔루션,2020-09-10,전기차 배터리 제조 공정 자동화를 위한 딥러닝 기반 머신비전 솔루션 인더스트리뉴스,전기차 배터리 제조 공정 자동화를 위한 딥러닝 기반 머신비전 솔루션 인더스트리뉴스,https://news.google.com/rss/articles/CBMickFVX3lxTE9JOTc2S1FHWWxoZXFWcEkyYVVmRHBHc3o5OWZSUWVDdUR4S0wwenZESll4b0N4eW4wUUJTeWVpYjNnbkNoV055SExwUjJ6alRuY3l5TWUxWkMzQTlhcjVYX2dDR19GS2ZCSktPVEIweWlLUQ?oc=5,인더스트리뉴스,,머신비전,2026-09-19T15:38:10.090473+09:00,False,False,live
ART-00343,market,"세이지 비전, 'Vision Systems Design' 어워즈 수상",2025-05-28,"세이지 비전, 'Vision Systems Design' 어워즈 수상 디일렉","세이지 비전, 'Vision Systems Design' 어워즈 수상 디일렉",https://news.google.com/rss/articles/CBMiZkFVX3lxTFBfdnpKZ3Z0UkNFbEY0Z21nekg1Y2Mza0JJZWN4UWliWVpxcXc1VzVzdmVkdUFqZjQ5SmlqYzAyNnBCc2pRRTI4ZTliV2V6RDNGN2hQU24za3FXTUplTGZ4ZWNzNnFIQQ?oc=5,디일렉,,머신비전,2026-09-19T15:38:10.090473+09:00,False,False,live
ART-00344,market,"""2년 후 25조 시장"" 불량 잡는 머신비전, K-스타트업이 잡는다",2022-10-04,"""2년 후 25조 시장"" 불량 잡는 머신비전, K-스타트업이 잡는다 유니콘팩토리","""2년 후 25조 시장"" 불량 잡는 머신비전, K-스타트업이 잡는다 유니콘팩토리",https://news.google.com/rss/articles/CBMibEFVX3lxTE9RMXZDLUwzVDc3SG95NnVkRkcyR0Njc3BERkZ0YmpIMXFkVlBqRE9ZV1JtTmVxQmtlMUg1WXFLcU1uaWIxaV9oYlNfVjh1ZldnVjFzQUpQeDVRX1c0QkR2anpIeWJMZGFQMWp0WQ?oc=5,유니콘팩토리,,머신비전,2026-09-19T15:38:10.090473+09:00,False,False,live
ART-00345,market,"""2년 후 25조 시장"" 불량 잡는 머신비전, K-스타트업이 잡는다 - 머니투데이",2022-10-04,"""2년 후 25조 시장"" 불량 잡는 머신비전, K-스타트업이 잡는다 - 머니투데이 mt.co.kr","""2년 후 25조 시장"" 불량 잡는 머신비전, K-스타트업이 잡는다 - 머니투데이 mt.co.kr",https://news.google.com/rss/articles/CBMiakFVX3lxTE03dHFMMkcyY2pyeHQtNjMtRU5mTGVybk1meEdLN0N4bEk1ajUzV2o4TVRlLUgtWWJHX01iUlU0M0NBUm5lTnUwcTlzMi00eHMyTXB6eWRNYmdBZldlaHlPekdvMzFzRFJjYWfSAW9BVV95cUxPVHh2QzdnTHRfcVUtcTlSWWxxbHI5UksyaFlSYXRUN3dORlV4dTRZcmtzOTgtd3FVekplbDhSM29TMDdEeHh2ckxXdU9oTThBQi02MGNXVzBWbWJWVGR5UkkyZlhRQVoxRFowUUVHM2c?oc=5,mt.co.kr,,머신비전,2026-09-19T15:38:10.090473+09:00,False,False,live
ART-00346,market,"세이지, 딥러닝 기반 머신비전 솔루션 ‘SAIGE VISION’ 업그레이드 버전 출시",2024-03-30,"세이지, 딥러닝 기반 머신비전 솔루션 ‘SAIGE VISION’ 업그레이드 버전 출시 인더스트리뉴스","세이지, 딥러닝 기반 머신비전 솔루션 ‘SAIGE VISION’ 업그레이드 버전 출시 인더스트리뉴스",https://news.google.com/rss/articles/CBMickFVX3lxTE1jMlNhSTlOclFRZHQ4MFdEbTFiQVNCN2doeVZGd0o5NW9JelF0UnIwNnRjcWxTRzNTeS1wN2Z3OEhWd2dyQWVKN3lITGEyOXUyUV84TmVrVV81T3BNcm1Dd01XQnFpNVZtRjE5YzVGdjhtUQ?oc=5,인더스트리뉴스,,머신비전,2026-09-19T15:38:10.090473+09:00,False,False,live
ART-00347,market,"진화한 머신비전, 지능형 스마트공장의 미래를 보다",2022-03-02,"진화한 머신비전, 지능형 스마트공장의 미래를 보다 FA저널","진화한 머신비전, 지능형 스마트공장의 미래를 보다 FA저널",https://news.google.com/rss/articles/CBMia0FVX3lxTE1xdnNTdDdodl9IUG1Sb2ZuZzMzelk5OHlVdzFSRXVnOXEwNGhjcThQdm1XSldDUXpvNXNYdzEwVmp6MlRyUmNJM1ZOamVFSXk5Wm1yUFAyeTZxaFdPWlpNVGVSRmIzMUFPWkZJ?oc=5,FA저널,,머신비전,2026-09-19T15:38:10.090473+09:00,False,False,live
ART-00348,market,"매일 만나는 첨단 산업, 경제, IT 소식",2024-10-17,"매일 만나는 첨단 산업, 경제, IT 소식 헬로티","매일 만나는 첨단 산업, 경제, IT 소식 헬로티",https://news.google.com/rss/articles/CBMiZkFVX3lxTFBvUjdfRHUtSGdVbzMwajhlU0pwY1JhMUJmdHB0Q3lsaUVHUHdhNHhfLUhlRTFBT19HUC05V2I3cWlKWXdKa1dLRDdfWDVnX0x6aUhCZ0RjYzFERE5yWEd3QXR5SEptUQ?oc=5,헬로티,,머신비전,2026-09-19T15:38:10.090473+09:00,False,False,live
ART-00349,market,전기차 배터리 제조 공정 자동화를 위한 딥러닝 기반 머신비전 솔루션,2020-09-15,전기차 배터리 제조 공정 자동화를 위한 딥러닝 기반 머신비전 솔루션 FA저널,전기차 배터리 제조 공정 자동화를 위한 딥러닝 기반 머신비전 솔루션 FA저널,https://news.google.com/rss/articles/CBMiakFVX3lxTE5HWXprM3ByNGd1eXQxUFZGaFRsd2pfT2duYjBYTXFQWU9pbnQ3X1hvX0J3aU9CanY5SXd5NENUVkdHcFVESjZnYzk5Q19RQ1duTUZaS200LTVxV1dHQlV3MTlVMUFHRlExSFE?oc=5,FA저널,,머신비전,2026-09-19T15:38:10.090473+09:00,False,False,live
ART-00350,market,"산업 특화 AI 머신비전 기업 세이지, AW 2025 참가",2025-03-10,"산업 특화 AI 머신비전 기업 세이지, AW 2025 참가 뉴스와이어","산업 특화 AI 머신비전 기업 세이지, AW 2025 참가 뉴스와이어",https://news.google.com/rss/articles/CBMiX0FVX3lxTE9iVHVBQVgxeWVlZ0hlcjVSZWowaEdpMlBDTDh0RHBaWUxkTFZvcERybmQ3cG00MlpvYlhvbkpyaFE5bWdsR0ZXMkZUZHNLMXU2M2lCTlJfRjZRdzdnTDBz?oc=5,뉴스와이어,,머신비전,2026-09-19T15:38:10.090473+09:00,False,False,live
ART-00351,market,자율제조의 완성은 퀄리티! 디지털 퀄리티 컨퍼런스 개최,2024-03-21,자율제조의 완성은 퀄리티! 디지털 퀄리티 컨퍼런스 개최 헬로티,자율제조의 완성은 퀄리티! 디지털 퀄리티 컨퍼런스 개최 헬로티,https://news.google.com/rss/articles/CBMiXkFVX3lxTE5US05abHV3dnF6T2tMTDlBcG5HelItSHFWVnl2TXY4NjNhVFFVRUdkNFlRYmtQR3J2ZVh2ZF9uUU5FTGtFVGtENk5sbkRlUFZIZWZrX3dOZVVwRUtFaFE?oc=5,헬로티,,머신비전,2026-09-19T15:38:10.090473+09:00,False,False,live
ART-00352,market,"[AW 2025] 씨크코리아, 첨단 센서 및 머신비전 솔루션 전시",2025-03-18,"[AW 2025] 씨크코리아, 첨단 센서 및 머신비전 솔루션 전시 산업일보","[AW 2025] 씨크코리아, 첨단 센서 및 머신비전 솔루션 전시 산업일보",https://news.google.com/rss/articles/CBMiREFVX3lxTE9hdkVlWVdLOV9ic0ZjdkxqM0ZSZXY3WF85RGxTY0JBeTNHSWtJZzdiVUhtVEw5b1kyMzB4VDJ4dTBlemdm?oc=5,산업일보,,머신비전,2026-09-19T15:38:10.090473+09:00,False,False,live
ART-00353,market,"스마트팩토리 솔루션 강자, 트윔…AI 딥러닝 검사 현장을 가다",2021-05-24,"스마트팩토리 솔루션 강자, 트윔…AI 딥러닝 검사 현장을 가다 전자신문","스마트팩토리 솔루션 강자, 트윔…AI 딥러닝 검사 현장을 가다 전자신문",https://news.google.com/rss/articles/CBMiTkFVX3lxTE1vcWRQUlFCejZybzJJdzBhckRiSzE3R1lkeGgxN2t6QnFBaFQtWDRjR3hqUWQzUm9qWFNtcDRHaXRGX1JZNVNzd0lwZktfQQ?oc=5,전자신문,,머신비전,2026-09-19T15:38:10.090473+09:00,False,False,live
ART-00354,market,머신비전・딥러닝 마켓리더의 비결 ‘끊임없는 연구개발’,2021-10-05,머신비전・딥러닝 마켓리더의 비결 ‘끊임없는 연구개발’ 포춘코리아,머신비전・딥러닝 마켓리더의 비결 ‘끊임없는 연구개발’ 포춘코리아,https://news.google.com/rss/articles/CBMickFVX3lxTE5QV1BGeWVrLWg3eXVmek5lOXlpd1l3SzR5aVROeGdIcGh0Z1RLaFNTS3QxVXRwR1hmVDhZOWNfTUZvXzc0WVlleW41Vk9qRlNyemp3S0xRSXJubnktd2xoQ0swUWtTWWMzdkZXSmxCMWs5d9IBdkFVX3lxTFBtLXVCd010Nml2b0FHSWdjVTB6akVOSUhaRGo5WkhSbVZ5MlV2cjRnMGpHQk1TOFc3ekNzaVdjWnFFSUVaSGQzNXRNeU81NG5TWFVBc0xLZDJmVHg0WkIyR0VPdEx6SDFyNldPZTFmN1A0S3kyT1E?oc=5,포춘코리아,,머신비전,2026-09-19T15:38:10.090473+09:00,False,False,live
ART-00355,market,"아이브, 비정형 검사도 OK!... 딥러닝 기반 머신비전 솔루션 제공",2022-05-23,"아이브, 비정형 검사도 OK!... 딥러닝 기반 머신비전 솔루션 제공 FA저널","아이브, 비정형 검사도 OK!... 딥러닝 기반 머신비전 솔루션 제공 FA저널",https://news.google.com/rss/articles/CBMia0FVX3lxTE9BdXo0NVQwSmZ1M20zV0VDR3QzeFl2eG84ZWtvU2w0VFBaN3p2TWU5aFN3T0o2dk5HY0tQY252MkpNOTZMN3Nfa1RQeUttWjQtaG9zQ2FjMGRKdXlkQnkxU3FDT2JRRkU0Wm9r?oc=5,FA저널,,머신비전,2026-09-19T15:38:10.090473+09:00,False,False,live
ART-00356,market,"비즈캠, ‘디지털 품질관리 컨퍼런스’서 차세대 머신비전 도입 전략 소개",2023-03-20,"비즈캠, ‘디지털 품질관리 컨퍼런스’서 차세대 머신비전 도입 전략 소개 헬로티","비즈캠, ‘디지털 품질관리 컨퍼런스’서 차세대 머신비전 도입 전략 소개 헬로티",https://news.google.com/rss/articles/CBMiXkFVX3lxTE50NE8tcExXMllVZ25meF9iQWQ5bE9adHotSEhEcVgxd2RvVXRiUFNxYU1VZkZnS0RsSk84aTAybzdqbUpLaWNSWURzd2VDWHAwSVlFdlg4VzZ5el9mbXc?oc=5,헬로티,,머신비전,2026-09-19T15:38:10.090473+09:00,False,False,live
ART-00357,market,"인텔리즈, AI 머신비전 플랫폼 ""제조현장 불량품 꼼짝마라!""",2023-02-17,"인텔리즈, AI 머신비전 플랫폼 ""제조현장 불량품 꼼짝마라!"" NBN미디어","인텔리즈, AI 머신비전 플랫폼 ""제조현장 불량품 꼼짝마라!"" NBN미디어",https://news.google.com/rss/articles/CBMiZkFVX3lxTE5RNklUS0R4Vk1XWWg5Sl95VnJqZ0g0MGRNTHJ0MHdLamhnS2JaRlFWN0xDS3dDcDI4bm1fRWo5WFRzclUtSEd3eUhpQk5qMTY0VzZTQ1YxQ2p1TkZRbGh5ZUpIeUFQZw?oc=5,NBN미디어,,머신비전,2026-09-19T15:38:10.090473+09:00,False,False,live
ART-00358,market,[2022 스마트제조 대전망 컨퍼런스] 코그넥스 코리아 최효송 프로 '글로벌 머신 비전 시장 전망 및 엣지러닝 소개',2022-06-22,[2022 스마트제조 대전망 컨퍼런스] 코그넥스 코리아 최효송 프로 '글로벌 머신 비전 시장 전망 및 엣지러닝 소개' 헬로티,[2022 스마트제조 대전망 컨퍼런스] 코그넥스 코리아 최효송 프로 '글로벌 머신 비전 시장 전망 및 엣지러닝 소개' 헬로티,https://news.google.com/rss/articles/CBMiXkFVX3lxTE9sdm5sSzNIa3ZWY29zUzM3Q3lRLXctejVtTThxMlBnS3FwOHVhdkg4M21mZWxuZTlXd0FkUlItUWZTdGdhZzcwSlpLMEtHVHlPYkVKcmJFVlFqR2VwNWc?oc=5,헬로티,,머신비전,2026-09-19T15:38:10.090473+09:00,False,False,live
ART-00359,market,"세이지, SFAW 참가...머신비전 솔루션 '세이지 비전' 업그레이드 버전 출시",2024-03-25,"세이지, SFAW 참가...머신비전 솔루션 '세이지 비전' 업그레이드 버전 출시 AI타임스","세이지, SFAW 참가...머신비전 솔루션 '세이지 비전' 업그레이드 버전 출시 AI타임스",https://news.google.com/rss/articles/CBMiakFVX3lxTE9LLW9Nb2N3U24xOGNKV3JzZkM0V09UdlR0MEFVVVpDb3pmSXlncjc0NVA4ZjFETVhxRFo2c0RvaUxsd2FQblQ3MER6V0U1bFpiVjFkNFA5VUpXT2F0MGhwMks4bkpOMFZWTkE?oc=5,AI타임스,,머신비전,2026-09-19T15:38:10.090473+09:00,False,False,live
ART-00360,market,"코그넥스코리아, 제조부터 출하까지 한 번에 경험",2023-03-10,"코그넥스코리아, 제조부터 출하까지 한 번에 경험 지디넷코리아","코그넥스코리아, 제조부터 출하까지 한 번에 경험 지디넷코리아",https://news.google.com/rss/articles/CBMiVkFVX3lxTE1PZklYcGNPOVMzdlB5LXZ2b20ySDBTTUQ2Mm53bDI1ZW5XSW0xNldtYXJhamxxbnZnYUhEckdJczFGMDI3a0g1WDc0M05TdExVTXdabWRR?oc=5,지디넷코리아,,머신비전,2026-09-19T15:38:10.090473+09:00,False,False,live
ART-00361,market,[배터리 품질관리] 배터리/이차전지를 위한 머신비전/바코드 솔루션,2023-08-18,[배터리 품질관리] 배터리/이차전지를 위한 머신비전/바코드 솔루션 헬로티,[배터리 품질관리] 배터리/이차전지를 위한 머신비전/바코드 솔루션 헬로티,https://news.google.com/rss/articles/CBMiW0FVX3lxTE1rZ3BsWGFNV3E5SnRYbV9tRU5BWm9KV3lISndFY0N5XzJiV1VJekNvWktMVDRvc09XRjhReEdfWlB3cFdTWVBpdm1hRUhyUEV0UmRnWDBnNWg4N1E?oc=5,헬로티,,머신비전,2026-09-19T15:38:10.090473+09:00,False,False,live
ART-00362,market,[KES 2024] ON-Device AI 기반 검사장비 기업 ‘TNSAI’,2024-10-29,[KES 2024] ON-Device AI 기반 검사장비 기업 ‘TNSAI’ 산업인뉴스,[KES 2024] ON-Device AI 기반 검사장비 기업 ‘TNSAI’ 산업인뉴스,https://news.google.com/rss/articles/CBMibEFVX3lxTE9kZ1o1OTlYZnhBVUtTLTdSY2NYQS1vWDRMTjh1YVRnM2pKM25mSTEzaWNCTGtIOXhSVC0yRG9DWlhmSG1taXItd241YXAtQ3BLenB5NXdwMjBObTAyNVB5WGxTeTNiM2l3TUlxZQ?oc=5,산업인뉴스,,머신비전,2026-09-19T15:38:10.090473+09:00,False,False,live
ART-00363,market,"매일 만나는 첨단 산업, 경제, IT 소식",2023-06-09,"매일 만나는 첨단 산업, 경제, IT 소식 헬로티","매일 만나는 첨단 산업, 경제, IT 소식 헬로티",https://news.google.com/rss/articles/CBMiZkFVX3lxTE9uYTJGSTJRaEg2Nmh6LXNLbk5vWGh1RzJ6MVVoOFZfYURrRGJZa3hMdEJoOUZlR0ZTdlp4aURXUklFbDNCWlZ3UGJHNjlfdVYyUzRVUmhabTBCSnZObTdORGpNaDhCZw?oc=5,헬로티,,머신비전,2026-09-19T15:38:10.090473+09:00,False,False,live
ART-00364,market,"수아랩 송기영 대표, 인공지능이 글로벌 머신비전 산업 혁신으로 이끈다. 그 중심에 선 토종스타트업",2018-04-05,"수아랩 송기영 대표, 인공지능이 글로벌 머신비전 산업 혁신으로 이끈다. 그 중심에 선 토종스타트업 인공지능신문","수아랩 송기영 대표, 인공지능이 글로벌 머신비전 산업 혁신으로 이끈다. 그 중심에 선 토종스타트업 인공지능신문",https://news.google.com/rss/articles/CBMiZ0FVX3lxTE84YWZ5TTdHbjJQNXQ2cWYzY2NHT1dEcWk3aERlbVR3akhvRzdQVldFdkcydHlSUnZlZXlFeWo3WkJQSWVhZlNjUHJMTlZZNE1JVTE0dTE1OFBEeUdhZXM5UFh5ZGNIVmc?oc=5,인공지능신문,,머신비전,2026-09-19T15:38:10.090473+09:00,False,False,live
ART-00365,market,"에이디링크, AI 머신비전을 위한 올인원 AI 스마트 카메라 출시",2020-07-21,"에이디링크, AI 머신비전을 위한 올인원 AI 스마트 카메라 출시 인더스트리뉴스","에이디링크, AI 머신비전을 위한 올인원 AI 스마트 카메라 출시 인더스트리뉴스",https://news.google.com/rss/articles/CBMickFVX3lxTE9DRmh0NmVlYzZrMWNYaEFMTTdVZ1RZUHAwMzZOdm5VR01JT0MtNFBpbHRTb0loYW02ejdraU95eVRWM2xacjA1ZDZJa3lmM0lEZEJYa094eXFYczNLclJFV1BmYlg3WjlHOHdEWHpRYzlMZw?oc=5,인더스트리뉴스,,머신비전,2026-09-19T15:38:10.090473+09:00,False,False,live
ART-00366,market,"에이디링크, AI 머신비전 위한 올인원 'AI 스마트 카메라' 출시",2020-07-21,"에이디링크, AI 머신비전 위한 올인원 'AI 스마트 카메라' 출시 인공지능신문","에이디링크, AI 머신비전 위한 올인원 'AI 스마트 카메라' 출시 인공지능신문",https://news.google.com/rss/articles/CBMiZ0FVX3lxTFBPSnZSWjBHRC1Wd0pxWHRxVU54OW9wZlFxcVpzSFRra1VDM1J5LUp0U1h4S3FTX195YWJ4aUFOMm1SREhnZk9GUGJ1NThPdHBESlBLdEdKUGVRM3V3OHlGUDdFemptZmc?oc=5,인공지능신문,,머신비전,2026-09-19T15:38:10.090473+09:00,False,False,live
ART-00367,market,"코그넥스코리아, ‘스마트팩토리·자동화산업전 2023’서 제조공정 전반의 머신비전 및 딥러닝 솔루션 소개해",2023-03-10,"코그넥스코리아, ‘스마트팩토리·자동화산업전 2023’서 제조공정 전반의 머신비전 및 딥러닝 솔루션 소개해 에이빙","코그넥스코리아, ‘스마트팩토리·자동화산업전 2023’서 제조공정 전반의 머신비전 및 딥러닝 솔루션 소개해 에이빙",https://news.google.com/rss/articles/CBMiZ0FVX3lxTE1wTXJMUjhQTGNyVnpCM0tGOWdxNm5mdkp4T2J4T19qTXpYckpuSWRVQktaRUtBb1pzOVZSb0cxc1FYQUVjaWlXcXQxbjU0QklkbUZCWWdyMjVaODE3OG9GQkZCMDVVS03SAWtBVV95cUxPbGt0UUtablM1VEtZUzhNNmlka2pxdWRZSG5ITzFQSjJzdVBOdUlNQkdOSmFTOS1hMkFiRWZ2X2E4bHpmLVhJZVdWMTNNb3N6U3pNNzdYYTdtVXpacjVqZjJycmNROGs2VVpqWQ?oc=5,에이빙,,머신비전,2026-09-19T15:38:10.090473+09:00,False,False,live
ART-00368,market,"코그넥스-KT, 머신비전 개발 위해 손잡아",2019-02-25,"코그넥스-KT, 머신비전 개발 위해 손잡아 물류신문","코그넥스-KT, 머신비전 개발 위해 손잡아 물류신문",https://news.google.com/rss/articles/CBMiakFVX3lxTFBpaGNtQUN2NjBqNTRuemM5MmtsM2ozdkkycERoWnE1RVdORW1EYTcyOUlPSzVEb0tNeVRzUjNGRF9tY0ljcklDSHdSZ0VBaU5EbHotS1d3V2lVOWxyZU9zeTMzMFVJelJ0NEE?oc=5,물류신문,,머신비전,2026-09-19T15:38:10.090473+09:00,False,False,live
ART-00369,market,"수아랩, 머신비전 솔루션 프로바이더이자 퍼스트무버로 비상",2018-07-14,"수아랩, 머신비전 솔루션 프로바이더이자 퍼스트무버로 비상 인더스트리뉴스","수아랩, 머신비전 솔루션 프로바이더이자 퍼스트무버로 비상 인더스트리뉴스",https://news.google.com/rss/articles/CBMickFVX3lxTE1paFBDd3poa0ZrdE81bTdpQnd2dU9kU0JZblNzODYtdXdXMjlxSm9NM2x6Zmo4cS11dENQZTdySW80UWExMS0xajV3NGdxTDYtRUtPZXFhdEhJcmN3UzkxdDZPRVVqUy02b2RGMExJVHZlUQ?oc=5,인더스트리뉴스,,머신비전,2026-09-19T15:38:10.090473+09:00,False,False,live
ART-00370,market,피지컬 AI가 이끄는 제조업 미래…포항서 로봇 활용 방향 찾는다,2026-09-16,피지컬 AI가 이끄는 제조업 미래…포항서 로봇 활용 방향 찾는다 연합뉴스,피지컬 AI가 이끄는 제조업 미래…포항서 로봇 활용 방향 찾는다 연합뉴스,https://news.google.com/rss/articles/CBMiYEFVX3lxTE9TRHo1X05OTldQblNKMWFGY0pFR05uVFZScTBydWRyZ3lNSEdKZTNuWXk5dGFRVHRxc09aNjQ5LU5zdFlEbWx3VDQ1Qm95ZTdRbHJobXhyMEpVbVp3TWRJedIBYEFVX3lxTE9TRHo1X05OTldQblNKMWFGY0pFR05uVFZScTBydWRyZ3lNSEdKZTNuWXk5dGFRVHRxc09aNjQ5LU5zdFlEbWx3VDQ1Qm95ZTdRbHJobXhyMEpVbVp3TWRJeQ?oc=5,연합뉴스,,자동화,2026-09-19T15:38:10.090473+09:00,False,False,live
ART-00371,market,"토요타, 2028년부터 공장 자동화에 연간 1조 엔 소요 추산",2026-09-19,"토요타, 2028년부터 공장 자동화에 연간 1조 엔 소요 추산 글로벌이코노믹","토요타, 2028년부터 공장 자동화에 연간 1조 엔 소요 추산 글로벌이코노믹",https://news.google.com/rss/articles/CBMiiAFBVV95cUxPRk52OG8yNXFZUHg5TkR5ZWFwaThfNi1SUUhDV3NSR08yV094VUJnazZJNVB2c0FXSnlNQjlWSlU2NnBibmJmcld0ZUp6V2pIOVFhZjdpOXBVOEk4N3UzdlVnYllCS1hLbkdxMHFKdnBOSHB1RWszNU4wRm1yQS1uQk1aeUJDcndr?oc=5,글로벌이코노믹,,자동화,2026-09-19T15:38:10.090473+09:00,False,False,live
ART-00372,market,"獨 이구스, IMTS 2026서 제조 공정 최적화 기술 선봬",2026-09-18,"獨 이구스, IMTS 2026서 제조 공정 최적화 기술 선봬 로봇신문","獨 이구스, IMTS 2026서 제조 공정 최적화 기술 선봬 로봇신문",https://news.google.com/rss/articles/CBMibEFVX3lxTE5VMUVlbzJGLVZ0akpfbEV4b1gwY00zbk4zb2ROSUVOS2ttR0h6Q2ZWT0JLOVAybXRsbkEyYnJzWjF3VDRsZ3NJbHZFQ1RRX3FQVWFOYXJUdlk1d1g2VlZzMFkzaUJCZm1hWlRYeg?oc=5,로봇신문,,자동화,2026-09-19T15:38:10.090473+09:00,False,False,live
ART-00373,market,"카덱스, 광주서 제조물류 자동화 전략 공유… 전국 제조현장으로 고객접점 확대",2026-09-18,"카덱스, 광주서 제조물류 자동화 전략 공유… 전국 제조현장으로 고객접점 확대 인더스트리뉴스","카덱스, 광주서 제조물류 자동화 전략 공유… 전국 제조현장으로 고객접점 확대 인더스트리뉴스",https://news.google.com/rss/articles/CBMickFVX3lxTE1uamRjNXo2bHl3SERNOVZCcTNHQmxab0RadWp6ZHFwckwzd2FxME8zQXc1T3VqTnlpampFcjJUSEZXOUpqVm1iekZnOXVib2VSX0xEM2h1TFRkeXJMa0JzakgzNmxqOGRtVGNvRGFueEwydw?oc=5,인더스트리뉴스,,자동화,2026-09-19T15:38:10.090473+09:00,False,False,live
ART-00374,market,"DN솔루션즈, 미국·유럽 최대급 공작기계전 동시 참가… HELLER 시너지와 제조·자동화 역량 공개",2026-09-19,"DN솔루션즈, 미국·유럽 최대급 공작기계전 동시 참가… HELLER 시너지와 제조·자동화 역량 공개 이슈투데이","DN솔루션즈, 미국·유럽 최대급 공작기계전 동시 참가… HELLER 시너지와 제조·자동화 역량 공개 이슈투데이",https://news.google.com/rss/articles/CBMiZkFVX3lxTE9aMmtvWFpxZDBxV1hZMnJyMEs2M0ZqTzR2Ykc0a2wxNnRxR0RjU1ZiQWVTa3FKNFVqaktxVUd6OFplblVTYm1aZTZlQzkwMFJJcmhlSnc0ZnM1U3p5bWpYWE9RUl91dw?oc=5,이슈투데이,,자동화,2026-09-19T15:38:10.090473+09:00,False,False,live
ART-00375,market,"DN솔루션즈, 美·유럽 공작기계전서 자동화·디지털 제조 역량 공개",2026-09-18,"DN솔루션즈, 美·유럽 공작기계전서 자동화·디지털 제조 역량 공개 v.daum.net","DN솔루션즈, 美·유럽 공작기계전서 자동화·디지털 제조 역량 공개 v.daum.net",https://news.google.com/rss/articles/CBMiT0FVX3lxTE94V3V1SGNWcUxYc054UktWenVIbDB2QUJaMlR6LURCd3habkVwRHVJM1JKRTBCU2d2ZGd4blY0THVod2t5MUpQM3VXc0tjd00?oc=5,v.daum.net,,자동화,2026-09-19T15:38:10.090473+09:00,False,False,live
ART-00376,market,발수 라미네이트 배리어 시장 2035년 전망: 야외 전자기기와 자동화가 성장 견인 - 뉴스 및 통계,2026-09-19,발수 라미네이트 배리어 시장 2035년 전망: 야외 전자기기와 자동화가 성장 견인 - 뉴스 및 통계 indexbox.io,발수 라미네이트 배리어 시장 2035년 전망: 야외 전자기기와 자동화가 성장 견인 - 뉴스 및 통계 indexbox.io,https://news.google.com/rss/articles/CBMi7gFBVV95cUxNMWdYZ21MeEx1cDNBODVncjBhNGJQY1djc05oNzRFckRnWXZ2WFZNeUdQWmMtTTJjVGRjMURTOFVmcHFMLXdFb2l2T3FodV90M05SZVpsRkxRaXNLLV91d1ZiaHhPQW9JUjI1VDUtdUJEbzdoT2VHX093UVBkUVFJQUNseXpQSlVTT0h0LVFDT0dwTlk5aUpWcXJrdG9xOVVlZzVMUjRjb1Nab2VobVYwNTJlanM1NTZ2a0hNWmZ0bUZKM1g2Z2pWRjBBMFRnMU9VdVBwVXZySVZRZXdPblVVR1hlalRVZVY0OXpwOVdR?oc=5,indexbox.io,,자동화,2026-09-19T15:38:10.090473+09:00,False,False,live
ART-00377,market,"""자동화 투자 부담·불법 브로커 피해""…옴부즈만, 김포 제조기업 애로 청취",2026-09-18,"""자동화 투자 부담·불법 브로커 피해""…옴부즈만, 김포 제조기업 애로 청취 뉴스1","""자동화 투자 부담·불법 브로커 피해""…옴부즈만, 김포 제조기업 애로 청취 뉴스1",https://news.google.com/rss/articles/CBMiXEFVX3lxTE9xREJKS1E1OFZWM29JQlVMcWVoamFPRWRNRDBPdjBQRXBabmlFMjc3TEpLTVlVLTVTelh4RVMxWnB4ZnVfRG5jMGR2Zm1JWnpvQjd2WWdaWXpTN19M0gFiQVVfeXFMT2hZRFZZcmpqQlc1RWJMQ2Zqd0k2a2QzWEhDQkFwcXFsbUlWc3JnaGhaeGxwT0s0aklNU1cweS02R3NESHJ3bkQ5dVpNMWZOWHBSNHZmTDl0dXFPZkxERF9WSUE?oc=5,뉴스1,,자동화,2026-09-19T15:38:10.090473+09:00,False,False,live
ART-00378,market,"공정 자동화 넘어 '제조AI'로… 부산, 스마트공장 2.0 대전환 속도",2026-09-18,"공정 자동화 넘어 '제조AI'로… 부산, 스마트공장 2.0 대전환 속도 폴리뉴스 Polinews","공정 자동화 넘어 '제조AI'로… 부산, 스마트공장 2.0 대전환 속도 폴리뉴스 Polinews",https://news.google.com/rss/articles/CBMickFVX3lxTE9oNWIzNERLa0JJRUVDUV94alhDQ0lfNkl4dnlJR0NPaHl3MzVEckFjWlZZYkNJdVR1UHQxc3AtQlRtRGZMWm9YamtoVXFlNHVzTGRDZktNRm84Tm5uMGppMkVXbXZNOUpESTFVeGRnMC1LZ9IBckFVX3lxTE9oNWIzNERLa0JJRUVDUV94alhDQ0lfNkl4dnlJR0NPaHl3MzVEckFjWlZZYkNJdVR1UHQxc3AtQlRtRGZMWm9YamtoVXFlNHVzTGRDZktNRm84Tm5uMGppMkVXbXZNOUpESTFVeGRnMC1LZw?oc=5,폴리뉴스 Polinews,,자동화,2026-09-19T15:38:10.090473+09:00,False,False,live
ART-00379,market,"DN솔루션즈, 美·유럽 공작기계전서 자동화·디지털 제조 역량 공개",2026-09-18,"DN솔루션즈, 美·유럽 공작기계전서 자동화·디지털 제조 역량 공개 v.daum.net","DN솔루션즈, 美·유럽 공작기계전서 자동화·디지털 제조 역량 공개 v.daum.net",https://news.google.com/rss/articles/CBMiS0FVX3lxTE9tYVY2ZGNkTlJWUXhiV1BVdTNUcG1salRhVDB6aVBTS2x6elMxZENiWlhkSUJBMVA3dm9tbzViZDZXMkdaLS1xSkxBcw?oc=5,v.daum.net,,자동화,2026-09-19T15:38:10.090473+09:00,False,False,live
ART-00380,market,"넥스비아, ‘AW 베트남 2026’서 제조 자동화 솔루션 출격…동남아 파트너십 확대",2026-09-18,"넥스비아, ‘AW 베트남 2026’서 제조 자동화 솔루션 출격…동남아 파트너십 확대 v.daum.net","넥스비아, ‘AW 베트남 2026’서 제조 자동화 솔루션 출격…동남아 파트너십 확대 v.daum.net",https://news.google.com/rss/articles/CBMiT0FVX3lxTE9YYXk5dFZyRTFWOVpXenM5NXg5UHU1VEd0d1dXZWhLMFBUc0o2QjJjNEd6RmhZU3IzZEYzOXZlX2NxdUVNOXdDcTJ0YzVXeDg?oc=5,v.daum.net,,자동화,2026-09-19T15:38:10.090473+09:00,False,False,live
ART-00381,market,"""KAIST, AX 협력 지역 기업 찾습니다""···대덕 제조 AX 협력망 가동",2026-09-15,"""KAIST, AX 협력 지역 기업 찾습니다""···대덕 제조 AX 협력망 가동 헬로디디","""KAIST, AX 협력 지역 기업 찾습니다""···대덕 제조 AX 협력망 가동 헬로디디",https://news.google.com/rss/articles/CBMiakFVX3lxTE1tY0xfOGRrM29JMFRhTGM2TXVnN3RwcDBqQWhZRWZRd3I3cEt5QnlyVHpmaWxkUE1sX1hDc2gxZTJMR0FXOFc3X0ZuQm9JVWtaak5Gd2hSTmxoZnczaGlNeGhHTUpmRWtUU2c?oc=5,헬로디디,,자동화,2026-09-19T15:38:10.090473+09:00,False,False,live
ART-00382,market,[AI시대 청년일자리]②대만서 본 AI 자동화 현장,2026-09-15,[AI시대 청년일자리]②대만서 본 AI 자동화 현장 뉴스핌,[AI시대 청년일자리]②대만서 본 AI 자동화 현장 뉴스핌,https://news.google.com/rss/articles/CBMiXEFVX3lxTFBLNGJPU3NWLTBZd2dEM1VzX1dmWnZzTmlROFlmYUk0Y1ZWNzNEM1hpQ1pzYkhDdG5fbEI4UkpRaVhrSENvRnoyZlllcFozaFN5VkU2aWo3ZVh0dnFQ?oc=5,뉴스핌,,자동화,2026-09-19T15:38:10.090473+09:00,False,False,live
ART-00383,market,방음 패드 시장 2035년 전망: 산업 자동화 수요가 연평균 5.5~7.0% 성장 견인,2026-09-19,방음 패드 시장 2035년 전망: 산업 자동화 수요가 연평균 5.5~7.0% 성장 견인 indexbox.io,방음 패드 시장 2035년 전망: 산업 자동화 수요가 연평균 5.5~7.0% 성장 견인 indexbox.io,https://news.google.com/rss/articles/CBMixgFBVV95cUxOR29TalFwTi1UVTl3eEMzRE04RmgxSGRzeWRVQUFHOElTVnFVYUZGZ2RILVU1d1FUdzZBT19Lcnp1Znp0TVBnWTBrNEFmcktnbVJHWV9KUUt4dUtWV2ZLUUN5d290VFNuOFlLajhrWENTSXpaWHllSGVjZmZOR3hoMXRoaUVQV012N1JBRGxjb2V2b3U4d0sxZWVQdTZKN2xhVWpvdV9iLWEzc0dkMW1Kd1dZMEpqYTVCekNYRExENmZZMXMzQXc?oc=5,indexbox.io,,자동화,2026-09-19T15:38:10.090473+09:00,False,False,live
ART-00384,market,"DN솔루션즈, 美·유럽 공작기계전 동시 출격…HELLER와 ‘제조 솔루션’ 맞손",2026-09-18,"DN솔루션즈, 美·유럽 공작기계전 동시 출격…HELLER와 ‘제조 솔루션’ 맞손 스트레이트뉴스","DN솔루션즈, 美·유럽 공작기계전 동시 출격…HELLER와 ‘제조 솔루션’ 맞손 스트레이트뉴스",https://news.google.com/rss/articles/CBMic0FVX3lxTFBQRmRQZ3ZESk96elE1OG5teGhPaW1Sc0Vvd1gzanhxQ0RSTU9OOTh2X3Q4MjJMODZrUHNFUDI4czJLTno5dnJ3WmpPS255NjBUaHBBZ1gtSzhKMVZTRzZuQ3R5UTBESi1NS0RUaF9rLVhtQVXSAXdBVV95cUxQdHhTQ3pyUmxQV3ZwXzg4UUdJZFdzcjJ2UFhQaUtlbHpObjJwb3dyM0s5clJyR3JQMlhBbFd5cDZ0Vy1GS0V4MnlPMUdITWJsZlFFSDFFWjhORDBTTVRjdDBWS2o4UXpWUjIxazNKb283R3lmZUk0aw?oc=5,스트레이트뉴스,,자동화,2026-09-19T15:38:10.090473+09:00,False,False,live
ART-00385,market,"DN솔루션즈, IMTS·AMB 2026서 독일 헬러(HELLER) 통합 성과 공개… 제조·자동화 역량 결집",2026-09-18,"DN솔루션즈, IMTS·AMB 2026서 독일 헬러(HELLER) 통합 성과 공개… 제조·자동화 역량 결집 기계신문","DN솔루션즈, IMTS·AMB 2026서 독일 헬러(HELLER) 통합 성과 공개… 제조·자동화 역량 결집 기계신문",https://news.google.com/rss/articles/CBMiZ0FVX3lxTE9TcmVVaHdoMzM5VHZFLTJSNE1KeVNkdlpscU9Lbk1mVTNxblFtdjRvRVRzb0RYNFBYR0p5clBtSFJRX19lWTVTMkhmYllvaFRIZjM4U3RnNHk5cTl1NzFvX0dCSEluZHM?oc=5,기계신문,,자동화,2026-09-19T15:38:10.090473+09:00,False,False,live
ART-00386,market,"안산시, 일본 스마트 제조현장 벤치마킹…중소기업 경쟁력 강화 모색",2026-09-14,"안산시, 일본 스마트 제조현장 벤치마킹…중소기업 경쟁력 강화 모색 브릿지경제","안산시, 일본 스마트 제조현장 벤치마킹…중소기업 경쟁력 강화 모색 브릿지경제",https://news.google.com/rss/articles/CBMiWkFVX3lxTFBkeDlINnBCdGZDc1lMN181a3VoNTBpUW02d1MxMHlUbkEwdU1Zc2Z1OVFJTC00azZRbm1sNGpCMm5jNERMazhxb284VG5BRjRWM2hCazNhNFA4Zw?oc=5,브릿지경제,,자동화,2026-09-19T15:38:10.090473+09:00,False,False,live
ART-00387,market,"DN솔루션즈, HELLER 시너지와 제조·자동화 역량 공개",2026-09-18,"DN솔루션즈, HELLER 시너지와 제조·자동화 역량 공개 비욘드포스트","DN솔루션즈, HELLER 시너지와 제조·자동화 역량 공개 비욘드포스트",https://news.google.com/rss/articles/CBMifEFVX3lxTE5yOWE5bDNXV1RVeWstRnIzc2gyLThNZ1k2QVBGeDIwSF96bnAwcHNaU0VTaU01cXBraUQwdmYwdzBPZUMxVkE4Zk52Ykc1eVFWdHYwbS1qVzhyVFE4VXgzTWpTRWVjZUw1Z3dKSktsMlhHQXNsa3hoY2gtaUU?oc=5,비욘드포스트,,자동화,2026-09-19T15:38:10.090473+09:00,False,False,live
ART-00388,market,"“경주서 만든 드론, 하늘 날다”",2026-09-18,"“경주서 만든 드론, 하늘 날다” 서라벌신문","“경주서 만든 드론, 하늘 날다” 서라벌신문",https://news.google.com/rss/articles/CBMibEFVX3lxTE10SThPcjNoaVhQQUcwcEZ5LThYVUhEeldpZHdtRXNZblFoOE55SGRlNWQteVY4OHQ5Tk41ZGJFVmoyN0Z4aVhhY3FjczZQY1R6RGxTRUhSbmEzeDFoM2FzbmtZRWdqS0N4OW5Mdw?oc=5,서라벌신문,,자동화,2026-09-19T15:38:10.090473+09:00,False,False,live
ART-00389,market,[뉴스워커_DN솔루션즈] HELLER 인수 시너지 본격화… 첫 공동 자동화 솔루션 공개,2026-09-18,[뉴스워커_DN솔루션즈] HELLER 인수 시너지 본격화… 첫 공동 자동화 솔루션 공개 뉴스워커,[뉴스워커_DN솔루션즈] HELLER 인수 시너지 본격화… 첫 공동 자동화 솔루션 공개 뉴스워커,https://news.google.com/rss/articles/CBMicEFVX3lxTE40VEd6TTB3NVFPREhqbW1PdGpxSUNyejhNMjBQM2I4VzkzbjZnOGdHbGJqaWVCcEdKWldpVVlVUkhpbGxiZkZ5cFJpVVBURWNVdGJQMHdwY09RTnlRck5XbUZEQzRpOFZ1OElMX2c2UXrSAXRBVV95cUxQa3hOTk9LTWlXVGJ2TWNOc19NVUp2QjFYXzBwOVVsQ3g4X1ZWczBITzZ4WmFHbmlaNE1iUmF0SFdKVlQ1V3BqclJCN1o1V0FkMUQ3dmxLNVkwWkNnczA3d3NpUFEtaERCRUJ0QU5BMGItNmh3VQ?oc=5,뉴스워커,,자동화,2026-09-19T15:38:10.090473+09:00,False,False,live
ART-00390,market,"DN솔루션즈, HELLER 인수 시너지 본격화…美·유럽서 ‘통합 기술력’ 공개",2026-09-18,"DN솔루션즈, HELLER 인수 시너지 본격화…美·유럽서 ‘통합 기술력’ 공개 리드경제","DN솔루션즈, HELLER 인수 시너지 본격화…美·유럽서 ‘통합 기술력’ 공개 리드경제",https://news.google.com/rss/articles/CBMib0FVX3lxTE1pTDNhMTF5U3NuVnhQVjVFLW9GSmdiNGNCV29Wc3A0cHVWSFljUGVCaDlPOVEzVzNiT2NuOEE4LXIwbWU3TVZXRmlDdFYwODFUd21zZzZDRUtrVUFPcDE4bEFfLTQ1dnMtWjU1Q3o4RQ?oc=5,리드경제,,자동화,2026-09-19T15:38:10.090473+09:00,False,False,live
ART-00391,market,"“글로벌 공작기계 지형 바꾼다”… DN솔루션즈(디엔솔루션즈)-HELLER, M&A 시너지 본격 가동",2026-09-18,"“글로벌 공작기계 지형 바꾼다”… DN솔루션즈(디엔솔루션즈)-HELLER, M&A 시너지 본격 가동 geconomy.co.kr","“글로벌 공작기계 지형 바꾼다”… DN솔루션즈(디엔솔루션즈)-HELLER, M&A 시너지 본격 가동 geconomy.co.kr",https://news.google.com/rss/articles/CBMiZEFVX3lxTE9tbVRwNEU5WW5pUWxYYTd5LUNHSUFKdjFKODIwRVc5MlZxdFVEcFNobXRCZDJweE41ZG1SVFdIR19jdS0wc2tfLUhmQUZRSER4UDRiNmRuQVNvYWpTckFvYUM1UmI?oc=5,geconomy.co.kr,,자동화,2026-09-19T15:38:10.090473+09:00,False,False,live
ART-00392,market,제조업 현장에 스타트업 기술 더한다…대구 `상생 AX` 모색,2026-09-15,제조업 현장에 스타트업 기술 더한다…대구 `상생 AX` 모색 매일신문,제조업 현장에 스타트업 기술 더한다…대구 `상생 AX` 모색 매일신문,https://news.google.com/rss/articles/CBMiYkFVX3lxTE90Vzg3al9pcVZPSENfRGdQTXcyWmRBdk13djIySkRkTE96NFFXWkNPRy1SdU83Y0E2dTdZMmZjNmVrVTA0MVRKbjhrb2QzU2tQTjlJVHUyUEVGR0x6YWc3czRB?oc=5,매일신문,,자동화,2026-09-19T15:38:10.090473+09:00,False,False,live
ART-00393,market,"예천 농부창고, 삼성형 스마트공장 구축…제조 공정 자동화 나선다",2026-09-18,"예천 농부창고, 삼성형 스마트공장 구축…제조 공정 자동화 나선다 NANOOM ENERGY","예천 농부창고, 삼성형 스마트공장 구축…제조 공정 자동화 나선다 NANOOM ENERGY",https://news.google.com/rss/articles/CBMibEFVX3lxTE9Sa1I3US15VmhxbV9Fb1M5ZlFTbGl5UHJUZFFSbkp6RFFXMHBSQlhiSWw3RkFPYmlVSE82UU1MQ0J4UTBSek8xYlRPN1NwOFN0SHhkQ2VOLWFmR1N3cjhabk1tbWpwNXE0Ymkwbw?oc=5,NANOOM ENERGY,,자동화,2026-09-19T15:38:10.090473+09:00,False,False,live
ART-00394,market,"산업자동화 시장 연 53% 성장…""피지컬 AI 선점해야""",2026-09-16,"산업자동화 시장 연 53% 성장…""피지컬 AI 선점해야"" 뉴시스","산업자동화 시장 연 53% 성장…""피지컬 AI 선점해야"" 뉴시스",https://news.google.com/rss/articles/CBMiYEFVX3lxTFBkNE9yUXFSNE45ek90endyQS1VM2djTWpjN1BGNTNQWS00ZkJ6a0Z2TWxPQm5ldjkwR3dXNVBOQ3dBMFhMMDBPVTVNQW1nQ2IwNEFYUEhWNkNFTHJCZUlWVtIBeEFVX3lxTE5tSWxoX2NHNjN2MjNIb09HZzh3VjBkblB4Rmh2c3FfSVFQUWNDbnBod05ESmFSMFA4ZDBmVEhBdkxvV1BBa1NmcF9ubVdteG0wWmYteUt5ckNzaGlYVmVjc0tqLWJPZWgwc2xXNjU1TDNDYjdGSjc3eA?oc=5,뉴시스,,자동화,2026-09-19T15:38:10.090473+09:00,False,False,live
ART-00395,market,"[통신, 연결 넘어 지능형 인프라로] ①로봇이 로봇을 만드는 공장의 신경망 잡아라",2026-09-18,"[통신, 연결 넘어 지능형 인프라로] ①로봇이 로봇을 만드는 공장의 신경망 잡아라 dnews.co.kr","[통신, 연결 넘어 지능형 인프라로] ①로봇이 로봇을 만드는 공장의 신경망 잡아라 dnews.co.kr",https://news.google.com/rss/articles/CBMidEFVX3lxTE1UdkI1TF9mSjVWMGpRdVJ0VVVfUzdKVVFLUjBEX1FFVXB0NkVsLU4wYzQ1bWw4cWxKNWdCcUlIX1JfNF83OEN6QXpVcWZGc25Fc1czdnRLN1ROMlZLQUFoeVNDSkhoclBoemJ5clN2cHJ2N3FJ?oc=5,dnews.co.kr,,자동화,2026-09-19T15:38:10.090473+09:00,False,False,live
ART-00396,market,"AI 자동화 시대, 미국 근로자 6~7% 대체·50% 이상 업무 재편 전망—한국 기업의 대응 전략은",2026-09-19,"AI 자동화 시대, 미국 근로자 6~7% 대체·50% 이상 업무 재편 전망—한국 기업의 대응 전략은 유스연합","AI 자동화 시대, 미국 근로자 6~7% 대체·50% 이상 업무 재편 전망—한국 기업의 대응 전략은 유스연합",https://news.google.com/rss/articles/CBMiU0FVX3lxTE9Ya2tqTmE3LWt0bzBpUDhYcUJsSnpEVFZVN1dJNXkxSjdHNDNFOThkNjJYTHl0Ym04UGlTQUhjX0FwQzBTRFRpWFdDcnJ5NFZfSk1F?oc=5,유스연합,,자동화,2026-09-19T15:38:10.090473+09:00,False,False,live
ART-00397,market,"최승재 옴부즈만, 수도권 제조 중기 방문...자동화 설비 도입·불법 브로커 피해 논의",2026-09-18,"최승재 옴부즈만, 수도권 제조 중기 방문...자동화 설비 도입·불법 브로커 피해 논의 이투데이","최승재 옴부즈만, 수도권 제조 중기 방문...자동화 설비 도입·불법 브로커 피해 논의 이투데이",https://news.google.com/rss/articles/CBMidEFVX3lxTE9pdnZZUTQ3V3ZWOHZiWDdfRzVWZ2VxYnNBS1c3NFdWM2t1ci1YMGdvdjhmMHFKdF9Rb2tBOTdSeDJ6Xy1ZNnd6blNOMmJEeTg3RFMyNnVzUEhSenhXYmZlUVI2RmFhcktmMko1VHJpOFM1Q19p?oc=5,이투데이,,자동화,2026-09-19T15:38:10.090473+09:00,False,False,live
ART-00398,market,"경북도-애플 R&D 지원센터, 포스텍서 스마트 제조 포럼 개최",2026-09-16,"경북도-애플 R&D 지원센터, 포스텍서 스마트 제조 포럼 개최 한국일보","경북도-애플 R&D 지원센터, 포스텍서 스마트 제조 포럼 개최 한국일보",https://news.google.com/rss/articles/CBMibkFVX3lxTE9pRXVqSlRsTVZEcFRLdHU5eHRQR2x6VUpjTDVWQVdOTmM1WFFBT2ZPSTVmQjIyZ3J6aFJMSUgybDhYTGF5T01LVVlsZTVhX3lvMEdqczdraXlXRzY2cWFQaGUzcm5UcFNTS2Y1ODFR0gFzQVVfeXFMTUZGU0F4SnJXUk02eU1WVEpMN0d1Qkx3Wlk2ak5kLV9CMExfaV9ReXd2bTlQT2xNSHc3Nkh4X0R0T09xTzBnelM3NE1xZ01oTm5CeDRzS19oTjN3T3F0dmpQdDR0eE95cmVBVUd2Y3ZTQzNwbw?oc=5,한국일보,,자동화,2026-09-19T15:38:10.090473+09:00,False,False,live
ART-00399,market,"""K-제조 피지컬 AX 필수적…국방 R&D·산단 인프라 구축해야""",2026-09-16,"""K-제조 피지컬 AX 필수적…국방 R&D·산단 인프라 구축해야"" 매일일보","""K-제조 피지컬 AX 필수적…국방 R&D·산단 인프라 구축해야"" 매일일보",https://news.google.com/rss/articles/CBMiZEFVX3lxTFAtN2x5T1VnMXNXUVFVSmFfMWhVZy1waUR5Y1Z6a3NlOGFXTklrZUdaeXVsUk1BQzFHTGZ3YXNiX2JQcmlNS0d2akRNUkhCSkVocGVPbW5YRVlZZU9OVXppLUtTQVg?oc=5,매일일보,,자동화,2026-09-19T15:38:10.090473+09:00,False,False,live
ART-00400,market,"[AW 베트남 2026] 플래닝고, 복잡한 주문형 제조 견적 3D·AI로 자동화한다",2026-09-08,"[AW 베트남 2026] 플래닝고, 복잡한 주문형 제조 견적 3D·AI로 자동화한다 헬로티","[AW 베트남 2026] 플래닝고, 복잡한 주문형 제조 견적 3D·AI로 자동화한다 헬로티",https://news.google.com/rss/articles/CBMiX0FVX3lxTE5jbmxialhHZFhNVFVMdkd2NGNoSVA0Q0xJeHl4S2Y5N0x0STZVUXh5OUlqekdqQlBkUEpwWERTT3lqWVNKdzBZQmVzMnZqVFNMYnN2UENBYVpYZXlCdWxZ?oc=5,헬로티,,자동화,2026-09-19T15:38:10.090473+09:00,False,False,live
ART-00401,market,"안산시, 일본 도쿄서 스마트 제조 혁신 벤치마킹 > 뉴스",2026-09-14,"안산시, 일본 도쿄서 스마트 제조 혁신 벤치마킹 > 뉴스 더코리아","안산시, 일본 도쿄서 스마트 제조 혁신 벤치마킹 > 뉴스 더코리아",https://news.google.com/rss/articles/CBMicEFVX3lxTFA2SmdBZTRiT0JpX3ZyZ1h2OHdfNk9jSmJtSE1DekhLUmVXczRrZENNdDN3dVk5ZC1DZER5aG5GeVFJTDVXTTVRM3ZQMFphTHVzRWZNb3JXNmVDUUhocG83Rnk1czFIMl9QRzZPR1pZVks?oc=5,더코리아,,자동화,2026-09-19T15:38:10.090473+09:00,False,False,live
ART-00402,market,"DN솔루션즈, 헬러와 미·독 전시회 공동 출전…자동화 장비 첫선",2026-09-18,"DN솔루션즈, 헬러와 미·독 전시회 공동 출전…자동화 장비 첫선 비즈중앙","DN솔루션즈, 헬러와 미·독 전시회 공동 출전…자동화 장비 첫선 비즈중앙",https://news.google.com/rss/articles/CBMicEFVX3lxTE9NTXVlVHJ4azJOLXB2YlJuQlMwMG45dDJ5Tm9wNUU0ZllSQ1BOMVh3STVjZ0NiQjdxQmVfX3ZETExRU0FhNDV5Q2Jqd2hYSzNQYU1ZWU1IWXA1Q2NBeFljTHRESVBFbkhQWlgxUnRFdkw?oc=5,비즈중앙,,자동화,2026-09-19T15:38:10.090473+09:00,False,False,live
ART-00403,market,獨 제조업 구조조정 격랑… 韓 기계·방산·반도체 산업엔 '골든타임' 왔다,2026-09-18,獨 제조업 구조조정 격랑… 韓 기계·방산·반도체 산업엔 '골든타임' 왔다 기계신문,獨 제조업 구조조정 격랑… 韓 기계·방산·반도체 산업엔 '골든타임' 왔다 기계신문,https://news.google.com/rss/articles/CBMiZ0FVX3lxTE5NVXhMM3NPRFpNQWxaenFMcktWWW14WGdwRnBoNjk1T1h0UmQ0VWxTSm93LTNMWXpVRzVIdmNpNEhKMlByTTZBNzkxSHl0VWlNM2ltZ0RHUDFMeHB3MEs2SkVhemVnTFk?oc=5,기계신문,,자동화,2026-09-19T15:38:10.090473+09:00,False,False,live
ART-00404,market,"DN솔루션즈, 美·유럽 공작기계전서 헬러 통합 성과 공개",2026-09-18,"DN솔루션즈, 美·유럽 공작기계전서 헬러 통합 성과 공개 sankyungtoday.com","DN솔루션즈, 美·유럽 공작기계전서 헬러 통합 성과 공개 sankyungtoday.com",https://news.google.com/rss/articles/CBMicEFVX3lxTE9PWWxYWmY3eEp6b09yQ1o2V2V3STNJZDJnOE9OZkNGMHJVQ2EyaFJzekhWUHVMYTBfelFYa3locEFNRUhOXzRmalhNTHptbklLWGF4WGZ5UzlUTDVpMTVfVTJOS0xGSDdpejRxbVF6MELSAXRBVV95cUxOMmd5NnNmeEtWamVHYXNpYWlQRXFoQXhwMjdmQ0JLZlRuTUZSOW5TWmNKUWdVOXFnRGtHWjFYT0ltOE8xY2lxM2I0dDRUQXA5cmZpZmxELXp6V3lBeXNIdkI2ejE3ZVRlVEFJZlFkUTJCS05ITw?oc=5,sankyungtoday.com,,자동화,2026-09-19T15:38:10.090473+09:00,False,False,live
ART-00405,market,지멘스 CEO “AI 수익화 열쇠는 산업 현장” - 조선비즈,2026-09-18,지멘스 CEO “AI 수익화 열쇠는 산업 현장” - 조선비즈 Chosunbiz,지멘스 CEO “AI 수익화 열쇠는 산업 현장” - 조선비즈 Chosunbiz,https://news.google.com/rss/articles/CBMiggFBVV95cUxPLXdGanBpZjJ6eTNibkhyeVZVQ0JoeGFDZU5LZVE5enVCNFdIVGVHMlZacDF4TjU1dHE1V04zZ1BSemM0eS05bncwOEVJY2VFR09ib0RnSDQ2c2xHZVNISUVTbXdPMGlwTHBJaTZqSm8tQmdLY3RjRmstV216RWwybHFn?oc=5,Chosunbiz,,자동화,2026-09-19T15:38:10.090473+09:00,False,False,live
ART-00406,market,"제조 현장의 로봇, '보여주는 것'에서 '일하는 것'으로…AI로보틱스 전략 한자리에",2026-09-04,"제조 현장의 로봇, '보여주는 것'에서 '일하는 것'으로…AI로보틱스 전략 한자리에 헬로티","제조 현장의 로봇, '보여주는 것'에서 '일하는 것'으로…AI로보틱스 전략 한자리에 헬로티",https://news.google.com/rss/articles/CBMiX0FVX3lxTE9TbnRPYU9Yb0hGMnJhWVROZGI3N3BwN2RIa3FYWEY0X2dPaXcxcnM5UEpHTGFVU3hWMEZ5Zlo2SmYwMDYtalBTS3E0Vkc3V2M5aWs5NXR4NzFVUzFtbHNF?oc=5,헬로티,,자동화,2026-09-19T15:38:10.090473+09:00,False,False,live
ART-00407,market,“피크타임 시간제 근로자 대체하는 바리스타 로봇 속도 혁신”,2026-09-17,“피크타임 시간제 근로자 대체하는 바리스타 로봇 속도 혁신” 헬로티,“피크타임 시간제 근로자 대체하는 바리스타 로봇 속도 혁신” 헬로티,https://news.google.com/rss/articles/CBMiX0FVX3lxTFBfOXVnQjI1bFUxLVVFM1pnemplUV9VLXJCOGc3MkJnakx6dHBXQzg3cHFIT2JEUWRiVGhfeWpWcTBIbEx5UElKOEdwZzJuNmY4TjE1WWt2cDg0UUNuSy1v?oc=5,헬로티,,자동화,2026-09-19T15:38:10.090473+09:00,False,False,live
ART-00408,market,"DN솔루션즈, 美·유럽 동시 공략…공작기계전서 HELLER 시너지 첫선",2026-09-18,"DN솔루션즈, 美·유럽 동시 공략…공작기계전서 HELLER 시너지 첫선 1코노미뉴스","DN솔루션즈, 美·유럽 동시 공략…공작기계전서 HELLER 시너지 첫선 1코노미뉴스",https://news.google.com/rss/articles/CBMicEFVX3lxTE1NY3I0QVVtMnAwOVFjQ3lIMndhNHgxdVl6RlNLdHRCNUlnTzBhS1VlbGZJZV9Ua3FKVE9aNWs2NWRFdy1hS25kM1RQZGtNaFFUcnN4XzM3a1M0Q3JJUzVqWndJS3AzUkpKQzFHcENkTkE?oc=5,1코노미뉴스,,자동화,2026-09-19T15:38:10.090473+09:00,False,False,live
ART-00409,market,"삼성SDS, 제조 자동화 넘어 '로봇 통합운영' 사업 본격화",2026-09-08,"삼성SDS, 제조 자동화 넘어 '로봇 통합운영' 사업 본격화 뉴스핌","삼성SDS, 제조 자동화 넘어 '로봇 통합운영' 사업 본격화 뉴스핌",https://news.google.com/rss/articles/CBMiXEFVX3lxTE5fRXZYNDZSU2dhbHlwaktLRW1WaC1LOFlOVVRyS0tQYm1HbDYweF9oQ3l4YkFONDkyNnlGdWhZNGg5amRtX05ndjF1ajhHemE4d2dud050eG0yOGlZ?oc=5,뉴스핌,,자동화,2026-09-19T15:38:10.090473+09:00,False,False,live
ART-00410,market,"DN솔루션즈, 미·유럽서 헬러 통합 성과 공개",2026-09-18,"DN솔루션즈, 미·유럽서 헬러 통합 성과 공개 스페셜경제","DN솔루션즈, 미·유럽서 헬러 통합 성과 공개 스페셜경제",https://news.google.com/rss/articles/CBMibEFVX3lxTE1HcHU4b0J0b09NVnE5bUh3eGtGUnhDNkJZOERycVI3Q1B2WmpWdElXM3Z1V1pQVXFBalJFYkxZSEFPazh0VEVtaXNUMVZVSUlBNlppejNTc0owb3VObkN6TFRUTktWNjlpSDhldw?oc=5,스페셜경제,,자동화,2026-09-19T15:38:10.090473+09:00,False,False,live
ART-00411,market,"“피지컬AI 최종 플랫폼으로 도약“… 테라다인로보틱스, 개방형 생태계 구상",2026-09-17,"“피지컬AI 최종 플랫폼으로 도약“… 테라다인로보틱스, 개방형 생태계 구상 인더스트리뉴스","“피지컬AI 최종 플랫폼으로 도약“… 테라다인로보틱스, 개방형 생태계 구상 인더스트리뉴스",https://news.google.com/rss/articles/CBMickFVX3lxTE45WGNOeU1aUi1acVFuZHpicEVyNGY3WGcwY1JFQmpKMUUwb2QyM1M0VlJueTNOOEVYcnlvZzYtR25DVjQyMzVaYlpZWUJuenBPeGs3NG1mZ3JQZEdyVWtPR1hZZ0tpc1g2NVE0WXlHVkJMdw?oc=5,인더스트리뉴스,,자동화,2026-09-19T15:38:10.090473+09:00,False,False,live
ART-00412,market,"한국요꼬가와전기, 'Biologics Manufacturing Korea' 참가",2026-09-18,"한국요꼬가와전기, 'Biologics Manufacturing Korea' 참가 약업신문","한국요꼬가와전기, 'Biologics Manufacturing Korea' 참가 약업신문",https://news.google.com/rss/articles/CBMid0FVX3lxTFBDa0g1V3llbXpaeEdNU0VWN0dNTm9WWUs0RFVSVXFDMGFXVEhXVGNMY3FkOG9qa2tTZk9pbG0yN2JjRUpZUklYUW41dWEzVGdWYmhRS3hhTmNGZ1JCZHB0T1pzd0VmcDJ1YjNoaE1QVGZweWlVN25N?oc=5,약업신문,,자동화,2026-09-19T15:38:10.090473+09:00,False,False,live
ART-00413,market,"휴머노이드 관절 움직인다… 엔비알모션, 차세대 감속기 상용화 박차",2026-09-18,"휴머노이드 관절 움직인다… 엔비알모션, 차세대 감속기 상용화 박차 pinpointnews.co.kr","휴머노이드 관절 움직인다… 엔비알모션, 차세대 감속기 상용화 박차 pinpointnews.co.kr",https://news.google.com/rss/articles/CBMic0FVX3lxTFBUSUhjOXhRQVRVQ05QVkU3Mzl0QVdqQWpWRUZZRld5MXFvUWJqQlJtQ2xtME1TVkZ6ZWNobGJyVURzRmg3RjFvaDNlUzNSX3hYRllrUWJkYjdGRlhfTmVSbmRkaFNGdkI4b2tiZnpFUjBVbDDSAXdBVV95cUxObV9FUEU2b2JYYWt5RVVzc2Jwc0Q3STA0RTZKa1VjWFVtMm5KeWowMWtTdkdPVlh1OWxUUDBpWC13RFpJamdnTDJNbmpHMnpaX3NQbVhyVnZadVlCdVlyQXZjTmx1QXlOd3M3LVRxOUhtd1hNNGV4RQ?oc=5,pinpointnews.co.kr,,자동화,2026-09-19T15:38:10.090473+09:00,False,False,live
ART-00414,market,"호주, AI 기반 국가 자동화 플랫폼 구축…로봇 도입 격차 해소 나선다",2026-09-02,"호주, AI 기반 국가 자동화 플랫폼 구축…로봇 도입 격차 해소 나선다 로봇신문","호주, AI 기반 국가 자동화 플랫폼 구축…로봇 도입 격차 해소 나선다 로봇신문",https://news.google.com/rss/articles/CBMibEFVX3lxTE9JQlE0eDFzODY4WWJIX3JISGlfWC1HYkhLNGFVNnhPQTJJaFYwTHZWa0ZPOHVHampGM0FORl8ya0ZfZ1AzQXlIZlhsNXRnQXRiMEN0eFg1a1F1QjhURlpaUFpuRjlKN2paZGIySA?oc=5,로봇신문,,자동화,2026-09-19T15:38:10.090473+09:00,False,False,live
ART-00415,market,공장부터 휴머노이드 온다…피지컬 AI 시장 7년간 약 20배,2026-09-17,공장부터 휴머노이드 온다…피지컬 AI 시장 7년간 약 20배 thepowernews.co.kr,공장부터 휴머노이드 온다…피지컬 AI 시장 7년간 약 20배 thepowernews.co.kr,https://news.google.com/rss/articles/CBMifkFVX3lxTFB4T1kxTkJDd0xFQXMzMk1pTXB5T1ZZR3J6TWlINUlha1plMkN0MW8wX1cxMnJPZUhYalNmdENVSFJQRDNHNHMwMHNweHRvdXNEY1ZhSGNXQ0lkZXEtVW1aUE0tTkVpUWExc285OW5kLWx6cnJlRGRVVWhqY3JvUQ?oc=5,thepowernews.co.kr,,자동화,2026-09-19T15:38:10.090473+09:00,False,False,live
ART-00416,market,"티로보틱스, 美 생산거점 구축 추진…‘유리기판 로봇·ESS 자동화’ 수주 대응",2026-09-18,"티로보틱스, 美 생산거점 구축 추진…‘유리기판 로봇·ESS 자동화’ 수주 대응 이투데이","티로보틱스, 美 생산거점 구축 추진…‘유리기판 로봇·ESS 자동화’ 수주 대응 이투데이",https://news.google.com/rss/articles/CBMiVEFVX3lxTE1kalFSUGlta1VSdm04Rmk3aWpUYWxKZ1RMclpIbk9uQ3NGZ1daQ1hLU1dOZ2JBVWlmcmMyMzlhanRPUXNqZndUMXZWajh1RWc5bEJCeA?oc=5,이투데이,,자동화,2026-09-19T15:38:10.090473+09:00,False,False,live
ART-00417,market,"""문서 자동화 넘어 품질 예측까지""…포티투마루, 제조 AX 방안 제시",2026-09-10,"""문서 자동화 넘어 품질 예측까지""…포티투마루, 제조 AX 방안 제시 지디넷코리아","""문서 자동화 넘어 품질 예측까지""…포티투마루, 제조 AX 방안 제시 지디넷코리아",https://news.google.com/rss/articles/CBMiVkFVX3lxTE1kM0w0Vy05aEdTU3ZmMk4tV3pzYlpVUlNBMGZ0TVRsRDNpRlBpNzZFVmY2MzZIWE9JcGs0XzR1S2JNazUzQUZiOVg0UUctR204aU9iaTBB?oc=5,지디넷코리아,,자동화,2026-09-19T15:38:10.090473+09:00,False,False,live
ART-00418,market,"DN솔루션즈, 美·유럽 최대급 공작기계전에 HELLER와 첫 공동 전시 … 美·유럽서 통합 성과 공개",2026-09-18,"DN솔루션즈, 美·유럽 최대급 공작기계전에 HELLER와 첫 공동 전시 … 美·유럽서 통합 성과 공개 워크투데이","DN솔루션즈, 美·유럽 최대급 공작기계전에 HELLER와 첫 공동 전시 … 美·유럽서 통합 성과 공개 워크투데이",https://news.google.com/rss/articles/CBMibEFVX3lxTE45NW9WRC13RDRsOGd5UEhPUFF0OHRJQlJ5bmFqYTlWUXNsWk9rcFBxN3h4SWFoQm9CbHFNdVg1RUh4alRISVpYeDU2TGtEdDhYNGhEcnRheFNoVjQ4WDR2QmxDdTRKQjRsSXgzTg?oc=5,워크투데이,,자동화,2026-09-19T15:38:10.090473+09:00,False,False,live
ART-00419,market,"현대위아, 국내 최초 ‘완전 무인’ 지게차 제조 현장 공급… 물류 자동화 가속",2026-09-07,"현대위아, 국내 최초 ‘완전 무인’ 지게차 제조 현장 공급… 물류 자동화 가속 기계신문","현대위아, 국내 최초 ‘완전 무인’ 지게차 제조 현장 공급… 물류 자동화 가속 기계신문",https://news.google.com/rss/articles/CBMiZ0FVX3lxTE9VLXpOMGh3RUlfeVB4U2l3RHpYMVE1QWZxeWtERkFnZHNlWlVOa3ZhXzZITWp2blFqN1dsUTVSZWdxYTlVVkFPdnV5WUF6d3hwT2NOS21kV3JlcWswazBadEVwZVNYQkU?oc=5,기계신문,,자동화,2026-09-19T15:38:10.090473+09:00,False,False,live
ART-00420,market,"KT, AI로 24시간 가동 ‘다크팩토리’ 기술 개발…피지컬 AI 제조혁신 나선다",2026-09-17,"KT, AI로 24시간 가동 ‘다크팩토리’ 기술 개발…피지컬 AI 제조혁신 나선다 투데이e코노믹","KT, AI로 24시간 가동 ‘다크팩토리’ 기술 개발…피지컬 AI 제조혁신 나선다 투데이e코노믹",https://news.google.com/rss/articles/CBMiZ0FVX3lxTFByVmEwQlNGS3dxSFA0MHpGcmxEWFdZUFZMZFY1TDZVZ2NNTmJVUjI2UFhfQ1NHWUNBbVlXb2JyZVllY1N0X2NQYlNtRFA5T25LMm5zdl84bTNIQ094Vzl4WXBJQmQtUFU?oc=5,투데이e코노믹,,자동화,2026-09-19T15:38:10.090473+09:00,False,False,live
ART-00421,market,"[아주초대석] ""반도체·조선·바이오로 넓힌다""…지멘스, 韓 산업 AI 생태계 확장",2026-09-17,"[아주초대석] ""반도체·조선·바이오로 넓힌다""…지멘스, 韓 산업 AI 생태계 확장 v.daum.net","[아주초대석] ""반도체·조선·바이오로 넓힌다""…지멘스, 韓 산업 AI 생태계 확장 v.daum.net",https://news.google.com/rss/articles/CBMiT0FVX3lxTFBYcmZuR1M5czBLenZCLVdKZDR6eUw0R2UxQVBLTy1HQ3pwaExZRGxBV2VMR3ZVdnNaZEdTelh4dFFNbnlwQXo3emN3cFpyWUE?oc=5,v.daum.net,,자동화,2026-09-19T15:38:10.090473+09:00,False,False,live
ART-00422,market,"충남인력개발원, 남양유업 맞춤형 자동화 인재 키운다",2026-09-10,"충남인력개발원, 남양유업 맞춤형 자동화 인재 키운다 dnews.co.kr","충남인력개발원, 남양유업 맞춤형 자동화 인재 키운다 dnews.co.kr",https://news.google.com/rss/articles/CBMidEFVX3lxTE5adUFfM05jV2Y4emI4dVlVeHJ6LXZZbTNsWERQN0xMNUx2LVJ1bkZsTTN2dVpZLXg2QTd2MmlIeVU3U3lVMmFGRGZweEZtOE5LcHlxT3YtNk5kSXlueEpwVXU1TERzMmdocXo3Si1zRGE4QlA2?oc=5,dnews.co.kr,,자동화,2026-09-19T15:38:10.090473+09:00,False,False,live
ART-00423,market,"KT, 피지컬AI로 대한민국 제조 혁신 이끈다",2026-09-17,"KT, 피지컬AI로 대한민국 제조 혁신 이끈다 seonamtoday.com","KT, 피지컬AI로 대한민국 제조 혁신 이끈다 seonamtoday.com",https://news.google.com/rss/articles/CBMiWkFVX3lxTE9RVDBHZFd5VEVMZ05kMlZSZzhPQVdNaVp2bVlGRUZVZnpOcXg5Mi1ZYllwY0V5QTlGR3U4QldIOGIzcndQVUo0d3VYcE1kMnFZQTAxMUtyM3JPUQ?oc=5,seonamtoday.com,,자동화,2026-09-19T15:38:10.090473+09:00,False,False,live
ART-00424,market,"장원테크, ‘공정 자동화’ 스마트 제조 체계 구축…자동차 부품 경쟁력 강화",2026-09-09,"장원테크, ‘공정 자동화’ 스마트 제조 체계 구축…자동차 부품 경쟁력 강화 동아일보","장원테크, ‘공정 자동화’ 스마트 제조 체계 구축…자동차 부품 경쟁력 강화 동아일보",https://news.google.com/rss/articles/CBMidkFVX3lxTE9pMnpCTjI5VWItbjJHeWMzd08xdTlsU0d4X0ZmU2ZJaEhva0I4SXBiQjlzT3kzanhCZng3QVBva25GUnlOakVhRnk5dVdPdWdXbVZNTFVRY1RqSzRtTTIzS3NaVnRoNGRqaWp0WmFqLW9GN2pYSGfSAWZBVV95cUxQMTZVQWFWdHc2ZFRJMFotcEVtOWpEdTllMzNacmYxamxwVXdManZYSmtVU1dRV3daT3RZTVZydjJRZFVMaGpVeXRiMTVuOC0wNVlxSGkxbkVFMU5oZjl4N3lsc2JMOVE?oc=5,동아일보,,자동화,2026-09-19T15:38:10.090473+09:00,False,False,live
ART-00425,market,"장원테크, ‘공정 자동화’ 스마트 제조 체계 구축…자동차 부품 경쟁력 강화",2026-09-09,"장원테크, ‘공정 자동화’ 스마트 제조 체계 구축…자동차 부품 경쟁력 강화 v.daum.net","장원테크, ‘공정 자동화’ 스마트 제조 체계 구축…자동차 부품 경쟁력 강화 v.daum.net",https://news.google.com/rss/articles/CBMiVEFVX3lxTE9seVN2dHNHZGYzSFB6cWxkRlpIY3lPQkVZTWpXY05XYkNQZ1N3NkJYdEFXLUczcG94emtNTGNxeE5EQnloN3FsWW5IUHQ5enhDYkpDXw?oc=5,v.daum.net,,자동화,2026-09-19T15:38:10.090473+09:00,False,False,live
ART-00426,market,"파워오토로보틱스, 누적 투자유치 111억원…AI 자율제조·Dark Factory 사업 확대",2026-09-01,"파워오토로보틱스, 누적 투자유치 111억원…AI 자율제조·Dark Factory 사업 확대 로봇신문","파워오토로보틱스, 누적 투자유치 111억원…AI 자율제조·Dark Factory 사업 확대 로봇신문",https://news.google.com/rss/articles/CBMibEFVX3lxTE1SR3Q1NmVCQ1hpUFZZZTJVaUNEUjYyQXlQdDhhbG53dE5XSlotcVQ4LUpGT3JhWHh4TlNURl9HZWM2V2VqRzk4eXI2UGtPSllweFpMZy1wZHZFdm4tbVR2amZ0VlUxM3hFeUFfMw?oc=5,로봇신문,,자동화,2026-09-19T15:38:10.090473+09:00,False,False,live
ART-00427,market,"미소정보기술, ‘M.AX 전문기업’ 선정 ··· 제조 AI 풀스택 역량 입증",2026-09-18,"미소정보기술, ‘M.AX 전문기업’ 선정 ··· 제조 AI 풀스택 역량 입증 데이터넷","미소정보기술, ‘M.AX 전문기업’ 선정 ··· 제조 AI 풀스택 역량 입증 데이터넷",https://news.google.com/rss/articles/CBMibEFVX3lxTE5TNldqMDZZVlB4SHF3NVQ2VXJjRkZNbHFIVmFERERjM3l1U0FBX1JqZjdrdEFpbTJZV3pVRWM2LXUxRVlkN1JoaGJxTXBES0JvUFJmdExIbENLOGVkQVdwM2duWjhLVDV0Q3dsdg?oc=5,데이터넷,,자동화,2026-09-19T15:38:10.090473+09:00,False,False,live
ART-00428,market,"장원테크, ‘공정 자동화’ 스마트 제조 체계 구축…자동차 부품 경쟁력 강화",2026-09-09,"장원테크, ‘공정 자동화’ 스마트 제조 체계 구축…자동차 부품 경쟁력 강화 v.daum.net","장원테크, ‘공정 자동화’ 스마트 제조 체계 구축…자동차 부품 경쟁력 강화 v.daum.net",https://news.google.com/rss/articles/CBMiS0FVX3lxTE5wLVFVbGgzN25Vd0Z1cnE1dUdvUkJHbkRLVC1yVXlqXy1EMm5RS1pIZV9mdFlCZTZMbHd4UXlsSFh3UFJCRkZHNWliQQ?oc=5,v.daum.net,,자동화,2026-09-19T15:38:10.090473+09:00,False,False,live
ART-00429,market,"불 꺼진 24시간 로봇 공장…KT, 차세대 '다크팩토리' 기술 개발 나선다",2026-09-17,"불 꺼진 24시간 로봇 공장…KT, 차세대 '다크팩토리' 기술 개발 나선다 스마트투데이","불 꺼진 24시간 로봇 공장…KT, 차세대 '다크팩토리' 기술 개발 나선다 스마트투데이",https://news.google.com/rss/articles/CBMiX0FVX3lxTE1DdFJUVHozdUxBSDR3WHBSV2pEdF9BYkN3dlYxWG9UNF8zTVZyUHlTWVlIbGxhelJFMFdLdkM3VDBFMnZ0MTJEdlV5QzltREhIUWJ5elc0eFFlTnRjWE44?oc=5,스마트투데이,,자동화,2026-09-19T15:38:10.090473+09:00,False,False,live
ART-00430,market,[헬로즈업] “작게 시작하고 크게 확장하라”…AX 시대 제조·물류 혁신의 공식,2026-07-25,[헬로즈업] “작게 시작하고 크게 확장하라”…AX 시대 제조·물류 혁신의 공식 헬로티,[헬로즈업] “작게 시작하고 크게 확장하라”…AX 시대 제조·물류 혁신의 공식 헬로티,https://news.google.com/rss/articles/CBMiX0FVX3lxTE0yNzJqSVBOSTN3b083bUM0aFZxY3NfYTVGZk82S0ZUa2RSbnJhUEJYUUw4RGJEZW5wNGdLM1d4U05VazQ3VW5LSkpaTlJKLURUUjU2UW92VHdWa0xCUnVZ?oc=5,헬로티,,자동화,2026-09-19T15:38:10.090473+09:00,False,False,live
ART-00431,market,"로봇 기반 자동화 기술, 물류센터 넘어 제조현장으로 이동 중",2026-08-27,"로봇 기반 자동화 기술, 물류센터 넘어 제조현장으로 이동 중 산업일보","로봇 기반 자동화 기술, 물류센터 넘어 제조현장으로 이동 중 산업일보",https://news.google.com/rss/articles/CBMiREFVX3lxTE9IS0JySG1YTExhd1ZrUDNvYmtLbHBMb0R0SmdDMVhNZnNaMUt2dE5NZWw3MDd0ZFpHQkZCTlpleUFVZkJi?oc=5,산업일보,,자동화,2026-09-19T15:38:10.090473+09:00,False,False,live
ART-00432,market,"라온피플, 자동화를 넘어 자율 생산으로 제조 Physical AI 구현 전략 웨비나 개최",2026-08-21,"라온피플, 자동화를 넘어 자율 생산으로 제조 Physical AI 구현 전략 웨비나 개최 헬로티","라온피플, 자동화를 넘어 자율 생산으로 제조 Physical AI 구현 전략 웨비나 개최 헬로티",https://news.google.com/rss/articles/CBMiX0FVX3lxTE9DUHdMLTB2eWc0YzhjVnJ5NjhkVF9rbTNpMHBPRXMwQTBvUG0yUWM2T2FVcEVVa3kwalJEa1hOVVA2WHUwOXpyTVQxUDUwa0Z6R3R4bW16U3JTVVh2Z3Vj?oc=5,헬로티,,자동화,2026-09-19T15:38:10.090473+09:00,False,False,live
ART-00433,market,어플리케이터 구동 벨트 시장 2035년 전망: 교체 수요와 자동화가 성장 견인 - 뉴스 및 통계,2026-09-16,어플리케이터 구동 벨트 시장 2035년 전망: 교체 수요와 자동화가 성장 견인 - 뉴스 및 통계 indexbox.io,어플리케이터 구동 벨트 시장 2035년 전망: 교체 수요와 자동화가 성장 견인 - 뉴스 및 통계 indexbox.io,https://news.google.com/rss/articles/CBMiyAFBVV95cUxQZTg0MVYwRGYzSUtpQkdUR2xZQl9qMjNSZWVFbFA0THY2b3JuY25iN05mdkpUVlRiWG5WWXhYSDVrR0V3VXJIVlAza0VoMF9NY0Ria3hsRlVuRVg1SDFXNzBrM3AyeTBNRjdkVE9wVElyQ1hwX1BLNTFxdlZnMlRHTDZtZUlpbm9qLXQyMEZjZUcyN0VwZVBFdHdQOXdJa2w2aVVXaEc0cWNTVW04TEVFV01BWUhjbjQ0dU9ndUVDdVQ4OHhNRVJxNw?oc=5,indexbox.io,,자동화,2026-09-19T15:38:10.090473+09:00,False,False,live
ART-00434,market,"에브리봇, FPA와 제조업 현장 로봇 자동화 MOU 체결",2026-06-30,"에브리봇, FPA와 제조업 현장 로봇 자동화 MOU 체결 파이낸스스코프","에브리봇, FPA와 제조업 현장 로봇 자동화 MOU 체결 파이낸스스코프",https://news.google.com/rss/articles/CBMiakFVX3lxTE1idDZlWVN5WkNMdm9qT3FlXzJlNXNuTkRHY1lXRDJSOTFhbzhFX0JpVzdXS3ljRHd0MzBLbHFscTZNeFRiNjlvaWZRZ2VfRlpmMUFEbks2NXV5UUZVUTRDNTBQUWlyYW5LcXc?oc=5,파이낸스스코프,,자동화,2026-09-19T15:38:10.090473+09:00,False,False,live
ART-00435,market,"고령군, 제조업 로봇 전환 속도…자동화 기반 경쟁력 키운다",2026-07-22,"고령군, 제조업 로봇 전환 속도…자동화 기반 경쟁력 키운다 kyongbuk.co.kr","고령군, 제조업 로봇 전환 속도…자동화 기반 경쟁력 키운다 kyongbuk.co.kr",https://news.google.com/rss/articles/CBMib0FVX3lxTE4wZFA4VVc4d2JyNjZsenpBUXItc1ZUejJSRVZ0VGRIM2hhVWNpLUV5dWN4b3FvYlJxLU9jZzBJTjZZU2NVZXZpS3QxeTRWRFQ4bFdKM2Z5S1BaUV81cFlpM0RaNkg2RUswclZoQ0I3dw?oc=5,kyongbuk.co.kr,,자동화,2026-09-19T15:38:10.090473+09:00,False,False,live
ART-00436,market,숙련공 떠나는 제조현장…피지컬 AI로 '노하우' 보존한다,2026-08-27,숙련공 떠나는 제조현장…피지컬 AI로 '노하우' 보존한다 지디넷코리아,숙련공 떠나는 제조현장…피지컬 AI로 '노하우' 보존한다 지디넷코리아,https://news.google.com/rss/articles/CBMiVkFVX3lxTE9paXFMSDdaby03Z0RjNkFIRjgyRzloOW1JMzk4c1E3Zzd6SW4zVHh1QlExVWUwcE5vcUFneklIVWFEUmNVTnVxSUxycWl3b2xqMGpQSjVR?oc=5,지디넷코리아,,자동화,2026-09-19T15:38:10.090473+09:00,False,False,live
ART-00437,market,"유유제약, 산업통상부 첨단제조로봇 실증사업 선정...'생산공정 로봇 자동화 속도'",2026-09-01,"유유제약, 산업통상부 첨단제조로봇 실증사업 선정...'생산공정 로봇 자동화 속도' paxetv.com","유유제약, 산업통상부 첨단제조로봇 실증사업 선정...'생산공정 로봇 자동화 속도' paxetv.com",https://news.google.com/rss/articles/CBMiaEFVX3lxTE9ISG1MbWFxTGdFZUt5MFZsRUJvSmtrX25NcGRLMGU2c29ReHp5Rll5amhDVWpROGh5eDgtN2N1czA0TkUxbHp2S3NOR0E0MDlNRVBGVEVPd2U5TXNfOUt6aTJsNHNST2ZF?oc=5,paxetv.com,,자동화,2026-09-19T15:38:10.090473+09:00,False,False,live
ART-00438,market,"[스페셜리포트] 제조혁신 중심축으로 떠오른 ‘로봇’, 자동화 공식 바꾼다",2026-06-08,"[스페셜리포트] 제조혁신 중심축으로 떠오른 ‘로봇’, 자동화 공식 바꾼다 FA저널","[스페셜리포트] 제조혁신 중심축으로 떠오른 ‘로봇’, 자동화 공식 바꾼다 FA저널",https://news.google.com/rss/articles/CBMia0FVX3lxTFByNTRlMGszMVgyNjF2bHJULTZVcFl4NUQyRWF6MloyY0FYdVhOMFpLQTJtT0FBZnZpaTJqbzYxLThEUFdEN3BRU1FiTXd1X2hrU2lzVVdiWHBkQ0hOTW5MYjhQeW9keGV1eFBr?oc=5,FA저널,,자동화,2026-09-19T15:38:10.090473+09:00,False,False,live
ART-00439,market,"[AI 이슈] “AI 팩토리, 제조업 판을 뒤집는다”…생산성 60% 혁신 성장, 글로벌 산업지도 재편",2026-05-31,"[AI 이슈] “AI 팩토리, 제조업 판을 뒤집는다”…생산성 60% 혁신 성장, 글로벌 산업지도 재편 인공지능신문","[AI 이슈] “AI 팩토리, 제조업 판을 뒤집는다”…생산성 60% 혁신 성장, 글로벌 산업지도 재편 인공지능신문",https://news.google.com/rss/articles/CBMiZ0FVX3lxTE13UUF1WVZoclZMTDJFTmZkVS11Rm5Ja3BSMVdxSWI4eTRHaXhFZWVIS0N0T0NhM19OYU85UkJlT0JnOXY0WExNeUNrck5kMHZuNW83cHp6S242aHV1UnZBSC05ODNXZjQ?oc=5,인공지능신문,,자동화,2026-09-19T15:38:10.090473+09:00,False,False,live
ART-00440,market,"[2026 전남광주미래산업박람회] 나니아랩스, 제조업 설계 자동화 플랫폼 'AslanX' 출품",2026-08-20,"[2026 전남광주미래산업박람회] 나니아랩스, 제조업 설계 자동화 플랫폼 'AslanX' 출품 전자신문","[2026 전남광주미래산업박람회] 나니아랩스, 제조업 설계 자동화 플랫폼 'AslanX' 출품 전자신문",https://news.google.com/rss/articles/CBMiTkFVX3lxTE13aUdHd2hHTU56NGNCZXFRMlEzQzUyYmtFVy1rdkdtV1FFMGp4M1h0YXNhYjVweUIxREh5NC1tanUxamY2X3dLcTN0NDdydw?oc=5,전자신문,,자동화,2026-09-19T15:38:10.090473+09:00,False,False,live
ART-00441,market,"인천대, 국내 대학·로봇기업과 손잡고 '제조·물류 자동화' 거점 노린다",2026-07-29,"인천대, 국내 대학·로봇기업과 손잡고 '제조·물류 자동화' 거점 노린다 인천투데이","인천대, 국내 대학·로봇기업과 손잡고 '제조·물류 자동화' 거점 노린다 인천투데이",https://news.google.com/rss/articles/CBMicEFVX3lxTE5WelAwY0p0bm13ZGt2LVZQMFJkaUwzNmpNTXBUbHlJcFU3NzR3YU9QX1JPZXZpYmpqNDE5WmJsS2l6ZXhCWXBRdTlqTGpILVhBSWc2WklhWG96dzAyUFNRSlZPbEQ1U0V2ejBaUFkxWmI?oc=5,인천투데이,,자동화,2026-09-19T15:38:10.090473+09:00,False,False,live
ART-00442,market,삼성·LG 제조 자동화 속도…계열 로봇사 성장세,2026-05-31,삼성·LG 제조 자동화 속도…계열 로봇사 성장세 전자신문,삼성·LG 제조 자동화 속도…계열 로봇사 성장세 전자신문,https://news.google.com/rss/articles/CBMiTkFVX3lxTE1wTEMxMV9kejI5c2dhRTZsRmZQSnh2M1AwbDZQNDRTeWc3MGljMklhbjJXN1hKRzQ3ZFF0cWxOZk0zZ1c0LWxOc2NBMmhKdw?oc=5,전자신문,,자동화,2026-09-19T15:38:10.090473+09:00,False,False,live
ART-00443,market,"美 제조업, AI 로봇으로 스마트공장 가속…“승부수는 ‘데이터 통합’”",2026-07-20,"美 제조업, AI 로봇으로 스마트공장 가속…“승부수는 ‘데이터 통합’” 산업일보","美 제조업, AI 로봇으로 스마트공장 가속…“승부수는 ‘데이터 통합’” 산업일보",https://news.google.com/rss/articles/CBMiREFVX3lxTFBueDUyY2dVWFFvaGRRWm9qZHBaOWlDSHQ1dTZDZ0FReGlxS0wyc3E1RlNWa2wtcTN5aXpHdjFsSnBMQmNN?oc=5,산업일보,,자동화,2026-09-19T15:38:10.090473+09:00,False,False,live
ART-00444,market,"[헬로즈업] 제조 AI, 실험 넘어 현장 적용 단계로…“성과는 데이터·인프라·엔지니어링이 좌우”",2026-07-16,"[헬로즈업] 제조 AI, 실험 넘어 현장 적용 단계로…“성과는 데이터·인프라·엔지니어링이 좌우” 헬로티","[헬로즈업] 제조 AI, 실험 넘어 현장 적용 단계로…“성과는 데이터·인프라·엔지니어링이 좌우” 헬로티",https://news.google.com/rss/articles/CBMiX0FVX3lxTE9mV3UxVVlZM013dGVfVzBuX0ktdmFzdk1SelEzQ3BaVUFRM0lnZjkyRHNMNjluMTY2WlMzSDVRdjdPZ2RMZkVlQ3oyb0RMYklPVVZ6OUJ0N2RXbVE1WTlF?oc=5,헬로티,,자동화,2026-09-19T15:38:10.090473+09:00,False,False,live
ART-00445,market,국내 최초 ‘스마트제조기술산업 특수분류’ 제정… 24일부터 시행,2026-07-23,국내 최초 ‘스마트제조기술산업 특수분류’ 제정… 24일부터 시행 기계신문,국내 최초 ‘스마트제조기술산업 특수분류’ 제정… 24일부터 시행 기계신문,https://news.google.com/rss/articles/CBMiZ0FVX3lxTE9yUTdZM2JQdnQtTDMwc1NERWNFakhRR2E5TjJPeVZXTHIyaXNjd0VWa2VhODI5azJmZURDa25OV2Mxa0lkSlNqMFYxZXpRZEVTT0ZxZWNadW15MnZjUFMtZ3pEdmVSYVk?oc=5,기계신문,,자동화,2026-09-19T15:38:10.090473+09:00,False,False,live
ART-00446,market,"중기부·국가데이터처, ‘스마트제조기술산업 특수분류’ 제정",2026-07-26,"중기부·국가데이터처, ‘스마트제조기술산업 특수분류’ 제정 헬로티","중기부·국가데이터처, ‘스마트제조기술산업 특수분류’ 제정 헬로티",https://news.google.com/rss/articles/CBMiX0FVX3lxTFBxczJ6Sm5yUXZEWkZzaGpZSUJQRVFxZ3g2SXFhZllfOF9sbXBRak5uOHFSVm5SMkdyd1VZaW9va2NxNk85WXIxNjFyMllLbS1JSGhrT0d5VHVTRWd2QXdj?oc=5,헬로티,,자동화,2026-09-19T15:38:10.090473+09:00,False,False,live
ART-00447,market,"중국 제조업, 1조8000억 위안 투자로 AI·자동화 대전환...한국 제조업과 격차 벌어지나",2026-05-19,"중국 제조업, 1조8000억 위안 투자로 AI·자동화 대전환...한국 제조업과 격차 벌어지나 테크데일리","중국 제조업, 1조8000억 위안 투자로 AI·자동화 대전환...한국 제조업과 격차 벌어지나 테크데일리",https://news.google.com/rss/articles/CBMibkFVX3lxTE9Gc3NrLWdTeVFhZ3hCN0FNZnVSOWdHZUQzcTd6SDRCMURaMk1OQ0pzYWFyWVRYZGVzMzFvcl9YWGltcDhveFhOai1Demo5VEJiQWd2UHFtSnpIR09RLWlETlo2cFZzNnE5RTUzWUxB0gFyQVVfeXFMTkpBdDl5dUlHSkpXWENsbXBlZWpXZlFRSWNPR0RMbnFvUlVaV3Zad1JiWEtjdGZxY2E5Zk0yMTlaLUNjenB4UGRHUjdEN1pBSV9JSnhUWnBFR1pEdHN6QVJDRzhSakZkQkNteS1zdENQRS1n?oc=5,테크데일리,,자동화,2026-09-19T15:38:10.090473+09:00,False,False,live
ART-00448,market,"포스텍, 자율제조·업무자동화 실전형 AI 교육 운영",2026-08-25,"포스텍, 자율제조·업무자동화 실전형 AI 교육 운영 v.daum.net","포스텍, 자율제조·업무자동화 실전형 AI 교육 운영 v.daum.net",https://news.google.com/rss/articles/CBMiRkFVX3lxTE1OdjlMUEdMNHFZV0pRMDFBYThUak43V2lBSjRZRVktMWFlN0tWLUpqWVd4MlVmS2thRTJ6TnZSX190YWtfcWc?oc=5,v.daum.net,,자동화,2026-09-19T15:38:10.090473+09:00,False,False,live
ART-00449,market,"클로봇, 에이테크경주에 스마트 제조자동화시스템 구축",2026-06-26,"클로봇, 에이테크경주에 스마트 제조자동화시스템 구축 디일렉","클로봇, 에이테크경주에 스마트 제조자동화시스템 구축 디일렉",https://news.google.com/rss/articles/CBMiZkFVX3lxTE96WUl5dm5Ua3hRbXBlWkw5dVFQLWY3RHFRNmlOTzgwaWtvVWtSYl9TUUxnZU5od09QLXFubXNfakNHSldvSnhjNS0yWG5WX2hyM0hCcVlUVHZIam8zTHRwRl9VTU5pQQ?oc=5,디일렉,,자동화,2026-09-19T15:38:10.090473+09:00,False,False,live
ART-00450,market,"공장엔 로봇, 공원엔 실직 노동자…中 제조업 자동화의 그늘",2026-07-15,"공장엔 로봇, 공원엔 실직 노동자…中 제조업 자동화의 그늘 안전저널","공장엔 로봇, 공원엔 실직 노동자…中 제조업 자동화의 그늘 안전저널",https://news.google.com/rss/articles/CBMiZ0FVX3lxTE5WakJDNTA4QS1EaUV0aFRUQmtjd2IwLTQwaEVNN0JvZGgwbDdaejFRd3E0a2xCelZZNUN4bDlCRWN6WTJyall5UzJFRGx5S285ZnBXSC1LYy1acjNCTURNcGlhdWFDaEU?oc=5,안전저널,,자동화,2026-09-19T15:38:10.090473+09:00,False,False,live
ART-00451,market,"포스텍, 자율제조·업무자동화 실전형 AI 교육 운영",2026-08-25,"포스텍, 자율제조·업무자동화 실전형 AI 교육 운영 hidomin.com","포스텍, 자율제조·업무자동화 실전형 AI 교육 운영 hidomin.com",https://news.google.com/rss/articles/CBMiakFVX3lxTFBMRnN6d1F1S1BKa3VPNERaZmZ2V0V4aEpfUHpqaFhhUU8xbHp5a19XSHctb3hIMHI4dHFPcmx4REI1SGRkZ3BCbWpsc0hmOVRiYkcxSjVMZ0VSaEV3SlNUTEhzZnM3ZjFObkE?oc=5,hidomin.com,,자동화,2026-09-19T15:38:10.090473+09:00,False,False,live
ART-00452,market,"현대모비스, 협력사와 AI·로봇 기반 제조 혁신기술 확대... 스마트 제조 기술 생태계 활성화 | 뉴스 | 현대자동차그룹",2026-08-27,"현대모비스, 협력사와 AI·로봇 기반 제조 혁신기술 확대... 스마트 제조 기술 생태계 활성화 | 뉴스 | 현대자동차그룹 Hyundai Motor Group","현대모비스, 협력사와 AI·로봇 기반 제조 혁신기술 확대... 스마트 제조 기술 생태계 활성화 | 뉴스 | 현대자동차그룹 Hyundai Motor Group",https://news.google.com/rss/articles/CBMiqAFBVV95cUxORTZMMHBBLW9Bc1JuZmRaQXBMSGxiWU5odTBmNkJySlF6U05pTWNuc3hsMEhVLUxzNmV5REVkZmh1LXBsdENTN2JyZ3RrRFJJcmJjTk9jV25rYk9JZi1MdnhDekN2a2RQXzRmd2JzRnN0Mm9Tc1NYR3QtSVEyZHB6WjV1aEtHQURHM0g2NU5FSUk1dkFyRGZBNTFGSEEyZXM0WnB4aXpVamw?oc=5,Hyundai Motor Group,,자동화,2026-09-19T15:38:10.090473+09:00,False,False,live
ART-00453,market,"포스텍, 자율제조·업무자동화 실전형 AI 교육 운영",2026-08-25,"포스텍, 자율제조·업무자동화 실전형 AI 교육 운영 v.daum.net","포스텍, 자율제조·업무자동화 실전형 AI 교육 운영 v.daum.net",https://news.google.com/rss/articles/CBMiS0FVX3lxTE9jLUVXR2FUVjhSaTJwR0FRSURROFEzU20zSUVOb0oxRldacXVsanNMS2NqbUd0Y1dkVzlnOUo5SG9PN1ZKYmYtdThzQQ?oc=5,v.daum.net,,자동화,2026-09-19T15:38:10.090473+09:00,False,False,live
ART-00454,market,로봇이 다시 쓰는 미국 제조업의 미래,2026-07-08,로봇이 다시 쓰는 미국 제조업의 미래 디지털포용뉴스,로봇이 다시 쓰는 미국 제조업의 미래 디지털포용뉴스,https://news.google.com/rss/articles/CBMibEFVX3lxTFBDV1NEeVN3S1FwOUg3dENsTFZ2UldOU0VHMk9wbnJ2bEJmcEg5c0c2V0ZkWGRiZ3c5M2o3Unh6MVZmeC05RUMyY2ltd0FvZjUxQ1NLOVpBUEIwdWZoTnZPc2JVZW96a1pEYlJNbA?oc=5,디지털포용뉴스,,자동화,2026-09-19T15:38:10.090473+09:00,False,False,live
ART-00455,market,피지컬 AI 결합한 제조 로봇 다품종 소량공정 완전 자동화,2026-09-07,피지컬 AI 결합한 제조 로봇 다품종 소량공정 완전 자동화 공감신문,피지컬 AI 결합한 제조 로봇 다품종 소량공정 완전 자동화 공감신문,https://news.google.com/rss/articles/CBMiaEFVX3lxTFBVMW1TanQ0Vm5ySDJVTzBoSVlPbnRqdjNlbGlfbXZfQTVWUzN5VTV0NzNoR292aUJ0NktnV3BmWjR6SHctc2ZUQlZuS3NlTmdZdXpJdkVUTloycVZpWVk5VXB1X01wVENU?oc=5,공감신문,,자동화,2026-09-19T15:38:10.090473+09:00,False,False,live
ART-00456,market,"ABB 로보틱스, 표면 가공 자동화 셀 출시…제조업 자동화 진입장벽 낮춘다",2026-05-05,"ABB 로보틱스, 표면 가공 자동화 셀 출시…제조업 자동화 진입장벽 낮춘다 로봇신문","ABB 로보틱스, 표면 가공 자동화 셀 출시…제조업 자동화 진입장벽 낮춘다 로봇신문",https://news.google.com/rss/articles/CBMibEFVX3lxTE42dkVRUnNOSHZ3QkFzZnRJUWdjWnVvRFgwYTlCY1RmdTBmQ3JHU283LW93UXFsam5CcVhmenM4YmsxY0ljV3JTZGhQdktPWmc5bUJ4VW1ydWRCMmQwRjloMlVGTDRmbHFVRjZUSw?oc=5,로봇신문,,자동화,2026-09-19T15:38:10.090473+09:00,False,False,live
ART-00457,market,피지컬AI는 美제조업을 부활시킬 수 있을까,2026-09-01,피지컬AI는 美제조업을 부활시킬 수 있을까 edaily.co.kr,피지컬AI는 美제조업을 부활시킬 수 있을까 edaily.co.kr,https://news.google.com/rss/articles/CBMigAFBVV95cUxONVpCenNpVWtEdGlsalpxWjZJQ3k3SnpFTWZpdUNBc2VzTzNHVmR2NDEzQzRBbFd1NHZoMXFxdFJrTVcyVGM3dzQwY3hIS1FlSzNGNDNaa08zZmhUUXJCTXhIbmdXNnpvU3djM1VvVGJINDl4ckhxUEVaZkFROTVfWg?oc=5,edaily.co.kr,,자동화,2026-09-19T15:38:10.090473+09:00,False,False,live
ART-00458,market,‘오픈클로 열풍’ 중국 강타…AI 에이전트 창업 붐·클라우드·제조업까지 확산,2026-03-09,‘오픈클로 열풍’ 중국 강타…AI 에이전트 창업 붐·클라우드·제조업까지 확산 AI타임스,‘오픈클로 열풍’ 중국 강타…AI 에이전트 창업 붐·클라우드·제조업까지 확산 AI타임스,https://news.google.com/rss/articles/CBMiakFVX3lxTE1PeUU2MFNqcndYN1JVSUh5ZW5tdk14ZFVzYmlDUXFmd0FQeUZvOEI1Y1BnbGNQcFg5T09nWGQ4VUhKOGd1YngtN0w2aDNPMjJfZnJCZUsxYm9GNVlmdV8ySHZOLS1kREIxU3c?oc=5,AI타임스,,클라우드,2026-09-19T15:38:10.090473+09:00,False,False,live
ART-00459,market,"네이버클라우드-미스트랄AI, 제조 AI 혁신 위한 전방위 파트너십 체결",2026-07-08,"네이버클라우드-미스트랄AI, 제조 AI 혁신 위한 전방위 파트너십 체결 NAVERCorp.","네이버클라우드-미스트랄AI, 제조 AI 혁신 위한 전방위 파트너십 체결 NAVERCorp.",https://news.google.com/rss/articles/CBMickFVX3lxTE5aMkF4YURDVHhNQkY2S0ZxblFwWXF4UEY4MVVqRVZGSWFQdm1UWlJjRXFHel9KRlhaWHRnZzJrQzA0VUdNaGg5M2E2QjZFclpUNmVjUHM1SlhSaHlOdS1FQTJZeHdBTVJJaGN5bDlzQUYxUQ?oc=5,NAVERCorp.,,클라우드,2026-09-19T15:38:10.090473+09:00,False,False,live
ART-00460,market,신규사이트 제조업 분야 클라우드 컴퓨팅의 해독하기와 트렌드,2026-09-10,신규사이트 제조업 분야 클라우드 컴퓨팅의 해독하기와 트렌드 Calgary Roughnecks,신규사이트 제조업 분야 클라우드 컴퓨팅의 해독하기와 트렌드 Calgary Roughnecks,https://news.google.com/rss/articles/CBMiswFBVV95cUxQcE5iR2tQS3E3N1lHbG44Ui11SXMtc3g2UWFiR3FwYkp6VW5WWWN6anFnbnRuS0dwZDZlVTRacXl4NThwLXBvbVJUa1pFdGxCb0tIUjhHZ19waFJhSlU1VEllYWw0alFrVGtCbjNGOGhRdnR2ZUJ5a2dtMFdRQlB3U054SzZTWVhCdTAteWEwR1JkYVhzN2ZGOVhsbjBBR1U1QmJ6Uk1Ga1BHLW5TZGxkM2t1bw?oc=5,Calgary Roughnecks,,클라우드,2026-09-19T15:38:10.090473+09:00,False,False,live
ART-00461,market,"네이버클라우드, 지멘스와 손잡고 제조업 AI 전환 협력",2026-06-25,"네이버클라우드, 지멘스와 손잡고 제조업 AI 전환 협력 비즈워치","네이버클라우드, 지멘스와 손잡고 제조업 AI 전환 협력 비즈워치",https://news.google.com/rss/articles/CBMiakFVX3lxTE5Gb1RyM25TZmpZUTdqUFZ3V0RHTUtlbjYzckF1aWtzVkRzNzNxZVFMRDVGTVhFZHJnbzNwWWRGV0p2LWYwZ3VWZlhJR3hfc3RNd3Z6eVEyMGVmRThQX2JGTkRoVG84YkhHUkE?oc=5,비즈워치,,클라우드,2026-09-19T15:38:10.090473+09:00,False,False,live
ART-00462,market,"네이버클라우드, 佛 미스트랄AI와 제조AI 파트너십",2026-07-08,"네이버클라우드, 佛 미스트랄AI와 제조AI 파트너십 디일렉","네이버클라우드, 佛 미스트랄AI와 제조AI 파트너십 디일렉",https://news.google.com/rss/articles/CBMiZkFVX3lxTE8xNjdlRXhkZVFYNWdZVldxT0pMUmctYU05cHpsMUc4YUEzbThQWU1JLUxQN2RBY0x0b19kNThjcWo0SE51bWsyRF8wTWFPQVREZ3lkUGs1UjN3MnlsaWw5dzNqc0RXUQ?oc=5,디일렉,,클라우드,2026-09-19T15:38:10.090473+09:00,False,False,live
ART-00463,market,"지멘스-네이버클라우드, 제조 AI 전환 협력…산업용 솔루션 공동 개발",2026-06-24,"지멘스-네이버클라우드, 제조 AI 전환 협력…산업용 솔루션 공동 개발 헬로티","지멘스-네이버클라우드, 제조 AI 전환 협력…산업용 솔루션 공동 개발 헬로티",https://news.google.com/rss/articles/CBMiX0FVX3lxTE1sOGRxMTF3N3lXbElnWWRwUklJQ2FEbVVMbzI0M3B0YXU0SklfNzZWdDdGc19Gd3hWZjItSERhX0lJd2xEUFByc1VkRkMzcjhfUGRsdTdxeHBiOEFQbkQ4?oc=5,헬로티,,클라우드,2026-09-19T15:38:10.090473+09:00,False,False,live
ART-00464,market,메이저토토사이트 제로 제조업 분야 클라우드 컴퓨팅의 해독하기와 트렌드,2026-08-29,메이저토토사이트 제로 제조업 분야 클라우드 컴퓨팅의 해독하기와 트렌드 Platea Magazine,메이저토토사이트 제로 제조업 분야 클라우드 컴퓨팅의 해독하기와 트렌드 Platea Magazine,https://news.google.com/rss/articles/CBMiogFBVV95cUxOdm9icWxPbXVLcmQwbElxa1ZFbW1OVTBiUGJVeGdJX0liU3FwZldnaGZFN0k1T01LaVlmVVI1TEl5TWNlRUZBX2FQa01SSTFCaFVmTVF5THA4c2hmWTRZTWxwc2syTDZzVkxia0RJQUhCR0xiNDBzc3hVZkxYcURSX0poLU9qcW1PZ0tXVkhMWHA1Slh2RXVGbGdFZGFuWGx2d0E?oc=5,Platea Magazine,,클라우드,2026-09-19T15:38:10.090473+09:00,False,False,live
ART-00465,market,"[AI픽] 네이버클라우드·지멘스, 제조 현장에 AI 심는다",2026-06-24,"[AI픽] 네이버클라우드·지멘스, 제조 현장에 AI 심는다 연합뉴스","[AI픽] 네이버클라우드·지멘스, 제조 현장에 AI 심는다 연합뉴스",https://news.google.com/rss/articles/CBMiW0FVX3lxTE5FdnI0TEM5SEItQ0gyZHVyU1N6VXlvWDJFbm13dUxMbUJZM01EQVJGYzVLQldONEJxTkNoV0I2WXNmcEw5Y21lcHk1c3JiVUgyai03ZlFIblllVlXSAWBBVV95cUxOOVduNGhDdGtraVpLWWlXZEZLZlcwbFBaYUM0RkQ1TmJTWllWNVdDOFBjX1pJbUtHV21JbFlIYmpyVmprSXVxRWFkZkhRUGRJX19nRjgyZDdsYzNWcm5LOEs?oc=5,연합뉴스,,클라우드,2026-09-19T15:38:10.090473+09:00,False,False,live
ART-00466,market,2026 제조 고객 위한 AWS 파트너 AI 클라우드 솔루션 컨퍼런스,2026-02-27,2026 제조 고객 위한 AWS 파트너 AI 클라우드 솔루션 컨퍼런스 캐드앤그래픽스,2026 제조 고객 위한 AWS 파트너 AI 클라우드 솔루션 컨퍼런스 캐드앤그래픽스,https://news.google.com/rss/articles/CBMikgFBVV95cUxNQndLQzhSaUVmWEZMdlZSRlJ3VmVvRHo0b01WQXduWVo4RE9XZS1XWEJuMjNlYjRha09EVWRmbENUSnFqcmQ1TU5fZDg2R3dpNEFOUlkzQnk5aGdPeEtGZ2pzV0oyRkJPeWp5eGtrWjlfVUIwU2wtV2V5MnBUMVV5bHRiZ25SZ3BJTV9qZm5sOFNUQQ?oc=5,캐드앤그래픽스,,클라우드,2026-09-19T15:38:10.090473+09:00,False,False,live
ART-00467,market,"네이버클라우드, 지멘스와 맞손…“한국 제조 현장 AX 가속화”",2026-06-24,"네이버클라우드, 지멘스와 맞손…“한국 제조 현장 AX 가속화” 전자신문","네이버클라우드, 지멘스와 맞손…“한국 제조 현장 AX 가속화” 전자신문",https://news.google.com/rss/articles/CBMiTkFVX3lxTFBDUlpNRWt6Rng4TmJXNGtreVNKdjNPbFd3MzkzT3dRMWtTb1FwUTB5VGRDTWx2eDNkVGJaaUYwTkdjWVgzX0Z4MG5zSWUxdw?oc=5,전자신문,,클라우드,2026-09-19T15:38:10.090473+09:00,False,False,live
ART-00468,market,"네이버클라우드 ""좋은 AI만으론 제조AX 성공 못 해···데이터가 중요""",2026-06-11,"네이버클라우드 ""좋은 AI만으론 제조AX 성공 못 해···데이터가 중요"" 시사저널e","네이버클라우드 ""좋은 AI만으론 제조AX 성공 못 해···데이터가 중요"" 시사저널e",https://news.google.com/rss/articles/CBMickFVX3lxTE16VU1UX1RVeE53aVhxR2h4aDhrVENCRnRHVjQxVklhT09QU3lTT2N2ZXdWZFhfYTg5U3JHbVRyc3lZNUZJc1QyQmdRLVlMSHE5LVpCRHpjT0xLSjltVkstcmM0Z19KVk1NY0dMWHAxUjU2Zw?oc=5,시사저널e,,클라우드,2026-09-19T15:38:10.090473+09:00,False,False,live
ART-00469,market,"SK, 엔비디아 기반 ‘제조 AI 클라우드’ 구축해 제조업 탈바꿈",2025-10-31,"SK, 엔비디아 기반 ‘제조 AI 클라우드’ 구축해 제조업 탈바꿈 SK텔레콤 뉴스룸","SK, 엔비디아 기반 ‘제조 AI 클라우드’ 구축해 제조업 탈바꿈 SK텔레콤 뉴스룸",https://news.google.com/rss/articles/CBMiSEFVX3lxTE5YaUI2WlJudnJrODN5N3ZLTzl3eWxydXlid2xXVVlxSmswMTdsS0tPODh0dk5iS3RjZFYzNHRuVGdOUHRrUXBEQw?oc=5,SK텔레콤 뉴스룸,,클라우드,2026-09-19T15:38:10.090473+09:00,False,False,live
ART-00470,market,네이버클라우드·한국지멘스 맞손…제조업 AI 전환 가속화,2026-06-24,네이버클라우드·한국지멘스 맞손…제조업 AI 전환 가속화 서울경제TV,네이버클라우드·한국지멘스 맞손…제조업 AI 전환 가속화 서울경제TV,https://news.google.com/rss/articles/CBMiZEFVX3lxTE1nT3k0dENENlVMUmlmNzNtanNKZ203UFJXSTBsTzNlRkNrbVlpdUlDOF90TjNVRUVtM1pHdGtuNjRyREdnRmozWloyTFdNa1lYMXdyaHJtYm5wXzFVVFJld2htQ0o?oc=5,서울경제TV,,클라우드,2026-09-19T15:38:10.090473+09:00,False,False,live
ART-00471,market,헤임달 토토사이트 제조업 분야 클라우드 컴퓨팅의 해독하기와 트렌드,2026-09-08,헤임달 토토사이트 제조업 분야 클라우드 컴퓨팅의 해독하기와 트렌드 Histoire pour tous,헤임달 토토사이트 제조업 분야 클라우드 컴퓨팅의 해독하기와 트렌드 Histoire pour tous,https://news.google.com/rss/articles/CBMi0gFBVV95cUxPLWJiNEQwaWItVHM1YzJGdDN5R0J1UXN1YXNnZGZkNlJTcnFzREhYSHhZMHhXRU91VDF6REd4Q1N5MzFMT0x3VmN2NEhKOTVXcHZ2cUc0OGVKdGh0RkNLbXlzdVRBZ1I1XzZrc0lkZjlWN0Iya1BId2RTa21WbGdBRTNJSlNyM1doVVhDRmtBYmx3Q091UW9uQTV4RlJoT3pCWnVaaWlZb2FoSTVZTG1wN1FFYUdYY1NQdS1FcHhOQ1NRX25YbXpsOENabmpCLUhGQ1E?oc=5,Histoire pour tous,,클라우드,2026-09-19T15:38:10.090473+09:00,False,False,live
ART-00472,market,"네이버클라우드, 미스트랄 AI와 제조 AX 위한 '소버린 AI' 동맹",2026-07-08,"네이버클라우드, 미스트랄 AI와 제조 AX 위한 '소버린 AI' 동맹 AI타임스","네이버클라우드, 미스트랄 AI와 제조 AX 위한 '소버린 AI' 동맹 AI타임스",https://news.google.com/rss/articles/CBMiakFVX3lxTE1OcmVnMGJrclp5WFZkSU1iSHFFTTQ5ZW9vY0l2NXQtdnJ2YVFhWjJKTVRReFhQdXlYNDEzdmVTajNjTFFSWkdSdlMxODZFblV6a2lxYy1COWl5MnNZb3VfbnZjZ2hHZHdtcmc?oc=5,AI타임스,,클라우드,2026-09-19T15:38:10.090473+09:00,False,False,live
ART-00473,market,싸비 토토판매점 제조업 분야 클라우드 컴퓨팅의 해독하기와 트렌드,2026-09-12,싸비 토토판매점 제조업 분야 클라우드 컴퓨팅의 해독하기와 트렌드 Calgary Roughnecks,싸비 토토판매점 제조업 분야 클라우드 컴퓨팅의 해독하기와 트렌드 Calgary Roughnecks,https://news.google.com/rss/articles/CBMiigFBVV95cUxPRjBRa3YyaG56ZFo4MkcxVzNBOUVJak94SWVkMDRZVVhpc21ESWtxMlFSaU9zeWh2bGM3UkJxR2xkR2NERllKWWg2Q2JjRjFUdlRKbGQ1QnRKNzZ6NlFtWkRzeFY3QThkOFJZeHlISlp0amhKZThBc1hTZ3ZCSzVWWW1Sb0syTzFvX0E?oc=5,Calgary Roughnecks,,클라우드,2026-09-19T15:38:10.090473+09:00,False,False,live
ART-00474,market,"지멘스는 왜 네이버클라우드를 선택했나...""중립적 파트너""",2026-06-24,"지멘스는 왜 네이버클라우드를 선택했나...""중립적 파트너"" 디일렉","지멘스는 왜 네이버클라우드를 선택했나...""중립적 파트너"" 디일렉",https://news.google.com/rss/articles/CBMiZkFVX3lxTE9yemlCZEVnamZiWFNTczk4MTVjSEpjeThoWnNnSFg2LWFnOGZ6MlpQcDRkRGRjWFlnbVhHd2k0a2w5VG96M21YYWFJSVROQzhLX0dOSXhqNlY5c0JCTDczV0tUOF8tUQ?oc=5,디일렉,,클라우드,2026-09-19T15:38:10.090473+09:00,False,False,live
ART-00475,market,"네이버클라우드, 佛 미스트랄AI와 제조 AI 혁신…“미국 빅테크와 경쟁”",2026-07-08,"네이버클라우드, 佛 미스트랄AI와 제조 AI 혁신…“미국 빅테크와 경쟁” 전자신문","네이버클라우드, 佛 미스트랄AI와 제조 AI 혁신…“미국 빅테크와 경쟁” 전자신문",https://news.google.com/rss/articles/CBMiTkFVX3lxTE9Wb1NTY1gwXzJaMWZ3MnU2czFpdW50RXpvbWVrWktaUWJwZUpQUjl4Q0lZT0V6akNVVThUYVhpQzRTQ0t3WjUybEUyMU9WZw?oc=5,전자신문,,클라우드,2026-09-19T15:38:10.090473+09:00,False,False,live
ART-00476,market,캡틴 토토 주소 제조업 분야 클라우드 컴퓨팅의 해독하기와 트렌드,2026-09-09,캡틴 토토 주소 제조업 분야 클라우드 컴퓨팅의 해독하기와 트렌드 Calgary Roughnecks,캡틴 토토 주소 제조업 분야 클라우드 컴퓨팅의 해독하기와 트렌드 Calgary Roughnecks,https://news.google.com/rss/articles/CBMiywFBVV95cUxOQnRqbmptY1RVWXNUdmhaZnFfS0E0SzhGclRqQ0tnckV3X0piQkdKZjY4MzJuOEJGalB6aWk1eHZMUnMzeUdjdkdNSnk2by1obGx2Ynd2TVJxT3B3ZU1wRTN0Rkc3WjU2YkVpOUxfd2VGUTlkVFdEOHBpbGhvZWdSTTR2RkJBbzdBZWZOVG1GWVpXVGRreXZjZnlTcFROb25hZks3QTFLUUF6U2tuNDFvOGFmOXJORXlrYmpvLXE5WUVrZ2VtN0EtM0tNNA?oc=5,Calgary Roughnecks,,클라우드,2026-09-19T15:38:10.090473+09:00,False,False,live
ART-00477,market,"네이버클라우드·지멘스, 제조 AI 전환 맞손…국내 스마트팩토리 혁신 가속",2026-06-24,"네이버클라우드·지멘스, 제조 AI 전환 맞손…국내 스마트팩토리 혁신 가속 더테크","네이버클라우드·지멘스, 제조 AI 전환 맞손…국내 스마트팩토리 혁신 가속 더테크",https://news.google.com/rss/articles/CBMiY0FVX3lxTFBWVDA5anBUdk95djNsaFJFOVh0QTdBcC1BcmZ3RHFFazIxT25sWDZSRXVOTFFJWDlmQzducEU4UklHYWpoeXhSOEZvV1NCMnJ5SWlwcGdWN1d5bTRueFMydkxFNA?oc=5,더테크,,클라우드,2026-09-19T15:38:10.090473+09:00,False,False,live
ART-00478,market,"네이버클라우드, 미스트랄AI와 손잡고 제조 AI 시장 공략",2026-07-08,"네이버클라우드, 미스트랄AI와 손잡고 제조 AI 시장 공략 news.mtn.co.kr","네이버클라우드, 미스트랄AI와 손잡고 제조 AI 시장 공략 news.mtn.co.kr",https://news.google.com/rss/articles/CBMiZEFVX3lxTFBCQk5xbktpR3c0QkdWQUQ1dHFScnpTTVdCZ1JENzVDUGJYY1M4TFpaWHV6cWtfSm04d1BqSGRRd1ZkVnNkQllnLU05NndsQ0d6WTZjMGpSNkxlVzI2R1A0MFhNWDg?oc=5,news.mtn.co.kr,,클라우드,2026-09-19T15:38:10.090473+09:00,False,False,live
ART-00479,market,"""AI·클라우드가 제조업 바꾼다""… 부산 DX포럼, 디지털 전환 해법 제시",2026-06-09,"""AI·클라우드가 제조업 바꾼다""… 부산 DX포럼, 디지털 전환 해법 제시 부산경제","""AI·클라우드가 제조업 바꾼다""… 부산 DX포럼, 디지털 전환 해법 제시 부산경제",https://news.google.com/rss/articles/CBMiakFVX3lxTE1EblFsUDJZMS14bVp0SERZa1M4WTF5Q2Z2MVNMcXZIX2lYUzVJOEo4REVSNDdPaTBGVVRBRFVRS04tM0IwamFsYV9vNnpYOVBKbWZLWkhLU2pydEJjeHdwX214ZEtMZG9qbWc?oc=5,부산경제,,클라우드,2026-09-19T15:38:10.090473+09:00,False,False,live
ART-00480,market,"네이버클라우드-지멘스, AI·산업 자동화 분야 협력…""제조 혁신 가속""",2026-06-24,"네이버클라우드-지멘스, AI·산업 자동화 분야 협력…""제조 혁신 가속"" 아시아경제","네이버클라우드-지멘스, AI·산업 자동화 분야 협력…""제조 혁신 가속"" 아시아경제",https://news.google.com/rss/articles/CBMiYEFVX3lxTE1BSHFXXzl2aVhEQjlmUnZOVjdfZ3djbkhjSUhlSnEybjZXTGNJNWRicGtxc0k1Sm00dXNVUUlrSFQ1U0FfVUVfbW05MGFPQjB0ZzFGVDU4b0hqWTBjYnhPMg?oc=5,아시아경제,,클라우드,2026-09-19T15:38:10.090473+09:00,False,False,live
ART-00481,market,"네이버클라우드-지멘스, 제조 현장 AI 전환 맞손...""국내 산업현장 혁신 앞당긴다""",2026-08-01,"네이버클라우드-지멘스, 제조 현장 AI 전환 맞손...""국내 산업현장 혁신 앞당긴다"" mfgkr.com","네이버클라우드-지멘스, 제조 현장 AI 전환 맞손...""국내 산업현장 혁신 앞당긴다"" mfgkr.com",https://news.google.com/rss/articles/CBMiZkFVX3lxTE13WVJmdGpkTE13emR5MHBCb3laVDNvRlJfZVhBNTd0STFzTlFpOGctVFVDNkxpdlNnang1TkNLYU11X1hKci1LNk9UNkxXNDV0R1RURFFKOWMxQTNNR0t1WXJ5dGt4QQ?oc=5,mfgkr.com,,클라우드,2026-09-19T15:38:10.090473+09:00,False,False,live
ART-00482,market,"네이버클라우드·미스트랄AI, 제조 AI 시장 공략 맞손…소버린 AI 협력 본격화",2026-07-08,"네이버클라우드·미스트랄AI, 제조 AI 시장 공략 맞손…소버린 AI 협력 본격화 파이낸셜신문","네이버클라우드·미스트랄AI, 제조 AI 시장 공략 맞손…소버린 AI 협력 본격화 파이낸셜신문",https://news.google.com/rss/articles/CBMia0FVX3lxTFBaUEo3UnByVVdtVTBvTHZxNER0UkJwUjBhWWRyYkwtSFdlUFFNOGZYd3h6NzNtOEpuNWlHbXFUaUMyVDBJTVBRcWhsYy1FQUVWODZmeE40aE5yUXIyaklhaVMxRXNLeWFfdWg0?oc=5,파이낸셜신문,,클라우드,2026-09-19T15:38:10.090473+09:00,False,False,live
ART-00483,market,"네이버클라우드-한국지멘스, 제조 AI 솔루션 협력",2026-06-24,"네이버클라우드-한국지멘스, 제조 AI 솔루션 협력 뉴스핌","네이버클라우드-한국지멘스, 제조 AI 솔루션 협력 뉴스핌",https://news.google.com/rss/articles/CBMiXEFVX3lxTFBGb1FhSjZsR1RvaXNrSy1FUm5qSkNRSVBienNGY1BOeFpVSl9oYjROb1czTmx4dVFabUliMG5Fa0hMOFRWYU1NRDhZaDlyU2V0TFlWMU1idHplNXp1?oc=5,뉴스핌,,클라우드,2026-09-19T15:38:10.090473+09:00,False,False,live
ART-00484,market,"네이버클라우드·미스트랄AI, 제조업 겨냥한 ‘소버린 AI’ 동맹",2026-07-09,"네이버클라우드·미스트랄AI, 제조업 겨냥한 ‘소버린 AI’ 동맹 산학뉴스","네이버클라우드·미스트랄AI, 제조업 겨냥한 ‘소버린 AI’ 동맹 산학뉴스",https://news.google.com/rss/articles/CBMia0FVX3lxTE54NDBjZk1fT1l2bEJVM2pPMUhSYmd0SzBLMHZ1Ml9YT1JMdFVRM3hPTEV2VFZQNU00NUFKVVFYc3NTdlFKTEJuLTlpRHlLWVNrcFY5LWI4T0ZFT0JETjdzZnkwRXN1ajRjM0ZR?oc=5,산학뉴스,,클라우드,2026-09-19T15:38:10.090473+09:00,False,False,live
ART-00485,market,"네이버클라우드-지멘스, 제조 산업 AX 맞손…산업 혁신 모델 개발",2026-06-24,"네이버클라우드-지멘스, 제조 산업 AX 맞손…산업 혁신 모델 개발 신아일보","네이버클라우드-지멘스, 제조 산업 AX 맞손…산업 혁신 모델 개발 신아일보",https://news.google.com/rss/articles/CBMicEFVX3lxTE80Q3FoNVVGWWhVa1Y3SkhXUzg0MHV6Vy1aTnVOQ1ZzeXVNdjlKLTFtLUpNa0cxdlljRXp5U3hfemE1S1UyZGhQbzVLQWdQMVhNZzhaOXNvZ3N5ek1DYTJHejNfSkRfdnJCRElaQWhBbHY?oc=5,신아일보,,클라우드,2026-09-19T15:38:10.090473+09:00,False,False,live
ART-00486,market,"네이버클라우드-지멘스, AI·산업자동화 분야 협력…""제조현장 혁신"" - 머니투데이",2026-06-24,"네이버클라우드-지멘스, AI·산업자동화 분야 협력…""제조현장 혁신"" - 머니투데이 mt.co.kr","네이버클라우드-지멘스, AI·산업자동화 분야 협력…""제조현장 혁신"" - 머니투데이 mt.co.kr",https://news.google.com/rss/articles/CBMiZ0FVX3lxTE1Hc0pHOHlFM1dxYkZ0VGFNNGtFU0ltanEwaW9kanVlMTlNMlhkSnFza09MVVMyNF9aNHNSc3gwTlM3SXJud2ZBWlpfcVRMcU9JY2tkTjlXdFEzWmI5c1dPNmlOTmk0WVnSAWxBVV95cUxQSGwxa1VSbFR0UFpqb2xjbXBFc0x5Y2ZpQmU0V3FBcnFrQXhEX1Y1eTIzX3EwbHpCQjl2WTRqdGF3QzJEaGVINVhwNm41ZGxKak5oOExxcDQtNHcxbjliS0F1dmpQQWhfMGNRWjY?oc=5,mt.co.kr,,클라우드,2026-09-19T15:38:10.090473+09:00,False,False,live
ART-00487,market,자바 스크립트 룰렛 확률 제조업 분야 클라우드 컴퓨팅의 해독하기와 트렌드,2026-09-11,자바 스크립트 룰렛 확률 제조업 분야 클라우드 컴퓨팅의 해독하기와 트렌드 Histoire pour tous,자바 스크립트 룰렛 확률 제조업 분야 클라우드 컴퓨팅의 해독하기와 트렌드 Histoire pour tous,https://news.google.com/rss/articles/CBMiugJBVV95cUxQTE1oZ1oyWTRtYmhSOWt2YXpEa0pUSFFCMERGTXVtRnFzSTl4TFJIZFAyamhjNnRGRmtSVG5WWGViOVRuTktrUm9MM2J4S09UMDZ0YndCWmNFV19QcDc1Qm43YXJoczFaRlhmdnBQVHBBb09wSnBTMUlQbHJqU2Z5M1dNZURLeDNrTEdkczV6QTdzckFiT2tLSjhFbWU1QnRmTmlaSzc1ODU5VXJXUnY5RG9lOWM4Vy1PMXJkeHIyVTVfR3gxRzZxR3pleDNuWEtfM2lDdDRkbVBESnlzamJzQVFFUjBfQ2lscG54R1VNTW1wcWN5Q3VmMEpoZ0poSkRaSnVCcTBCREhtcmM1d00xQ1M2TjYwdkprRW9wMDVLYTI2VmRiemc4MkNCckdzUi1OTnlHY2lWSmNEZw?oc=5,Histoire pour tous,,클라우드,2026-09-19T15:38:10.090473+09:00,False,False,live
ART-00488,market,"네이버클라우드-지멘스, 제조 AI 전환 협력…산업용 솔루션 공동 개발",2026-06-24,"네이버클라우드-지멘스, 제조 AI 전환 협력…산업용 솔루션 공동 개발 KB Think","네이버클라우드-지멘스, 제조 AI 전환 협력…산업용 솔루션 공동 개발 KB Think",https://news.google.com/rss/articles/CBMickFVX3lxTFA5aWpkVFd1RlU1RWtHSzhPNGVuNjcybWdGS1FOUHlDZDN4dy03elpPTW90cHpaQlpuNllyVy1qd2tDNC1PMy1UbENSNEJyVjBERFNpZE9NY3Y5ZmJxQnZjcFRQMHJieUJkVVdvYTNlMlJuZw?oc=5,KB Think,,클라우드,2026-09-19T15:38:10.090473+09:00,False,False,live
ART-00489,market,"네이버클라우드·미스트랄AI, 제조 AI 사업 협력…국내 시장 공동 공략",2026-07-08,"네이버클라우드·미스트랄AI, 제조 AI 사업 협력…국내 시장 공동 공략 디지털데일리","네이버클라우드·미스트랄AI, 제조 AI 사업 협력…국내 시장 공동 공략 디지털데일리",https://news.google.com/rss/articles/CBMiZEFVX3lxTE9QSlIzMGYxZkxEYmQyeDRmRnBQNGNlWHlRcjRqZkFiTHZKcW1MRjBIb2E5emhzRmYxTnMyMmd4Zk0tVVFEZTRKTC1CMF96RU9oUzc1NmpydUJtd0NvaEJMMUQ3S1E?oc=5,디지털데일리,,클라우드,2026-09-19T15:38:10.090473+09:00,False,False,live
ART-00490,market,"네이버클라우드, 미스트랄AI와 동맹…글로벌 제조시장 공략",2026-07-08,"네이버클라우드, 미스트랄AI와 동맹…글로벌 제조시장 공략 서울경제TV","네이버클라우드, 미스트랄AI와 동맹…글로벌 제조시장 공략 서울경제TV",https://news.google.com/rss/articles/CBMiZEFVX3lxTE5GaFpfbE9QSllVR1ZvU0FkZ0RqOHBkZHBXNnF1cDNMeHFxRjFTOVpIU3ZveEE1Ymw1MjNfMUlHcU16VDlGc3hBbjk4cWpXQmdJTzVxLUY0NElrUEdvdWtOMmtaTU8?oc=5,서울경제TV,,클라우드,2026-09-19T15:38:10.090473+09:00,False,False,live
ART-00491,market,"네이버클라우드, 한국지멘스와 제조 AI 전환 협력",2026-06-24,"네이버클라우드, 한국지멘스와 제조 AI 전환 협력 디지털데일리","네이버클라우드, 한국지멘스와 제조 AI 전환 협력 디지털데일리",https://news.google.com/rss/articles/CBMiYkFVX3lxTE5xR1ROdF82ZnA5QlI4UV83amxFVUk5ejlwQ2RwVTlCVUxzTy1aY0M3MzhnV2lrUmpERlpkU2NTRVpRcGJHU1I1amhZZkxXS0lacU5XUVZUb3RVYzl3czVWMERB?oc=5,디지털데일리,,클라우드,2026-09-19T15:38:10.090473+09:00,False,False,live
ART-00492,market,"네이버클라우드·지멘스, 제조 AI 전환 맞손",2026-08-30,"네이버클라우드·지멘스, 제조 AI 전환 맞손 ER 이코노믹리뷰","네이버클라우드·지멘스, 제조 AI 전환 맞손 ER 이코노믹리뷰",https://news.google.com/rss/articles/CBMiZ0FVX3lxTE1FYTMxT2dkbFBsYjhva0xXUXkweG9aaDB4OVN4aWxSUXpWS1ZMTlpuUlZDWi1FQjMwcWtxMmJzU2FLcjB5b2RPdkoxclhUc0ZvdTl4ZHN4Smc1WXAwMjNPbGt1dk5YbDA?oc=5,ER 이코노믹리뷰,,클라우드,2026-09-19T15:38:10.090473+09:00,False,False,live
ART-00493,market,"네이버클라우드·지멘스, 제조 AI 전환 맞손",2026-06-24,"네이버클라우드·지멘스, 제조 AI 전환 맞손 아이뉴스24","네이버클라우드·지멘스, 제조 AI 전환 맞손 아이뉴스24",https://news.google.com/rss/articles/CBMiS0FVX3lxTE5kYkxfVzFSdzhVT2ZEV3JnSVBVaVFjMXVoTVQ0bF9pOUNoaDZ5Mk9PdUpVMzFWWDduSGJrdVBvUHRvRy1JXzRQWVZKNA?oc=5,아이뉴스24,,클라우드,2026-09-19T15:38:10.090473+09:00,False,False,live
ART-00494,market,"네이버클라우드-지멘스, 제조 산업 ‘AI 전환’ 협력",2026-06-24,"네이버클라우드-지멘스, 제조 산업 ‘AI 전환’ 협력 브릿지경제","네이버클라우드-지멘스, 제조 산업 ‘AI 전환’ 협력 브릿지경제",https://news.google.com/rss/articles/CBMiWkFVX3lxTE9GWjltRGxUVm9jV2JLcW4yaUdtQXNSUzVIRk9tSHotWEJacG5mM1Q4aVJnZk9TWHNTNjhNb3RFLUpWNnI2VHhGUnVCQmZVdjV3YnAyYWl3TzBBQQ?oc=5,브릿지경제,,클라우드,2026-09-19T15:38:10.090473+09:00,False,False,live
ART-00495,market,"네이버클라우드-미스트랄AI, 제조 AI 동맹…소버린 AI 시장 공략",2026-07-08,"네이버클라우드-미스트랄AI, 제조 AI 동맹…소버린 AI 시장 공략 테크월드","네이버클라우드-미스트랄AI, 제조 AI 동맹…소버린 AI 시장 공략 테크월드",https://news.google.com/rss/articles/CBMiaEFVX3lxTE11aWpaX0NkUTd3ZjRON2tGOFJGQVQ1RXoyT0p4LVAxdndqdnhxbllDdDA3aXFFb0FHdWNhS0hrMlhZRnowMjl4azBjaXhONnpRRVRrMTBON1oyZmdmZ0U0elFBTG9XZmpj?oc=5,테크월드,,클라우드,2026-09-19T15:38:10.090473+09:00,False,False,live
ART-00496,market,"심플랫폼, 클라우드 구독형 피지컬 AI 플랫폼으로 제조 혁신 확산 나서",2026-05-20,"심플랫폼, 클라우드 구독형 피지컬 AI 플랫폼으로 제조 혁신 확산 나서 헬로티","심플랫폼, 클라우드 구독형 피지컬 AI 플랫폼으로 제조 혁신 확산 나서 헬로티",https://news.google.com/rss/articles/CBMiX0FVX3lxTE0wV25rMTkzY3M0YVJoZWtoWmVDOGppeWRQbGozTzBhQXJnQ3N6TkJ5N2g5NmZlSzdSeDNpRDVPOFlORWlXeEN3RnU2WmZDei13TDJ1eG9XWnF0bktoMmxz?oc=5,헬로티,,클라우드,2026-09-19T15:38:10.090473+09:00,False,False,live
ART-00497,market,"네이버클라우드, 코난테크놀로지와 맞손…국방·제조 특화 AI 협력 추진",2026-03-13,"네이버클라우드, 코난테크놀로지와 맞손…국방·제조 특화 AI 협력 추진 전자신문","네이버클라우드, 코난테크놀로지와 맞손…국방·제조 특화 AI 협력 추진 전자신문",https://news.google.com/rss/articles/CBMiTkFVX3lxTE1DZHRuRjc3TmtXTENuckVWV1ZlVXdOSEJxaVdhV2diVkRwby1GaktybWtMazc4WVZ5SUpaTGRaUmF3UXBLa1BUMEtDWEwtZw?oc=5,전자신문,,클라우드,2026-09-19T15:38:10.090473+09:00,False,False,live
ART-00498,market,스마트 팩토리 전환 가속… 제조업 혁신 이끄는 '에지 컴퓨팅',2025-11-18,스마트 팩토리 전환 가속… 제조업 혁신 이끄는 '에지 컴퓨팅' 한국클라우드신문,스마트 팩토리 전환 가속… 제조업 혁신 이끄는 '에지 컴퓨팅' 한국클라우드신문,https://news.google.com/rss/articles/CBMib0FVX3lxTE81ZW5GWng1N3BOdUU5SEhnNnZoY2Rfak5CYnNyTGR0dVpuMzhJbG9vUW1DV0xVUW5hNElvVTNEUXhMQUZwcmtESXNTLUdGR1U0NE1fTW8tOWU0TmZNUXFIaXQ2Sk5KNkE4Q09WNkFpd9IBc0FVX3lxTFBBNDRLdFJpYzhWSVFBTUJIOXhpUTd0Ymp1SFpVNmFfMUVya25aRzRPc2F5cERSWnZFRUQ4WHhTdnd3WHhqeDFwSGZLOWFMb2RPTWU5ekxsbjBWdkx3MVFWQWgxeV9odkItRnEyczgxam04cGM?oc=5,한국클라우드신문,,클라우드,2026-09-19T15:38:10.090473+09:00,False,False,live
ART-00499,market,"지멘스 본사 CEO, 이례적 韓 방문…네이버클라우드 찾은 까닭은",2026-06-24,"지멘스 본사 CEO, 이례적 韓 방문…네이버클라우드 찾은 까닭은 지디넷코리아","지멘스 본사 CEO, 이례적 韓 방문…네이버클라우드 찾은 까닭은 지디넷코리아",https://news.google.com/rss/articles/CBMiVkFVX3lxTE8tSEl6N1NCbWhJSWIyc2NWMzAwVHNhczU3aThybWdJQ1o1ekFQbWM4RGYwRHpfams0Y3pFVk9VUWpWcTZ3NWh0UW9yN0NtNjZ2ZkpPVXdR?oc=5,지디넷코리아,,클라우드,2026-09-19T15:38:10.090473+09:00,False,False,live
ART-00500,market,"네이버클라우드·지멘스, 제조업 AI 전환 맞손",2026-06-24,"네이버클라우드·지멘스, 제조업 AI 전환 맞손 더리포트","네이버클라우드·지멘스, 제조업 AI 전환 맞손 더리포트",https://news.google.com/rss/articles/CBMibkFVX3lxTE9zRlc2aXEzd1ctSGl1Z3piemxnNFlGdWUwc2hHbU9OQmxMR2hQYmliTDI5S2F2VkhtRlZaQ1RfQ21HTDJxZ3NiR19hamJQUHpkQnlQdjRCZDNFaFI5azlCek1uNU9DVUVmaE1PSWRR?oc=5,더리포트,,클라우드,2026-09-19T15:38:10.090473+09:00,False,False,live
ART-00501,market,"네이버클라우드, 지멘스와 맞손…‘AI・디지털 트윈’으로 제조 혁신 가속",2026-06-24,"네이버클라우드, 지멘스와 맞손…‘AI・디지털 트윈’으로 제조 혁신 가속 한국금융신문","네이버클라우드, 지멘스와 맞손…‘AI・디지털 트윈’으로 제조 혁신 가속 한국금융신문",https://news.google.com/rss/articles/CBMifEFVX3lxTE14cVRhUS1xTDVSbV9ZLUFnR3o2SXN1NFRUSks3aUxUWXBBUUEwaE9HSDdXWWRrRDlod1AydWFJbVpHQTFzS3VSX0toUVBBb3hlbXZzQzJwMFdLS25FMC12UDZOazJSY3dGYTlPOVdic21hSkNuTC1wSF9IaHg?oc=5,한국금융신문,,클라우드,2026-09-19T15:38:10.090473+09:00,False,False,live
ART-00502,market,"엘리스그룹, 부산 산단에 ‘엣지 AI 데이터센터’ 구축… 제조업 AX 전환 지원",2026-07-23,"엘리스그룹, 부산 산단에 ‘엣지 AI 데이터센터’ 구축… 제조업 AX 전환 지원 dnews.co.kr","엘리스그룹, 부산 산단에 ‘엣지 AI 데이터센터’ 구축… 제조업 AX 전환 지원 dnews.co.kr",https://news.google.com/rss/articles/CBMic0FVX3lxTE5ZWUVHbzlLbWlVTU9HaVFNSF9XczlZQm4xcU4tTjRuZ0JvdXMtcFZtWlBoY1VvZkVuUjdpY3Ytc0g2RG9VVmktVUliOUYwLUY3NWllVUFCaGtRcEZMOElLVkVKRldjd2dWSjY0T3dPb2lBV00?oc=5,dnews.co.kr,,클라우드,2026-09-19T15:38:10.090473+09:00,False,False,live
ART-00503,market,"네이버, 中企 ‘제조AI 스마트공장’ 원스톱 지원 나선다",2026-03-27,"네이버, 中企 ‘제조AI 스마트공장’ 원스톱 지원 나선다 CEO스코어데일리","네이버, 中企 ‘제조AI 스마트공장’ 원스톱 지원 나선다 CEO스코어데일리",https://news.google.com/rss/articles/CBMia0FVX3lxTE9sUVlUcW9ybU9XR3RLb042VF9hVHZmWVZvSng4eFNCeUNnSHV3cDRYbGEwTF9HOUYtY1RYZ3ZvNlM5WU52MzV2YnlhOEpwQXMtbXdVNFBuUUE2ZkJPNkhwNFdYRFFQMWhwdFhj?oc=5,CEO스코어데일리,,클라우드,2026-09-19T15:38:10.090473+09:00,False,False,live
ART-00504,market,"에스넷시스템, 삼성SDS 'SCP 파트너스데이'서 제조업 클라우드 전환 사례 공개",2026-04-29,"에스넷시스템, 삼성SDS 'SCP 파트너스데이'서 제조업 클라우드 전환 사례 공개 아시아경제","에스넷시스템, 삼성SDS 'SCP 파트너스데이'서 제조업 클라우드 전환 사례 공개 아시아경제",https://news.google.com/rss/articles/CBMiYEFVX3lxTE9BckI4dFRoQkJlMFJDbjJCeGYtTVZmUGp2OWk4YklYM1Y0VzRDTTMtbm1OS2pQc3R6SVAtZ0VlSzlJRzF5MmwwVU01U0V2anh2bVZmVExYZFU3S3hEcUJGcg?oc=5,아시아경제,,클라우드,2026-09-19T15:38:10.090473+09:00,False,False,live
ART-00505,market,"네이버클라우드-미스트랄AI, 제조 AI 공동 개발 파트너십 체결",2026-07-08,"네이버클라우드-미스트랄AI, 제조 AI 공동 개발 파트너십 체결 뉴스핌","네이버클라우드-미스트랄AI, 제조 AI 공동 개발 파트너십 체결 뉴스핌",https://news.google.com/rss/articles/CBMiXEFVX3lxTE01a19wODRzWkJmdEc5eWZMQWdCSG1Tc3lpU1lHNjRTcDEyQmo0TXFONEtJTXoyeGlIMTFfWC1FNno2RzdwV2REaWx5WEFJazBSNXhoTHh1QWhaelZG?oc=5,뉴스핌,,클라우드,2026-09-19T15:38:10.090473+09:00,False,False,live
ART-00506,market,"네이버클라우드, 미스트랄AI와 제조 AI 맞손…소버린 AI 시장 공략",2026-07-08,"네이버클라우드, 미스트랄AI와 제조 AI 맞손…소버린 AI 시장 공략 alphabiz.co.kr","네이버클라우드, 미스트랄AI와 제조 AI 맞손…소버린 AI 시장 공략 alphabiz.co.kr",https://news.google.com/rss/articles/CBMibkFVX3lxTE5UN3h1QWZwdGtFbjZjcjJXWElvWVltWHlXbnFqVnNaek1CYkVnZjFmWENidkcxQWpULXlpek03UGFPUFJvWEI0V0owNnNqRHNvWUc2TU1jSnFLTWlyaVcycGJ6TlhxUTktRE9MclRn?oc=5,alphabiz.co.kr,,클라우드,2026-09-19T15:38:10.090473+09:00,False,False,live
ART-00507,market,"이노그리드, 제조 AI 인프라 구축 나선다…산업 클라우드 공략 박차",2026-03-11,"이노그리드, 제조 AI 인프라 구축 나선다…산업 클라우드 공략 박차 지디넷코리아","이노그리드, 제조 AI 인프라 구축 나선다…산업 클라우드 공략 박차 지디넷코리아",https://news.google.com/rss/articles/CBMiVkFVX3lxTE5iVHBTMzhSQXgyVFh1aGFUSkx4TlMwQlJ1RnMzOHB3N2VhRG9yMl80WHhXTjBVLWJ6SzJNQlZVZnB3U3J4cUtyYm55dTktOWVOTXA1Qm93?oc=5,지디넷코리아,,클라우드,2026-09-19T15:38:10.090473+09:00,False,False,live
ART-00508,market,AI 및 클라우드 시스템 전환으로 보안 취약성 확대…커지는 제조업체 사이버 위험,2026-01-07,AI 및 클라우드 시스템 전환으로 보안 취약성 확대…커지는 제조업체 사이버 위험 아이티데일리,AI 및 클라우드 시스템 전환으로 보안 취약성 확대…커지는 제조업체 사이버 위험 아이티데일리,https://news.google.com/rss/articles/CBMiZ0FVX3lxTE9VODJmTTI3aHo0ajU3LUFPNExTd1pDOTVIbHV4ZTA5b0ZCVEpuQUJqVDZveDBJNXh0UWliTTYzREczcHZ2dFZieTB2M0s3SlU4M25hRDhDNG92clRWMi0wMlJSQ2lVX3c?oc=5,아이티데일리,,클라우드,2026-09-19T15:38:10.090473+09:00,False,False,live
ART-00509,market,"네이버클라우드, 한국지멘스와 제조 인공지능 전환 시장 공략 맞손",2026-06-24,"네이버클라우드, 한국지멘스와 제조 인공지능 전환 시장 공략 맞손 비즈니스포스트","네이버클라우드, 한국지멘스와 제조 인공지능 전환 시장 공략 맞손 비즈니스포스트",https://news.google.com/rss/articles/CBMic0FVX3lxTE5mQkI3TlZIUFR0RThVMERUYXBiYldTOUtHdVNGOXFmbml1Ui1WYmlmT21wandUMENDR01vQW12aEE3cE44UlNNTi1VZER6SVMxRnZZdTJoR0g1NEFsSnJYSzRpLTd4YlY3bEtHUU5vUFA1SzQ?oc=5,비즈니스포스트,,클라우드,2026-09-19T15:38:10.090473+09:00,False,False,live
ART-00510,market,"네이버클라우드, 지멘스와 맞손…제조 현장 AX 공략",2026-06-24,"네이버클라우드, 지멘스와 맞손…제조 현장 AX 공략 매일일보","네이버클라우드, 지멘스와 맞손…제조 현장 AX 공략 매일일보",https://news.google.com/rss/articles/CBMiZEFVX3lxTE1HYUZMRjhVTzdSbXhWVkdyeGtuc3hING5vMk5HUWRFRzgxN0JXTVFRWmg0TmJkZWQ4by0yR0NYSVU4Sjg2ZUpHQjFsbUFBUmswZ19xY3ZsTWRMZV83bXIxcTJkSEzSAWhBVV95cUxNUU5jcnFDOWpVS3NHNTk1ZkJYby16VXBaTGJ4T19XdkVZRVp6T3dSWU1HREhyLWhadUVYNDFvOGNlZzY5Y2llWlhfV1BJZHEwSDlBMWpKLUNwYlUxc1E4RDl4T3h3dF9pbQ?oc=5,매일일보,,클라우드,2026-09-19T15:38:10.090473+09:00,False,False,live
ART-00511,market,네이버클라우드·佛 미스트랄 … 제조업 특화 '소버린 AI' 동맹,2026-07-08,네이버클라우드·佛 미스트랄 … 제조업 특화 '소버린 AI' 동맹 매일경제,네이버클라우드·佛 미스트랄 … 제조업 특화 '소버린 AI' 동맹 매일경제,https://news.google.com/rss/articles/CBMiTkFVX3lxTE03M1RHWFZsU2lTdkxXQ0RVc1k2ZmxTb3h5YXNTd1J4aFg5aW5hZVVrczE1clNaRlFfQUVRRVNwc2FiMWlQUWhJQXNqeFFDdw?oc=5,매일경제,,클라우드,2026-09-19T15:38:10.090473+09:00,False,False,live
ART-00512,market,"네이버클라우드, 미스트랄AI와 제조 특화 소버린 AI '동맹'",2026-07-08,"네이버클라우드, 미스트랄AI와 제조 특화 소버린 AI '동맹' 지디넷코리아","네이버클라우드, 미스트랄AI와 제조 특화 소버린 AI '동맹' 지디넷코리아",https://news.google.com/rss/articles/CBMiVkFVX3lxTE85elRnYzE2cFNQaG9yMWF3anRDWjZRNUpRZzdQTmptRlFNTEJlRjFQWWdaVTVKR19USklTdVVQQnRYNEs1N2FZaklWd005WFVoajl4U3Vn?oc=5,지디넷코리아,,클라우드,2026-09-19T15:38:10.090473+09:00,False,False,live
ART-00513,market,"로그프레소, 클라우드 SIEM 고객 확대… 제조·유통·엔터 공략",2026-07-27,"로그프레소, 클라우드 SIEM 고객 확대… 제조·유통·엔터 공략 IT조선","로그프레소, 클라우드 SIEM 고객 확대… 제조·유통·엔터 공략 IT조선",https://news.google.com/rss/articles/CBMicEFVX3lxTE8xNmpBLWVkbi0tN0dJaC1fd0FMS0s3d0c1Wkt6cFJLcFg5OTQ1VHhTeGFNb3JzcXd4VW5kZDNEb0NSUXpDZnZpSnA2Zjhtb3FPZkZRNHNQN1RFOVZNVVFLd3ZCcTA2ZmE5VjdDOXQydmTSAXRBVV95cUxNcldLam12STVibDc0akxJaW1EMlN5bW5jTE1pam5sZURNRlE4aWVhV0dvc1VseExqbXFFekU1TVFYajA0REt0dVAtMDdCbXh3V0pCaDdQOUhwdXZ4V2FyVFZ5X1FzZEpIT2QxSjFyaVU3ZldPWQ?oc=5,IT조선,,클라우드,2026-09-19T15:38:10.090473+09:00,False,False,live
ART-00514,market,"네이버클라우드-지멘스, AI·산업 자동화 분야 협력…""제조 혁신 가속""",2026-06-24,"네이버클라우드-지멘스, AI·산업 자동화 분야 협력…""제조 혁신 가속"" 아시아경제","네이버클라우드-지멘스, AI·산업 자동화 분야 협력…""제조 혁신 가속"" 아시아경제",https://news.google.com/rss/articles/CBMiggFBVV95cUxQcUpDLS1rX2d5V0FJb09nMjhubUplYXR5ZWcwWFhGYW9UZEk4RlREOHBTRTRNZlcyOV9kSGpzUFh2WGhNQ0FQWHNOVVg3dGJFWDAtVmlCaTdWMWc3VEtIMmVKeE9QcGNOYXNJeVRVN0hlOVhUOTYtcFFFZUJIaWt0M2tB?oc=5,아시아경제,,클라우드,2026-09-19T15:38:10.090473+09:00,False,False,live
ART-00515,market,"중기중앙회, LG CNS·메가존과 中企제조업 AX 지원",2026-06-21,"중기중앙회, LG CNS·메가존과 中企제조업 AX 지원 매일일보","중기중앙회, LG CNS·메가존과 中企제조업 AX 지원 매일일보",https://news.google.com/rss/articles/CBMiZEFVX3lxTE9wY0tTWDlFczJ3OHFwTXNlcVQ2SGhIVDZhWUxlRENGSnpIS0UzeE53UlEyOXE3Qld2ZVAweWVOdlVINmN3WDFoeWwwdXBFdlVaQnhLdHNNaHBoVEtVbWUxUU9Ha3LSAWhBVV95cUxPNWwxLW1TM2JWc0FveXJvWFh6RDFfUmZRYUZBZUlUQVlCeFdwUDByZFBzVHJ0TVhodWR0Z3ZrVzYxN2p2aHo2QW1UbWk3OU1PLXNtazllSzV5QUhFYjhsSm9kMHpseE51Zw?oc=5,매일일보,,클라우드,2026-09-19T15:38:10.090473+09:00,False,False,live
ART-00516,market,네이버클라우드·한국지멘스 맞손…제조업 AI 전환 가속,2026-06-24,네이버클라우드·한국지멘스 맞손…제조업 AI 전환 가속 데일리안,네이버클라우드·한국지멘스 맞손…제조업 AI 전환 가속 데일리안,https://news.google.com/rss/articles/CBMirgJBVV95cUxNS2JrUXVlNWVuYnVFWFZrUUpVZzdwZFVseUF1bmVuTkhnUDdFNFRzLUhEOTNVdmlrUjJBNHJBT2poM0taQWFaSzEwZ3RzNVB3TzlnWF9BQ3NGRTBVNmRZWUt1a1hDNE80ZlVUeFFvcU10Q245QnFvQmFGTDNqTnlzZFJqMFMxcDhCQmZPX3VpcjhybXJfSldJYTJBaUI4NnRqMk1ibk56Mk80ejdDcFQ5aTBsaVVydThpVlhRX3J1NEFtMnFOa0JDeV9aVW9GZEc2YlBUVDNtWDVxT3NpVmJmOUNYSFVvaWM1ZGtzUDFJRy0xRXI5YjYxU3lQTU1abTZ6X3BVQUY5amJJTVU4QURBRW5BbXJDN3B4UlcxcUkzLVZ0dTBNYmZJbFhhNjNLdw?oc=5,데일리안,,클라우드,2026-09-19T15:38:10.090473+09:00,False,False,live
ART-00517,market,"[Digital & Now] 네이버클라우드·지멘스, 제조 현장 AI 전환 맞손 - 이비엔(EBN)뉴스센터",2026-06-24,"[Digital & Now] 네이버클라우드·지멘스, 제조 현장 AI 전환 맞손 - 이비엔(EBN)뉴스센터 ebn.co.kr","[Digital & Now] 네이버클라우드·지멘스, 제조 현장 AI 전환 맞손 - 이비엔(EBN)뉴스센터 ebn.co.kr",https://news.google.com/rss/articles/CBMiaEFVX3lxTE1LUjJaMTNuUzJFMXBBdHlrN1dTc19VemtCaE14Um41a2YzY2ZJMkgxeG9UQkFYcjBKQUktNXpKdGRIRmpmZmhyVXVRUkphRWFIbnRTLTZCMzJpZ2JpT1lqQmV3cmlCS0NT?oc=5,ebn.co.kr,,클라우드,2026-09-19T15:38:10.090473+09:00,False,False,live
ART-00518,market,"네이버클라우드, 지멘스와 손잡고 제조 AI 전환 가속화",2026-06-24,"네이버클라우드, 지멘스와 손잡고 제조 AI 전환 가속화 아이티비즈","네이버클라우드, 지멘스와 손잡고 제조 AI 전환 가속화 아이티비즈",https://news.google.com/rss/articles/CBMiZ0FVX3lxTE1MdkxoWHNFczI5TjNzWUJtV0NVX0RsOE9Kd3d6NDRnUGNuTmR2d1hqdnh2b1J5UUxrM3k2bldlTnFsVFBWUFYtc3BNRlV6RE92dFRhd2MtQUlRTUZsQnAzd2pTQU1pcDA?oc=5,아이티비즈,,클라우드,2026-09-19T15:38:10.090473+09:00,False,False,live
ART-00519,market,"[AI픽] 네이버클라우드·코난테크놀로지, 국방·제조 특화 AI 협력",2026-03-13,"[AI픽] 네이버클라우드·코난테크놀로지, 국방·제조 특화 AI 협력 연합뉴스","[AI픽] 네이버클라우드·코난테크놀로지, 국방·제조 특화 AI 협력 연합뉴스",https://news.google.com/rss/articles/CBMiW0FVX3lxTE9NY0JKbnFJU0tQNlFiOHplVHUzRktOZlA1S1hBaEhWZ0dUY0dCZUhRUGl2OTh1UDduMUhMcVBhamVzWHR2bmRZX2o5Zy00OTZ1eHNXMFdqR3JQbTjSAWBBVV95cUxPaFVjVVJCV3Vtdkl0aWc1WEFfUHhZRUg0Y3FmQ3B1bVZERzI4MHRCOS1tRkpRUDlDNmFCdjRubTlXUHFzN091YzJuU19FM01uQ0FIak5YSnhycUdwM1hfZGI?oc=5,연합뉴스,,클라우드,2026-09-19T15:38:10.090473+09:00,False,False,live
ART-00520,market,"네이버클라우드, 佛 미스트랄AI와 맞손⋯제조 AI 공략",2026-07-08,"네이버클라우드, 佛 미스트랄AI와 맞손⋯제조 AI 공략 브릿지경제","네이버클라우드, 佛 미스트랄AI와 맞손⋯제조 AI 공략 브릿지경제",https://news.google.com/rss/articles/CBMiWkFVX3lxTE4ydDFmS3dwTUM2c0ZQNDB0U1ZrdHBYNVpZZmdsTkxESm5kN0xNN0V1Sk8xaTVyUHVONk1qZkVlYlg5dVNXOVlEWWF6X0JWbk1JU3lvNDF2MnNqQQ?oc=5,브릿지경제,,클라우드,2026-09-19T15:38:10.090473+09:00,False,False,live
ART-00521,market,네이버클라우드·한국지멘스 맞손…제조업 AI 혁신 본격화,2026-06-24,네이버클라우드·한국지멘스 맞손…제조업 AI 혁신 본격화 키즈맘,네이버클라우드·한국지멘스 맞손…제조업 AI 혁신 본격화 키즈맘,https://news.google.com/rss/articles/CBMiaEFVX3lxTE1HbUo1M0stT0JIMW1fRGxXeUZRejZxemhNMjM0SlYwSnpkZk1CTDRhMzZidHdEdV9rZmtvWnhUZzhaLV9jZW02SzhUeHgyM0JjQXhOQjY5Rld0OW03UDJfNXZGYlkySlRX?oc=5,키즈맘,,클라우드,2026-09-19T15:38:10.090473+09:00,False,False,live
ART-00522,market,"네이버클라우드-지멘스, 제조 현장 AI 전환 맞손 “국내 산업현장 혁신 앞당긴다”",2026-06-24,"네이버클라우드-지멘스, 제조 현장 AI 전환 맞손 “국내 산업현장 혁신 앞당긴다” 마일드경제","네이버클라우드-지멘스, 제조 현장 AI 전환 맞손 “국내 산업현장 혁신 앞당긴다” 마일드경제",https://news.google.com/rss/articles/CBMia0FVX3lxTFBVdXMzSHR1LWFyOFd5RzRMOFVrRUtNYUFwdUZEd0RkdldWU04yM2xvT2l4VHdORzhGMW8xbG1yWlNWM2FRWmU1T3N2RUxIWk1NbEJHWGtWeml5ZVhUampkSHlPaUdKMC03Zmhv?oc=5,마일드경제,,클라우드,2026-09-19T15:38:10.090473+09:00,False,False,live
ART-00523,market,"에스넷시스템, SCP 기반 제조 클라우드 전환 사례 공개",2026-04-29,"에스넷시스템, SCP 기반 제조 클라우드 전환 사례 공개 뉴시스","에스넷시스템, SCP 기반 제조 클라우드 전환 사례 공개 뉴시스",https://news.google.com/rss/articles/CBMiYEFVX3lxTE56RmkxbVptdTRfS24wNWtTTlhWYXoycjRxOUFWLS1mS3l3MnJBYmhYYjY0WTkxSHNBTkxUbHlrenFqTFZkQXJicmRHN1hscDNMRXFZOXA4UXhoUU9yNkdiNNIBeEFVX3lxTE5mMWRhbkNiS01scGxrMnFuWVZZVmJNeTY5eTFnU0Mxc2hoMm11Y29yNEk1MThJRGQ0YVk5TkszdHN0SjJrTTRHVmRUaXdudWlTZmhFZUZkMVlYMzdEbS1FTm42WnhlbktQcFlvU2x1cjBTcXdHemwzVg?oc=5,뉴시스,,클라우드,2026-09-19T15:38:10.090473+09:00,False,False,live
ART-00524,market,"'제조업 미래, AI 혁신'…스마트 제조 솔루션 서밋 14일개최",2026-05-11,"'제조업 미래, AI 혁신'…스마트 제조 솔루션 서밋 14일개최 뉴시스","'제조업 미래, AI 혁신'…스마트 제조 솔루션 서밋 14일개최 뉴시스",https://news.google.com/rss/articles/CBMiYEFVX3lxTE8xYnZtb29MOC1TSXFTZGRxUXJrQktFbjhjeEluenhiLXpNY1dpUkZvRndGYVhydjZVQS01QVN0TW5CcHhiQzV6TVd4TndzcEtnTjNnQkxlM1E4NXA3UG41SNIBeEFVX3lxTE54YzFDRXRrNTIyVE9nNXpINHBiQ3lVRS1QWFFyTjdqWUpiVFl5RzVMR3hwVXVCYk9LcjVucUJZYTMtREt1Y2pQb3J1NFZqSGtXbGRsNE9BREs2VllVbmhOMFhlVl9FQTJ5SU0zM1l0THpZbXd4WFRLYQ?oc=5,뉴시스,,클라우드,2026-09-19T15:38:10.090473+09:00,False,False,live
ART-00525,market,"네이버클라우드, 독일 지멘스 손잡고 제조 AX 시장 공략",2026-06-24,"네이버클라우드, 독일 지멘스 손잡고 제조 AX 시장 공략 매일경제","네이버클라우드, 독일 지멘스 손잡고 제조 AX 시장 공략 매일경제",https://news.google.com/rss/articles/CBMiTkFVX3lxTE12YzNEWHUwUV9GWG1VZWo3ODdzdzUzNGdNblljMnJaVm83UW9udXlBZ2dHRTJaYkJqX3ZyUnotRHdOQWlTVnhiYmN2V0hsZw?oc=5,매일경제,,클라우드,2026-09-19T15:38:10.090473+09:00,False,False,live
ART-00526,market,"네이버클라우드·미스트랄AI, 제조 AI 손잡았다… 아시아·유럽 소버린 연합",2026-07-08,"네이버클라우드·미스트랄AI, 제조 AI 손잡았다… 아시아·유럽 소버린 연합 플래텀(Platum)","네이버클라우드·미스트랄AI, 제조 AI 손잡았다… 아시아·유럽 소버린 연합 플래텀(Platum)",https://news.google.com/rss/articles/CBMiSEFVX3lxTFBCWl9JTmRHdWxXSUpkV3FlcDFJS3BCeWZFdjZzOUFSSmJEdmZ0VzNlUUNnbHl1TEZSekJ2NzhDOGlGY0tEdHFiZA?oc=5,플래텀(Platum),,클라우드,2026-09-19T15:38:10.090473+09:00,False,False,live
ART-00527,market,"시흥산업진흥원-네이버 클라우드-안산시, ‘시화․반월 제조 AX 수요 공급기업 매칭데이’ 개최",2026-03-29,"시흥산업진흥원-네이버 클라우드-안산시, ‘시화․반월 제조 AX 수요 공급기업 매칭데이’ 개최 경기신문","시흥산업진흥원-네이버 클라우드-안산시, ‘시화․반월 제조 AX 수요 공급기업 매칭데이’ 개최 경기신문",https://news.google.com/rss/articles/CBMiYkFVX3lxTE94QkQ0a0R1RWZUMi1YVGVKc09FUm9ENjVZQUVXenNWWEhkZWxqRXNGbjcyaVRsT1ZIbVQ4LVVDNU84MnZXUWpRN0RxRmN1bW5TODM1aDEtVjZZcEZkR29DVWJB?oc=5,경기신문,,클라우드,2026-09-19T15:38:10.090473+09:00,False,False,live
ART-00528,market,"네이버클라우드, 미스트랄AI와 파트너십…제조AI 시장 공략 본격화",2026-07-08,"네이버클라우드, 미스트랄AI와 파트너십…제조AI 시장 공략 본격화 IT비즈뉴스","네이버클라우드, 미스트랄AI와 파트너십…제조AI 시장 공략 본격화 IT비즈뉴스",https://news.google.com/rss/articles/CBMibEFVX3lxTFBzUHJ2OV9Da2lPbnJpdU1MUVo0ZGxUQ3JNSnZFZm1nNFdpcXVLdWNGX3R3SUY3bmRpNjFTZ3ZmRzZ6X0tIZFRPaURpNklmYVNiQ2xidkhSTnM4NUJULTZ4V2p1RU1tM2pMdVptMQ?oc=5,IT비즈뉴스,,클라우드,2026-09-19T15:38:10.090473+09:00,False,False,live
ART-00529,market,"지멘스·네이버클라우드, 제조 AI 전환 맞손",2026-06-24,"지멘스·네이버클라우드, 제조 AI 전환 맞손 데이터넷","지멘스·네이버클라우드, 제조 AI 전환 맞손 데이터넷",https://news.google.com/rss/articles/CBMibEFVX3lxTFBEVUVQWnpQRDhlWklHUjg0Rzl6ZEhsTXV2czRGQTNJcThZTmFVcDE3VlU4NEtTQy1qSG9UTC1nNzB2ZTU2dGhMRE93VUtIMmZVLTREZ3VESmZjZEltdk5OWDRCZkV0RkxSdU1XbA?oc=5,데이터넷,,클라우드,2026-09-19T15:38:10.090473+09:00,False,False,live
ART-00530,market,"AI, 실험 넘어 운영 인프라로…클라우드·HR·제조 현장 확산",2026-07-22,"AI, 실험 넘어 운영 인프라로…클라우드·HR·제조 현장 확산 팝콘뉴스","AI, 실험 넘어 운영 인프라로…클라우드·HR·제조 현장 확산 팝콘뉴스",https://news.google.com/rss/articles/CBMibkFVX3lxTFBsa2lsRUc4MDJLU2tMR1RnRk0tTG05bmFUU0EyOXpfbXJrY0JPck5TU1pxVDRCUUN5Z3I5dkE3ZTM0dHYwNmQyVlZXbkRWMU1sVzVvclp4RzZWeTRhc1F6cWpxdmtLTDJDZzIxTTBn0gFyQVVfeXFMTmxaM0hWRzhDSmpKYTRaN2VOYXVxVHdEcUp6NjBaYWxVMEdockc2LUFObjVUaHNRMGNqVUJMdjV6cmxCZ0lsREFZaTA1Y1Z2QTkyM3ZFMHFWM3B3THNmYzR1bU9OVFVORjlSRzl5R0ZrNnV3?oc=5,팝콘뉴스,,클라우드,2026-09-19T15:38:10.090473+09:00,False,False,live
ART-00531,market,판교 AI 기술로 성남하이테크밸리 식품 제조업 혁신 ... '2026 제조 AX 솔루션 커넥트' 개최,2026-03-25,판교 AI 기술로 성남하이테크밸리 식품 제조업 혁신 ... '2026 제조 AX 솔루션 커넥트' 개최 성남일보,판교 AI 기술로 성남하이테크밸리 식품 제조업 혁신 ... '2026 제조 AX 솔루션 커넥트' 개최 성남일보,https://news.google.com/rss/articles/CBMiQ0FVX3lxTE5kbjRjUVJnUnpGZjhZVjZKRm5NMU9lTkhrUVBjR0k1Qlc3eUpIYTZsbGl1TXNYck9lczZucGRHb0FVdHc?oc=5,성남일보,,클라우드,2026-09-19T15:38:10.090473+09:00,False,False,live
ART-00532,market,네이버클라우드·코난테크놀로지 맞손 … 국방·제조 'AI 주권' 확보,2026-03-13,네이버클라우드·코난테크놀로지 맞손 … 국방·제조 'AI 주권' 확보 세이프타임즈,네이버클라우드·코난테크놀로지 맞손 … 국방·제조 'AI 주권' 확보 세이프타임즈,https://news.google.com/rss/articles/CBMib0FVX3lxTE5heTVDSUxZXzZXUnN0NXRJWTBudVJCVk55ZDNwajJ3TThxWGk3bUY3QUo0dXRTUzNmZ0J2QlFaV1RrRlRneHZvUjZfMU1ua3dUc2VPT1J5dUQ4T3BZRGV3OHd5dGFqbHI5aUl4S2Nzd9IBc0FVX3lxTE1oVjN4RURCM0Q5NkNDOHZBQzh5NnNycHZTUjhfYzc1cE9mOWZ4SGpET3pNbGdraGlkaElxLVk5SU4zZkFYZ2dZRHZzVmRmU2NaT05uUDdvQmRZYS1yTUUtTXRkWlp6ZUhmQ3M3V3E2M3FjQVU?oc=5,세이프타임즈,,클라우드,2026-09-19T15:38:10.090473+09:00,False,False,live
ART-00533,market,"네이버클라우드-코난테크놀로지, ‘국방·제조 특화 AI’ 협력",2026-03-13,"네이버클라우드-코난테크놀로지, ‘국방·제조 특화 AI’ 협력 아이티데일리","네이버클라우드-코난테크놀로지, ‘국방·제조 특화 AI’ 협력 아이티데일리",https://news.google.com/rss/articles/CBMiZ0FVX3lxTE1GZk9XYzQ3a2N4Qm5NVUU0N3NYMWJUQ0c1ZWtqZEFhSzUzb3UtMVdNVE9PcF9qWk8wRFJVUXVmcXdpWVZBaGZsV25rVUI0Y3k5UWlSQnR5b25PdEJMcVQxOS01SGQ4WmM?oc=5,아이티데일리,,클라우드,2026-09-19T15:38:10.090473+09:00,False,False,live
ART-00534,market,"안산시, 네이버클라우드·시흥산업진흥원과 ‘제조 AX 매칭데이’ 성료",2026-04-01,"안산시, 네이버클라우드·시흥산업진흥원과 ‘제조 AX 매칭데이’ 성료 경인미래신문","안산시, 네이버클라우드·시흥산업진흥원과 ‘제조 AX 매칭데이’ 성료 경인미래신문",https://news.google.com/rss/articles/CBMiYkFVX3lxTE9TQm9BbFlzZElPWDh5bThNQTJTbHBIMklZTDN3TUJMSm05N2Z3cGhHeGpfZVVGMDRmcWhRS1FfWmdLSXBVczg5WkZBMUtXODBLUHFGVzRYbHBlSGdvTDAzTThB?oc=5,경인미래신문,,클라우드,2026-09-19T15:38:10.090473+09:00,False,False,live
ART-00535,market,"SAP,에이전틱 제조·공급망·클라우드 ERP 솔루션으로 새 전환 꾀한다",2026-04-20,"SAP,에이전틱 제조·공급망·클라우드 ERP 솔루션으로 새 전환 꾀한다 elec4","SAP,에이전틱 제조·공급망·클라우드 ERP 솔루션으로 새 전환 꾀한다 elec4",https://news.google.com/rss/articles/CBMibkFVX3lxTFBPbkVGYXkzc2h1MkJKbUlCdFcycHJBVUJlQjhCN29lU08xOHJFd25lRHFnUGZ6dUNSOVluUEg5aUNQMW0xcHFtcTFmS1hvVEp1UUpQLVFyRW9nb3NNNFB3ZkRIMEpVT2syTi1TYTB3?oc=5,elec4,,클라우드,2026-09-19T15:38:10.090473+09:00,False,False,live
ART-00536,market,"SK-엔비디아, '제조 AI 클라우드' 공개...RTX 블랙웰 2000여장 투입",2025-10-31,"SK-엔비디아, '제조 AI 클라우드' 공개...RTX 블랙웰 2000여장 투입 디일렉","SK-엔비디아, '제조 AI 클라우드' 공개...RTX 블랙웰 2000여장 투입 디일렉",https://news.google.com/rss/articles/CBMiZkFVX3lxTFB5N1pIWUczSWtlczN5UzRkbmJRdFlwM2haVEZxYXpZd0NEYVByLWVDSU9LYm1fQjYydWJjaGcxRERlRjc3Mll2cmdsYzVNLVoxN204SXBDM05ncUxQOFZWZGVnb2lYUQ?oc=5,디일렉,,클라우드,2026-09-19T15:38:10.090473+09:00,False,False,live
ART-00537,market,[#클라우드 월드] 네이버-지멘스 '제조 AI 전환 MOU'·세이지 '유니콘브릿지' 선정·이노그리드 '공공 DR 사업' 착수·에쓰핀테크 '파트너 데이'·가비아 'AWS SMB 컴피턴시' 취득,2026-06-24,[#클라우드 월드] 네이버-지멘스 '제조 AI 전환 MOU'·세이지 '유니콘브릿지' 선정·이노그리드 '공공 DR 사업' 착수·에쓰핀테크 '파트너 데이'·가비아 'AWS SMB 컴피턴시' 취득 뉴스웍스,[#클라우드 월드] 네이버-지멘스 '제조 AI 전환 MOU'·세이지 '유니콘브릿지' 선정·이노그리드 '공공 DR 사업' 착수·에쓰핀테크 '파트너 데이'·가비아 'AWS SMB 컴피턴시' 취득 뉴스웍스,https://news.google.com/rss/articles/CBMib0FVX3lxTE5SeWNmVks2NnBnZWZNQ1QtcGlrZzJwRzdFOUkyYjhsZ0lzX3VaUmhUcFNzN3JYdXRZNmJpRkJocUlodmZHM05rME1XMXZqQjhOSEg0dTZ5b3ZvYXJXUHhPckdaOVYxbmktUWtvNm03VdIBc0FVX3lxTE9rZTZEZlN4UGNtUEhYbnFVSHExSmFUUldRR2VUc2szTEJEdU4zdFM3NFJkS2xqdFQzSEJpRXBoaXlLcWd5OUtXNTU2SmhueFduRURnQ2xvaF9td0RPbFF5bjNSUlQ3V045YVJCa2ZudlRqRjg?oc=5,뉴스웍스,,클라우드,2026-09-19T15:38:10.090473+09:00,False,False,live
ART-00538,market,네이버클라우드·佛 미스트랄…제조업 특화 '소버린 AI' 동맹,2026-07-08,네이버클라우드·佛 미스트랄…제조업 특화 '소버린 AI' 동맹 네이트,네이버클라우드·佛 미스트랄…제조업 특화 '소버린 AI' 동맹 네이트,https://news.google.com/rss/articles/CBMiU0FVX3lxTE40cHRPZGptNUhQVVZkNHBRSHRZOWhrcXdyVVVTb05pbXdnRVRPeGkwMXVqTnRQcFhtWXBpVVpXVHBUOGN3SlYtdDkySTZfYjIxazk4?oc=5,네이트,,클라우드,2026-09-19T15:38:10.090473+09:00,False,False,live
ART-00539,market,"네이버클라우드, 미스트랄AI와 제조 AI 시장 공략 맞손",2026-07-08,"네이버클라우드, 미스트랄AI와 제조 AI 시장 공략 맞손 데일리안","네이버클라우드, 미스트랄AI와 제조 AI 시장 공략 맞손 데일리안",https://news.google.com/rss/articles/CBMigwJBVV95cUxQRlRFTkVkckdQWjVVeGxtUUhtcXdra1I2eHFFazRGbEZmeXplME9JVl9neUhxVGpYcXRYMW0wUzFyS0h1SG9uTVp3Qm1kSVJNT2tybUdxRnpUUWtaQmt0WjBnU0E4c3JHLVpySkpFTGlHVTJFcWVoLWZmM3VGejBnS2dVeGE1Z19CZFY5RTRaTkpVclpBckxBaGxKVEpjNHBDRk81TXcwZE9YTklVVzFsSlRULUsyYlViWmt6U3VkOVZsWlRmMmdScy1FVVJMTlVLSENkcmtVaUJSVDY1M0sxeWd1d2h5UnpWUk1DMGZId0g2SzJ4dW8tTllqZWN4TDkyTERN?oc=5,데일리안,,클라우드,2026-09-19T15:38:10.090473+09:00,False,False,live
ART-00540,market,"미스트랄AI, 네이버클라우드와 한국 사업 시작…""제조 AI 공략""",2026-07-08,"미스트랄AI, 네이버클라우드와 한국 사업 시작…""제조 AI 공략"" 아시아경제","미스트랄AI, 네이버클라우드와 한국 사업 시작…""제조 AI 공략"" 아시아경제",https://news.google.com/rss/articles/CBMiYEFVX3lxTE5QN3gwSDdoS2FpbDFvLUVxRGljRTlBTVFjZkQtLWFDVmZrei1leXNyT0lEeEZHaVR3dmM2dmhFVkV1VlRVaWtlS25Rc2JkaDg5TVNuR2pkaFdlRDBQR29kag?oc=5,아시아경제,,클라우드,2026-09-19T15:38:10.090473+09:00,False,False,live
ART-00541,market,2026년 제조업 OT 보안 위협 더 커진다!,2026-03-12,2026년 제조업 OT 보안 위협 더 커진다! 테크월드,2026년 제조업 OT 보안 위협 더 커진다! 테크월드,https://news.google.com/rss/articles/CBMiaEFVX3lxTE5YVHBISF8xZ29faUlLQmFpTmNIbE9yYU1HN2RVMzVOOGVZVHlrd3Z2OWtCRHZkNWIwRS1JZEJLRmRsQldXbGNOVjdPNXVWQ2RSTjJ6Qll3R0dBdWpDRmhIa2JFaUN2bmNa?oc=5,테크월드,,클라우드,2026-09-19T15:38:10.090473+09:00,False,False,live
ART-00542,market,"엠아이큐브, SaaS기반 AI 팩토리 사업 확장...네이버클라우드와 파트너십",2025-10-21,"엠아이큐브, SaaS기반 AI 팩토리 사업 확장...네이버클라우드와 파트너십 디일렉","엠아이큐브, SaaS기반 AI 팩토리 사업 확장...네이버클라우드와 파트너십 디일렉",https://news.google.com/rss/articles/CBMiZkFVX3lxTE5BYjRxakxFQnVkUHVUbmNfVlJQazNjdUNQUlZBMjVPQjhJMXdYb2drM0ROQ3VDYmRaRjN3Wkl5aHJDZl81b2haWXhBelYwREUwRzhycDhaQ003U002ZE5CTHV1Q1hDZw?oc=5,디일렉,,클라우드,2026-09-19T15:38:10.090473+09:00,False,False,live
ART-00543,market,"네이버클라우드-미스트랄AI, 제조업 공략 파트너십",2026-07-08,"네이버클라우드-미스트랄AI, 제조업 공략 파트너십 디지털투데이","네이버클라우드-미스트랄AI, 제조업 공략 파트너십 디지털투데이",https://news.google.com/rss/articles/CBMic0FVX3lxTE16SHJvajZkMGd2R1N4WDhSNlpQNjVwQ2RJTWRQQ3pEcjlZZlh2SzNkQ0NPZTg5SVFPRGdrZ3VTN2lPWkpwclN5YlZwSTNwMXhiVEFqdl9EMThDR3NwMVVmYWRZVDA2YVFVZGVjQjJWUmdJN2c?oc=5,디지털투데이,,클라우드,2026-09-19T15:38:10.090473+09:00,False,False,live
ART-00544,market,"에스넷시스템, 삼성SDS ‘SCP 파트너스데이’서 SCP 기반 제조기업 클라우드 사례 발표",2026-04-29,"에스넷시스템, 삼성SDS ‘SCP 파트너스데이’서 SCP 기반 제조기업 클라우드 사례 발표 아이티데일리","에스넷시스템, 삼성SDS ‘SCP 파트너스데이’서 SCP 기반 제조기업 클라우드 사례 발표 아이티데일리",https://news.google.com/rss/articles/CBMiZ0FVX3lxTE1uazZRdjBodTNYUXRnWnhVV1RRc0phclJPQmJ6VTN0c2NBbFZ6Vm1OOU45eHRNT0F3d0k5d0trMk5FbGRWY0RRSDRJME5hdFdGMmp6c05GMHVqZ1FpQUdvRHI3N0lzR1U?oc=5,아이티데일리,,클라우드,2026-09-19T15:38:10.090473+09:00,False,False,live
ART-00545,market,"에스넷시스템, SCP 기반 제조 클라우드 전환 성공…삼성SDS 'SCP 파트너스데이' 발표",2026-04-29,"에스넷시스템, SCP 기반 제조 클라우드 전환 성공…삼성SDS 'SCP 파트너스데이' 발표 프라임경제","에스넷시스템, SCP 기반 제조 클라우드 전환 성공…삼성SDS 'SCP 파트너스데이' 발표 프라임경제",https://news.google.com/rss/articles/CBMiY0FVX3lxTFBpai1Yck83U3F5NDA4RDZCWS12REFnSTVnWFdiOU4ybUFiZzZPYi1zNGxadDJyVFU5c1JwMUJES19ZcTg2WmZ5VWw4aUVKWFV0c0x1YXRaVFBIaFoyTHdEV2ZkSQ?oc=5,프라임경제,,클라우드,2026-09-19T15:38:10.090473+09:00,False,False,live
ART-00546,market,"네이버클라우드, 독일 지멘스 손잡고 제조 AX 시장 공략",2026-06-24,"네이버클라우드, 독일 지멘스 손잡고 제조 AX 시장 공략 네이트","네이버클라우드, 독일 지멘스 손잡고 제조 AX 시장 공략 네이트",https://news.google.com/rss/articles/CBMiU0FVX3lxTE50Tm9KdDJTSVk0akVDQktnZkFUXzJhRnVSUU12cjMyOC1tNzV6blZ4cnE4eTJHU0ZuN2tLYl82R1NaQjdETUtPYW5zNDBpT282SDIw?oc=5,네이트,,클라우드,2026-09-19T15:38:10.090473+09:00,False,False,live
ART-00547,market,"SK와 엔비디아 '제조 AI 클라우드' 구축하기로, GPU 5만 장 도입해 'AI 팩토리' 조성",2025-10-31,"SK와 엔비디아 '제조 AI 클라우드' 구축하기로, GPU 5만 장 도입해 'AI 팩토리' 조성 비즈니스포스트","SK와 엔비디아 '제조 AI 클라우드' 구축하기로, GPU 5만 장 도입해 'AI 팩토리' 조성 비즈니스포스트",https://news.google.com/rss/articles/CBMic0FVX3lxTE1NRVBXTzlLQ2Z5YXppMWxJNTVWd25HMlptUzJpVU1VOUhjNEwyYU1iUFB1ZklYaHByaXNyTTlnY2trV0o0T3p5MURyOXlVY21iS2gyODJieUhwRWN4YkF6MWdjOWZTc1dJS2JBWmtKQk16eUE?oc=5,비즈니스포스트,,클라우드,2026-09-19T15:38:10.090473+09:00,False,False,live
ART-00548,market,"엘리스그룹, 산업단지 ‘엣지 AI 데이터센터’ 구축 나선다",2026-07-23,"엘리스그룹, 산업단지 ‘엣지 AI 데이터센터’ 구축 나선다 아이티데일리","엘리스그룹, 산업단지 ‘엣지 AI 데이터센터’ 구축 나선다 아이티데일리",https://news.google.com/rss/articles/CBMiaEFVX3lxTE5mMC01aDlfUmhzTEpOelAyN1g5NFNMcGlEVHltQXN2ckQ5a1pBSjI3SUhtNS1ZR3JxMUN3dXdrcVM5UDQtLUZpekE3c0hfaWtmaFdUajdMSU83OW9oakhIclBOc0trdmZf?oc=5,아이티데일리,,클라우드,2026-09-19T15:38:10.090473+09:00,False,False,live
ART-00549,market,"SAP, 섹타나인과 차세대 클라우드 ERP 구축…식품 제조 DX 가속",2026-01-14,"SAP, 섹타나인과 차세대 클라우드 ERP 구축…식품 제조 DX 가속 지디넷코리아","SAP, 섹타나인과 차세대 클라우드 ERP 구축…식품 제조 DX 가속 지디넷코리아",https://news.google.com/rss/articles/CBMiVkFVX3lxTFBQMjRPTjJhRWJueVFWVnQ0T3U0a2RIYUw1RFNJcjVzMk10eEJNTzZGZnV6UmE1NC1lR01GQzVGb0pPMEJUVGVMS1VBMDhKeTZ5d0JWUHln?oc=5,지디넷코리아,,클라우드,2026-09-19T15:38:10.090473+09:00,False,False,live
ART-00550,market,"네이버, AI 미래전략 발표…‘에이전트N’과 '제조업 AX'에 집중",2025-11-06,"네이버, AI 미래전략 발표…‘에이전트N’과 '제조업 AX'에 집중 디일렉","네이버, AI 미래전략 발표…‘에이전트N’과 '제조업 AX'에 집중 디일렉",https://news.google.com/rss/articles/CBMiZkFVX3lxTE9sOXRQSUZvNEYwVnJIRXBoNGRGY1VYWnUyQmRfVzBiSVlYSjFqY0QxMUUwbzlYcTNhcF9qbkJDNHVrTFNiLVZ1SzlRTTliSF9Od0RNcWY4dE1PX1R0TWQ2SWVaLXZHQQ?oc=5,디일렉,,클라우드,2026-09-19T15:38:10.090473+09:00,False,False,live
ART-00551,market,"최태원, 엔비디아 '제조 AI 클라우드'에 ""전 세계 영향""",2025-11-01,"최태원, 엔비디아 '제조 AI 클라우드'에 ""전 세계 영향"" 연합인포맥스","최태원, 엔비디아 '제조 AI 클라우드'에 ""전 세계 영향"" 연합인포맥스",https://news.google.com/rss/articles/CBMicEFVX3lxTE8xMmRHNkltRGROTDdJSDRkdFIyQWlweHZmRWg0R0FkbnhsTDRMVVhQR1BnQXJiZ1Qzbl80LWIxakQ1dDRvS0hYT1QtN3VBWHBjTmhMY0M0STJuRS0zdDZWUGZQUV9Uc0dYSmZ2R0N6Yks?oc=5,연합인포맥스,,클라우드,2026-09-19T15:38:10.090473+09:00,False,False,live
ART-00552,market,"SK그룹, 엔비디아 블랙웰 기반 ‘제조 AI 클라우드’ 구축...국내 제조업 생태계, 인공지능 혁신으로 이끈다!",2025-10-31,"SK그룹, 엔비디아 블랙웰 기반 ‘제조 AI 클라우드’ 구축...국내 제조업 생태계, 인공지능 혁신으로 이끈다! 인공지능신문","SK그룹, 엔비디아 블랙웰 기반 ‘제조 AI 클라우드’ 구축...국내 제조업 생태계, 인공지능 혁신으로 이끈다! 인공지능신문",https://news.google.com/rss/articles/CBMiZ0FVX3lxTE5TUHM3blJiQkZjanVaaWx5YWlmdXRiSDJYR0UwdzJlX19OOFpveWR6elNadHBfR19Hd0EyandPdms0RjVueGhuWXVucENtb0MtXzRFRml2OElFSzVabjd4VmRxekNJakk?oc=5,인공지능신문,,클라우드,2026-09-19T15:38:10.090473+09:00,False,False,live
ART-00553,market,"네이버클라우드, 지멘스와 손잡았다...""제조 AX 경쟁력 강화""",2026-06-24,"네이버클라우드, 지멘스와 손잡았다...""제조 AX 경쟁력 강화"" pinpointnews.co.kr","네이버클라우드, 지멘스와 손잡았다...""제조 AX 경쟁력 강화"" pinpointnews.co.kr",https://news.google.com/rss/articles/CBMic0FVX3lxTE9nVWoySmdoelRwVW12a1p0MHhyR3owWmNKb2pFWlZPc0dVMWtIeERlU185d0pTSE1oTmZTWWtpb0ZDdk5JRzdieS02WGhZaVBjaFZUZFVPZnpuX1hBS0RzRFI2dmtMb0dtWUMza2o3aktzZkU?oc=5,pinpointnews.co.kr,,클라우드,2026-09-19T15:38:10.090473+09:00,False,False,live
ART-00554,market,SK-엔비디아 'AI 클라우드'로 제조업 생태계 혁신한다,2025-10-31,SK-엔비디아 'AI 클라우드'로 제조업 생태계 혁신한다 뉴스;트리,SK-엔비디아 'AI 클라우드'로 제조업 생태계 혁신한다 뉴스;트리,https://news.google.com/rss/articles/CBMiXEFVX3lxTE5PZjdpWmx1NGM3V0FzQjdXRk9iOHNFMlNVQ1poWDRPSW0zRnlyS0dYbmpiOGRacFUwRlhhQW1GWE9WLWpuODdSQTVZWHJIQUV3VGZPckVaWjJvdUF0?oc=5,뉴스;트리,,클라우드,2026-09-19T15:38:10.090473+09:00,False,False,live
ART-00555,market,"'韓에 7조 투자' 아마존 ""제조 데이터, 클라우드로 결합""",2025-11-17,"'韓에 7조 투자' 아마존 ""제조 데이터, 클라우드로 결합"" 한국경제","'韓에 7조 투자' 아마존 ""제조 데이터, 클라우드로 결합"" 한국경제",https://news.google.com/rss/articles/CBMiWkFVX3lxTFBfazRSM0czQkNNN3NrV2ZoSjA5a2x6YjhZSEpwMnljR2xCR09iZFJZaG5INDhZcEV3NXp5SUJuVnZzWjl3X203clBLbFBkd3I4cDNZWksyZ3ZNQQ?oc=5,한국경제,,클라우드,2026-09-19T15:38:10.090473+09:00,False,False,live
ART-00556,market,"미소정보기술, 정부 'M.AX 전문기업' 선정…제조 AI 사업 확대",2026-09-18,"미소정보기술, 정부 'M.AX 전문기업' 선정…제조 AI 사업 확대 v.daum.net","미소정보기술, 정부 'M.AX 전문기업' 선정…제조 AI 사업 확대 v.daum.net",https://news.google.com/rss/articles/CBMiRkFVX3lxTE5MVFVyajI5eDRWeXVTUzRvRTJma09fTzVFSGFKMENjNEs0WVdZb0F4ZTBTYnhnTkNZb0RQcEpha3FkV1doU2c?oc=5,v.daum.net,,제조 AX,2026-09-19T15:38:10.090473+09:00,False,False,live
ART-00557,market,"[제조업 AX] 중소 제조기업 AX, 보조금보다 먼저 던져야 할 세 가지 질문 - 생존의 골든타임 앞에서 CEO가 직접 챙겨야 할 제조 AI 전환의 조건",2026-09-15,"[제조업 AX] 중소 제조기업 AX, 보조금보다 먼저 던져야 할 세 가지 질문 - 생존의 골든타임 앞에서 CEO가 직접 챙겨야 할 제조 AI 전환의 조건 AI 매터스","[제조업 AX] 중소 제조기업 AX, 보조금보다 먼저 던져야 할 세 가지 질문 - 생존의 골든타임 앞에서 CEO가 직접 챙겨야 할 제조 AI 전환의 조건 AI 매터스",https://news.google.com/rss/articles/CBMiVEFVX3lxTE9odmI1dWZHYlEzclNTeFlSM28xZjlscHYtR0lvem9kM1p3MlhmUXdvTUpSX181U1lWS1pCalFpU3BuOHcwbGxyVkZHOFJNNmhSZDlpUg?oc=5,AI 매터스,,제조 AX,2026-09-19T15:38:10.090473+09:00,False,False,live
ART-00558,market,"불량 잡던 AI, 이젠 공장 전체 돌린다…산업부, 제조업 AX '전주기' 확장",2026-09-17,"불량 잡던 AI, 이젠 공장 전체 돌린다…산업부, 제조업 AX '전주기' 확장 포인트데일리","불량 잡던 AI, 이젠 공장 전체 돌린다…산업부, 제조업 AX '전주기' 확장 포인트데일리",https://news.google.com/rss/articles/CBMicEFVX3lxTFBfLUR1T09MMHZmVVpSUTFxLWd0ek9wam11b3YzR2g4RmMzckJsaTBXZU0xZWgyTE5JZVNTZTMtam1kMkVTN3RmSEFVUm1FakpLWDZraGQxRENybHp1UGFCdlZLamtiZUtZaEVBZjBOc2TSAXRBVV95cUxPczJQRENaLXpLdF9sS2hKTlYwUUtvQUNNalF0ZF83WkJ1c0xjSE02UDdOdE5jZVh2SGpnUWg4WktaOFJQUUVScHY5NUhBdlVnb0ZZYmR5QVUwMklBZWlQcGpuYV84ek1MczRILTF6SmJ5cllJMg?oc=5,포인트데일리,,제조 AX,2026-09-19T15:38:10.090473+09:00,False,False,live
ART-00559,market,"포항시, '2026년 스마트 제조 포럼' 성료…제조AX 등 글로벌 스마트 제조기술 동향 공유",2026-09-17,"포항시, '2026년 스마트 제조 포럼' 성료…제조AX 등 글로벌 스마트 제조기술 동향 공유 전자신문","포항시, '2026년 스마트 제조 포럼' 성료…제조AX 등 글로벌 스마트 제조기술 동향 공유 전자신문",https://news.google.com/rss/articles/CBMiTkFVX3lxTE94eXFHR3dKUlE4eXVyVWRGcXVSOHZQRkpGVHNmUHhBc0M1bFJzeUZHdU8tUE9hRHFiLUtQOFAwbGFFTFU0MEUwcXFSZ3VoQQ?oc=5,전자신문,,제조 AX,2026-09-19T15:38:10.090473+09:00,False,False,live
ART-00560,market,포항시 '피지컬 AI·로보틱스·제조 AX 산업 혁신'…스마트 제조 포럼,2026-09-17,포항시 '피지컬 AI·로보틱스·제조 AX 산업 혁신'…스마트 제조 포럼 뉴시스,포항시 '피지컬 AI·로보틱스·제조 AX 산업 혁신'…스마트 제조 포럼 뉴시스,https://news.google.com/rss/articles/CBMieEFVX3lxTE4yb2NLYmw1TnQzc1Rqd0YyWDBwYldMX1c1cXVqRURQX3pZXzNPaTF1bUtFWE9zVHJfSVlxQ3JldWpRT08tVlpsTE45TFpaR1VESzRvTWlhZXZMRkxKcmFtZjZ2Z0U1X2xBVjN1N3hfalZwamdDSGNpN9IBeEFVX3lxTE4yb2NLYmw1TnQzc1Rqd0YyWDBwYldMX1c1cXVqRURQX3pZXzNPaTF1bUtFWE9zVHJfSVlxQ3JldWpRT08tVlpsTE45TFpaR1VESzRvTWlhZXZMRkxKcmFtZjZ2Z0U1X2xBVjN1N3hfalZwamdDSGNpNw?oc=5,뉴시스,,제조 AX,2026-09-19T15:38:10.090473+09:00,False,False,live
ART-00561,market,"지역 제조업 AI 전환 본격화…정부, ‘M.AX’ 전국 확산 나선다",2026-09-11,"지역 제조업 AI 전환 본격화…정부, ‘M.AX’ 전국 확산 나선다 전기신문","지역 제조업 AI 전환 본격화…정부, ‘M.AX’ 전국 확산 나선다 전기신문",https://news.google.com/rss/articles/CBMibEFVX3lxTE8zZllhUzJKeVR5VkdLMnIzc2NYRnh5QVN4am5QeWFGUHZZTzJ2ZjB6aFowc1hrQktkZVB6Sl82aXo0dHVTVjlMNnhjUXM0ZXRZbVNiUDBFZW44OWpRYUN4UVFjZDNFZ05oNFhGYdIBcEFVX3lxTE9pams0d0ktamp5MUY1UVE5Wlk5Z25OV2M5c3YxaHdNc1hDWTQzaXlEM0NUQWNPa200Ty1QcURNNDZsV19OT1FzMWJLRWdXSmNRYU9iNERuWng0T1hPc3RiQTZTWDl0bjZxOWhhQl8zVko?oc=5,전기신문,,제조 AX,2026-09-19T15:38:10.090473+09:00,False,False,live
ART-00562,market,"제조업 메카 창원, 인공지능·방산·소형원전으로 성장판 넓힌다",2026-09-17,"제조업 메카 창원, 인공지능·방산·소형원전으로 성장판 넓힌다 한국경제","제조업 메카 창원, 인공지능·방산·소형원전으로 성장판 넓힌다 한국경제",https://news.google.com/rss/articles/CBMiWkFVX3lxTE1aTXlvU1c5Q2UzUEctNy1FR2ZPY3Fid0ZBTzdSYVp4QVZpc0hPb29zMzE1VXR1bWVjSlhHVUJNaXNCTlJRX2tfRmQzYkJzRU9YM3N1UFREV29ydw?oc=5,한국경제,,제조 AX,2026-09-19T15:38:10.090473+09:00,False,False,live
ART-00563,market,"애플 제조업 R&D 지원센터, 포항서 스마트 제조 미래 논의",2026-09-16,"애플 제조업 R&D 지원센터, 포항서 스마트 제조 미래 논의 프레시안","애플 제조업 R&D 지원센터, 포항서 스마트 제조 미래 논의 프레시안",https://news.google.com/rss/articles/CBMia0FVX3lxTFBST2xhcHFtX2x6eFBtWmlKS05ac1BRZ0hFM0ZmcTFJeDhzMEdjYjRIRE1SVUpvZ1Zqc3ZpUzhPTjRVcXRUWUpmQ1REd1ZlSVdpdXNZVDlldVFjcEgwS3BoQm9FTDFRdHZKck9Z?oc=5,프레시안,,제조 AX,2026-09-19T15:38:10.090473+09:00,False,False,live
ART-00564,market,"큐피에스브레인, 제조업 경영진을 위한 현장 중심 솔루션 북 ‘AX 피지컬 AI 도입 전략’ 출간",2026-09-18,"큐피에스브레인, 제조업 경영진을 위한 현장 중심 솔루션 북 ‘AX 피지컬 AI 도입 전략’ 출간 매일경제","큐피에스브레인, 제조업 경영진을 위한 현장 중심 솔루션 북 ‘AX 피지컬 AI 도입 전략’ 출간 매일경제",https://news.google.com/rss/articles/CBMiRkFVX3lxTE40R29iNGg3OEh4LUF0VUxkbFJJMTVaUUZYMWVLN3QxdV9xMG5UUWRDQnFwMzRHVkFzWDlFcVdrNlZIYTZxY0E?oc=5,매일경제,,제조 AX,2026-09-19T15:38:10.090473+09:00,False,False,live
ART-00565,market,"산업부, 지역 제조업 M.AX 지원…경남서 첫발",2026-09-11,"산업부, 지역 제조업 M.AX 지원…경남서 첫발 매일일보","산업부, 지역 제조업 M.AX 지원…경남서 첫발 매일일보",https://news.google.com/rss/articles/CBMiZEFVX3lxTE1RbWpxYzA5cU1XaDJFQXdGaGFSWjM1eXg1RzdVd2M1a2k3VHFGUFJFQ2JLc3pibmxlWmVTeXhHWjh0ZmR1dUhYQUNHTkxkeVFjbmVLRzRxSmhiOWdPSS1wdVp1eWPSAWhBVV95cUxNcGVBNk9uOTBMS3dVWDJpLXZZbExlaHdmRW5nNUMydmNZUjBYQ1pqRWFUczRQdnVXZEV0VEQwM2lBeVhHUkYzMFZROGhhUElWMjBDeExBWHp1THVRaDJmS2NrbjJfdXZNXw?oc=5,매일일보,,제조 AX,2026-09-19T15:38:10.090473+09:00,False,False,live
ART-00566,market,[제조 AX 현실화 ①] 제조업 AI 전환 “속도와 생태계가 관건”,2026-08-04,[제조 AX 현실화 ①] 제조업 AI 전환 “속도와 생태계가 관건” 산업일보,[제조 AX 현실화 ①] 제조업 AI 전환 “속도와 생태계가 관건” 산업일보,https://news.google.com/rss/articles/CBMiREFVX3lxTE84OGxHUDZnZWtiZlprQzVkNHh4NUJlUGd1dmdmeGY3bVJOQk5TMm9lSWcwUUNoQ3BmX2p4cmgyNXpoOXJN?oc=5,산업일보,,제조 AX,2026-09-19T15:38:10.090473+09:00,False,False,live
ART-00567,market,창원서 제조업 AI 대전환 본격화…M.AX 지역 확산 시동,2026-09-12,창원서 제조업 AI 대전환 본격화…M.AX 지역 확산 시동 v.daum.net,창원서 제조업 AI 대전환 본격화…M.AX 지역 확산 시동 v.daum.net,https://news.google.com/rss/articles/CBMiT0FVX3lxTE5HczRJRURoWTlaWGM2YzVtUVNaQTJQcHk0SGxUVnpaVWNrOWNhUFUzSnE5c0U5U3c3a1dfZURPLVlIMGpsXzRaaXJueG5qcjQ?oc=5,v.daum.net,,제조 AX,2026-09-19T15:38:10.090473+09:00,False,False,live
ART-00568,market,"경남도, 제조업 AI 대전환(M.AX)으로 국가 전략산업 혁신",2026-09-13,"경남도, 제조업 AI 대전환(M.AX)으로 국가 전략산업 혁신 뉴스프리존","경남도, 제조업 AI 대전환(M.AX)으로 국가 전략산업 혁신 뉴스프리존",https://news.google.com/rss/articles/CBMic0FVX3lxTE1mbkoxVHhac3FiSzBaVUltdE13dmVaczFSbWJSRDZNNUY4U3RpM05nUG5YNFpGbmEtRElSM3MxWjB0OW1LUkt6MVAzZDh6ZndCZ2NtYnN2ajJoQng1dERsNUtmSzE0ak42d2F0SVNYN0RodE3SAXdBVV95cUxPMnY4LXk3cnNNNzRXR2hzb0NTbHFxdEtmV3BJZjJmSWRwck8wV1BoX1NWampReHhjSVlpSGN1cmU3dTNKbE80ak1oT2pnVjItb0dfOVV1S3ZlR3R3MlYyQjFaZUhWM0tFYWc1TG1DNWtEckpTeGZrcw?oc=5,뉴스프리존,,제조 AX,2026-09-19T15:38:10.090473+09:00,False,False,live
ART-00569,market,"국립창원대 박민원 총장 “제조 AX, 개별 기업 넘어 산업단지로 확장해야”",2026-09-16,"국립창원대 박민원 총장 “제조 AX, 개별 기업 넘어 산업단지로 확장해야” 더쎈뉴스","국립창원대 박민원 총장 “제조 AX, 개별 기업 넘어 산업단지로 확장해야” 더쎈뉴스",https://news.google.com/rss/articles/CBMiaEFVX3lxTE9mZGdqai1oaERYNWpXdUhNUjRnMmFVeUhRVTJNTEFvTXVuZ1RBb0FUVngxUC1JdXRMQ2hFUXVxdUlFa3lQa1ZtVlA1SmZ5YmwxZmFtVks5WlNaV0c1YlpJdldOVi1OQUVY?oc=5,더쎈뉴스,,제조 AX,2026-09-19T15:38:10.090473+09:00,False,False,live
ART-00570,market,"최태원 ""울산을 AI 시티로""...제조AX부터 복지·교통·의료까지 확장",2026-09-13,"최태원 ""울산을 AI 시티로""...제조AX부터 복지·교통·의료까지 확장 뉴스투데이","최태원 ""울산을 AI 시티로""...제조AX부터 복지·교통·의료까지 확장 뉴스투데이",https://news.google.com/rss/articles/CBMiXkFVX3lxTE9OUGJiOWxwQlNRT29PanFFNTdtdjdBQUZGTWtYUjZVVzN0ZnNEczRKUXN1QVVZZXZXVVZEakhyTjg1ZDFxSmJHRjFrV0pNamdpVm5XdDJSVVVLWmtzc1E?oc=5,뉴스투데이,,제조 AX,2026-09-19T15:38:10.090473+09:00,False,False,live
ART-00571,market,"제조업 AI 대전환 지역으로...산업부, 경남 시작 ‘M.AX’ 확산",2026-09-11,"제조업 AI 대전환 지역으로...산업부, 경남 시작 ‘M.AX’ 확산 M이코노미뉴스","제조업 AI 대전환 지역으로...산업부, 경남 시작 ‘M.AX’ 확산 M이코노미뉴스",https://news.google.com/rss/articles/CBMiZ0FVX3lxTE1qcXhRWFRpU3hfTDZqRHRpaXpmVGtwT09FcnhkdzgyR21fSXExQlFFRWtoUmZLUkk0TlZIaHZvNGR3MFJJNTRXZmc4M1VITmxKR2ZOc05mZ21KZjhVaTlHVDJTQ09CUm8?oc=5,M이코노미뉴스,,제조 AX,2026-09-19T15:38:10.090473+09:00,False,False,live
ART-00572,market,"경남도, 제조업 AI 대전환 M.AX 지역 확산 본격화",2026-09-11,"경남도, 제조업 AI 대전환 M.AX 지역 확산 본격화 창원특례신문","경남도, 제조업 AI 대전환 M.AX 지역 확산 본격화 창원특례신문",https://news.google.com/rss/articles/CBMiZ0FVX3lxTFBQU2NQd2dOdnU1NFN6TnV6Z3d5cG9raHJXWlpxNHBHM1EzY1dWVTVLQ1Z3MXBtMWt4NldOVDRyM3RSdGt4TTNIUGkyTklNdEZMUlZsdXIxQldZd1VuNzlEOXByM0JSRnPSAWtBVV95cUxOTnh6TnpnNE5CMnZ0VWlXbzBPZXlaeW9aeURNTFZHN1ZqbXh5MG8tQjBGd3V0TklBT3pPR0QzYkVLR0pmNGM2XzJoU1RqUXZjaFhfYy0yd3JYRHFiU3ludmJoV2laVEdmdlBpRQ?oc=5,창원특례신문,,제조 AX,2026-09-19T15:38:10.090473+09:00,False,False,live
ART-00573,market,“AI·로봇 초기비용 부담…제조AX 단계적으로 해야”,2026-09-08,“AI·로봇 초기비용 부담…제조AX 단계적으로 해야” 국제신문,“AI·로봇 초기비용 부담…제조AX 단계적으로 해야” 국제신문,https://news.google.com/rss/articles/CBMijgFBVV95cUxNRjlZOHFWcjFxZFA0bm5OUEVMb2tqVFNieE1nbVVMNjhRMmM3cnNZYXNBeGxuYk5ISGJKQmJMRV9pNlYxQnE3eFdOV3dwblZCYmhza1MtcWVMRmFmeklJSlVUc0NISlIyS0ZiWHdoaHZBOFVDRFdzQ2RRaUJfMnNhNE5tSjhYWm5TSUFrYkZB?oc=5,국제신문,,제조 AX,2026-09-19T15:38:10.090473+09:00,False,False,live
ART-00574,market,"2026 울산포럼, 제조업 AX 실행전략 찾는다",2026-09-10,"2026 울산포럼, 제조업 AX 실행전략 찾는다 iusm.co.kr","2026 울산포럼, 제조업 AX 실행전략 찾는다 iusm.co.kr",https://news.google.com/rss/articles/CBMiakFVX3lxTE0xamJoQUQwdjRwZ2h6dTExSVFfWXBUenVvQ2JsYVU0aHgzUmN1b1NBZFQwRVhpblBFX2htWnJLWU5oNzgzdWtwRGpKMlJfbTFEMGRtQUw5LUo5bkNZamxqcTJoMFR4QlNzRVHSAW5BVV95cUxOWUhhM2s0amJyLWo2a3Q3dkd0b2lBd3ZsQ0ZfS2phTVVDUXFNX1hzVDVLZVF5SWhWeWtNLXJHOXRjYVdrWjR1TTlDRW9UdlFDdHV6SDFacllGV210aEl1T041Wkh0YnZHSjNSb0ZuZw?oc=5,iusm.co.kr,,제조 AX,2026-09-19T15:38:10.090473+09:00,False,False,live
ART-00575,market,“울산에 최고의 제조 데이터 있어…AX 먼저 나서야 주도권 장악”,2026-09-13,“울산에 최고의 제조 데이터 있어…AX 먼저 나서야 주도권 장악” 서울경제,“울산에 최고의 제조 데이터 있어…AX 먼저 나서야 주도권 장악” 서울경제,https://news.google.com/rss/articles/CBMiUkFVX3lxTE9qVWlJTlJqNjFXQkhvclpSWjh0bFpCbTRaWlp5WjJWbE1WdWZmdjdYUGRadktNemg0cS1iR19wamtKMHM3cS1MTW40NExXaGlRNHfSAVNBVV95cUxOZFg5eTZMM2FLWk1jVXdFMnlwemJGMnZnRDNtU2R0RWwySHBmd0R6V2FzME52ZDRTTF9mSFZSSGE4QTVTRE9PTnV2ZjlmUl9rMkxTQQ?oc=5,서울경제,,제조 AX,2026-09-19T15:38:10.090473+09:00,False,False,live
ART-00576,market,"[딜라이트닷넷 창간 ④] 로봇이 보고 AI가 판단한다…韓, 제조AX 전환 속도",2026-09-11,"[딜라이트닷넷 창간 ④] 로봇이 보고 AI가 판단한다…韓, 제조AX 전환 속도 디지털데일리","[딜라이트닷넷 창간 ④] 로봇이 보고 AI가 판단한다…韓, 제조AX 전환 속도 디지털데일리",https://news.google.com/rss/articles/CBMiZEFVX3lxTE5WLVJQUlRrdGZsU0FRa3BmQVJjS0dzYkJ0bnpqRzIxeXE0MkxWUzc2b2RMcHRieTlfdHhFZWthbmxjUEFjVkt6aExXeGp1bzNKcVFaRGc1M0tfSjBqX3VaVjdmY2U?oc=5,디지털데일리,,제조 AX,2026-09-19T15:38:10.090473+09:00,False,False,live
ART-00577,market,"시흥시, 제조업 AI 전환 나선다…한국공대 ‘제조 인공지능 전환(AX)’ 오픈랩 구축",2026-08-28,"시흥시, 제조업 AI 전환 나선다…한국공대 ‘제조 인공지능 전환(AX)’ 오픈랩 구축 경기일보","시흥시, 제조업 AI 전환 나선다…한국공대 ‘제조 인공지능 전환(AX)’ 오픈랩 구축 경기일보",https://news.google.com/rss/articles/CBMiW0FVX3lxTE53OVlCanNma1BZSGluQ2RUZklZUUtxak43X0wwdXB6NjNDanhJVFVkb2d4UVFGSnNNcEFGSU9TbnFUaEJVSlZqOVltWUt0YVVWYVdUVW85ZTc0SzA?oc=5,경기일보,,제조 AX,2026-09-19T15:38:10.090473+09:00,False,False,live
ART-00578,market,"""공장에 AI 심는다""…경기도, 제조업 AX 확산 나서",2026-09-01,"""공장에 AI 심는다""…경기도, 제조업 AX 확산 나서 한국경제","""공장에 AI 심는다""…경기도, 제조업 AX 확산 나서 한국경제",https://news.google.com/rss/articles/CBMiWkFVX3lxTE0xU1dGMUdXTnhBUFJ4eUNRdG1QNlNhT2JkUmpCenhGNHpCdE5zT05lTWdEMjhBbVVQNHQ2RkJuWjB6QUJBZTVyVVlRbElQMmUzWENxS2dkRndjZw?oc=5,한국경제,,제조 AX,2026-09-19T15:38:10.090473+09:00,False,False,live
ART-00579,market,‘산업단지 M.AX 혁신 서밋’ 14일 대구서 개막…제조 AI·수출 전략 한자리,2026-09-02,‘산업단지 M.AX 혁신 서밋’ 14일 대구서 개막…제조 AI·수출 전략 한자리 헬로티,‘산업단지 M.AX 혁신 서밋’ 14일 대구서 개막…제조 AI·수출 전략 한자리 헬로티,https://news.google.com/rss/articles/CBMiX0FVX3lxTE93dThjcnhqdXhuWGVFYWhua1c4bDlRUDJaUDJhWnhEUW8wbkVDRXEwNXpWNml4enRiY3JBNHpsT3Z4RTNHS2xTcTM5S3Y4SjFQbEhUNkpWVHQtQkMwN2pr?oc=5,헬로티,,제조 AX,2026-09-19T15:38:10.090473+09:00,False,False,live
ART-00580,market,"피지컬 AI가 바꿀 제조 현장은…애플 제조업 R&D 지원센터, 스마트 제조 포럼",2026-09-02,"피지컬 AI가 바꿀 제조 현장은…애플 제조업 R&D 지원센터, 스마트 제조 포럼 hidomin.com","피지컬 AI가 바꿀 제조 현장은…애플 제조업 R&D 지원센터, 스마트 제조 포럼 hidomin.com",https://news.google.com/rss/articles/CBMiakFVX3lxTE51d19Qbjh6VHhKZmdZVnZmVjJpaHZ0S2NwaXBTckhKMkNZVUlwVVdyczF4VmFqclhidzhBZlNUU3ZmNTNTeDVERDZmaUUtRnlYZ1UxUmpqeHFiemdyamJQaTJMay1TeXVHWEE?oc=5,hidomin.com,,제조 AX,2026-09-19T15:38:10.090473+09:00,False,False,live
ART-00581,market,"GPU 독점·인력 난 뚫는다…민주硏, 제조업 AX ‘레이더스’ 승부수",2026-09-10,"GPU 독점·인력 난 뚫는다…민주硏, 제조업 AX ‘레이더스’ 승부수 파이낸셜투데이","GPU 독점·인력 난 뚫는다…민주硏, 제조업 AX ‘레이더스’ 승부수 파이낸셜투데이",https://news.google.com/rss/articles/CBMia0FVX3lxTE9yUXNKdERRSmpFMWlpTEpKT0Y4VG5UVTAwNEFYREw3NGtkb3l0aExycTBPS0tiX2hSWFYtZ0hoQnkxLUQ5OVhDZDhBVUVoNGlfVGVHTnZlMHoxTHZwUkZCUkZtSmV2al9yVS0w0gFuQVVfeXFMTXVvNHNET2g5UjBzSHItUTdRZUFoNHkteENZUmtpTEZCbWJ3cGh1cDRtVTJqYk15Ynk1NEFOQkNqTVcwdGVSVHlWSVBqLXRQOEZpM1I0Sm9fUjZ3RUJMS20wZVplLXhhXzhYQmw4YlE?oc=5,파이낸셜투데이,,제조 AX,2026-09-19T15:38:10.090473+09:00,False,False,live
ART-00582,market,"경남도, 제조업 AI 대전환 ‘M.AX’ 지역 확산 본격화",2026-09-11,"경남도, 제조업 AI 대전환 ‘M.AX’ 지역 확산 본격화 뉴스타운","경남도, 제조업 AI 대전환 ‘M.AX’ 지역 확산 본격화 뉴스타운",https://news.google.com/rss/articles/CBMibkFVX3lxTE1kRTdwVUxDYVh3b1c5ay15U29ybENoeGVlUXNwOFJJS1g2SUVCc2J3d1lldUJuQWJBTjdzZVJtZVBaYV9ySXI1RXBPcC1wcVVjY2pvcHhFVnZPM0tpay1ZRW54UkpJczBva1J5UUhn?oc=5,뉴스타운,,제조 AX,2026-09-19T15:38:10.090473+09:00,False,False,live
ART-00583,market,﻿공장은 챗봇으로 움직이지 않는다… 중국 제조 AX의 진짜 순서 [박지민의 중국과 미래],2026-08-26,﻿공장은 챗봇으로 움직이지 않는다… 중국 제조 AX의 진짜 순서 [박지민의 중국과 미래] IT조선,﻿공장은 챗봇으로 움직이지 않는다… 중국 제조 AX의 진짜 순서 [박지민의 중국과 미래] IT조선,https://news.google.com/rss/articles/CBMicEFVX3lxTE5wUXNFMF9QQi02dVJ6MTRQTzQxM1lVZS0yaVZYMzlDb2R4a0dVV0FYT1AyQVhiVjlmU0VVVnlFaU1RWFhRTk5DRUtIS01MTGF4dy1teWxmWjlJNFJGb2hiS0hWOHUyX1RVQnMwem5lY1jSAXRBVV95cUxObmtucFMtdXRDY0xyYmEwcjJWSkc5dTNybmh3Y2otR0E3N2FqdFRkX0tPWkhjUzBvcDA5MzJoUzV3dllETGFqNVQwR2lKdFhpVEJZb3JlR3c0LW1nemNiOW5mQ3BXelpKd195QnhTV3Frd2tydg?oc=5,IT조선,,제조 AX,2026-09-19T15:38:10.090473+09:00,False,False,live
ART-00584,market,"경남도, M.AX로 국가 전략산업 제조혁신 본격 시동",2026-09-11,"경남도, M.AX로 국가 전략산업 제조혁신 본격 시동 시민행정신문","경남도, M.AX로 국가 전략산업 제조혁신 본격 시동 시민행정신문",https://news.google.com/rss/articles/CBMibkFVX3lxTE1xWUZTeW5paDc0ZGljU2ctdVdYMGwwRTZRb2dfbW9uSlhwbXJLV3FHS2dkejdCTXJjTkV4bllSRjU4MEJQVFNWeWVwMEJJMzBZcV85bEFDdHZHMGRRaVJFQmRTa0RocnQ5UE5xLVRB?oc=5,시민행정신문,,제조 AX,2026-09-19T15:38:10.090473+09:00,False,False,live
ART-00585,market,지역 제조기업 AI 전환 돕는다…M.AX 컨설팅·매칭 지원 - 머니투데이,2026-09-11,지역 제조기업 AI 전환 돕는다…M.AX 컨설팅·매칭 지원 - 머니투데이 mt.co.kr,지역 제조기업 AI 전환 돕는다…M.AX 컨설팅·매칭 지원 - 머니투데이 mt.co.kr,https://news.google.com/rss/articles/CBMia0FVX3lxTE4wWEZWMGhwZ1VKZzVvc1FiYjUtSlFJQldjWVMxMGpkVXROYUh6cS1qZngta0VYUjU0UC15MTNDelB5ZVdhZUdKeGNydkJ2dmFHWkF2Um80RVJMa3hsa2VGUTFpUVlkTGZ5RmJj0gFwQVVfeXFMTmg3NEpVbGV2QTZ2SjU4OEhoZGxQWXhWZ1BqNlBDeE4xTVpzUmN4aGJnQ2FpUjQxbmc4Y2ZMem9Rc0NwWnFmZ2hBeGtyWlpuUS1xcFJabjRndDVmc2FXMkRLWXB4RkI5TUE3Ymxac3RKZw?oc=5,mt.co.kr,,제조 AX,2026-09-19T15:38:10.090473+09:00,False,False,live
ART-00586,market,"SK, 울산 제조업에 AI 입힌다···‘피지컬 AI’로 산업 AX 가속",2026-09-06,"SK, 울산 제조업에 AI 입힌다···‘피지컬 AI’로 산업 AX 가속 서울파이낸스","SK, 울산 제조업에 AI 입힌다···‘피지컬 AI’로 산업 AX 가속 서울파이낸스",https://news.google.com/rss/articles/CBMiakFVX3lxTE96aGV5bEJzUWdSdmtST0ZyT2JnUk5zYUxpTHhzNVFmRWFCdndJQXcteFJLa2NSSjAzb0hOaWpUa3kxRUNVWUxqUjlRLXBjVzJVZEl2V3hDenJVWVcxMHowY0ZfQmxjZmt0Y1E?oc=5,서울파이낸스,,제조 AX,2026-09-19T15:38:10.090473+09:00,False,False,live
ART-00587,market,"SK, 울산상의와 맞손…제조업·일상 AX 확산 나선다",2026-09-06,"SK, 울산상의와 맞손…제조업·일상 AX 확산 나선다 매일일보","SK, 울산상의와 맞손…제조업·일상 AX 확산 나선다 매일일보",https://news.google.com/rss/articles/CBMiZEFVX3lxTE1HM2JNZEJoM0xhdUNyVHY1U28ySDBVR0U3X19fekNZTmhXMmlQNzBKbXFVSFVmMWpzYlgxSzRDWVVVX001ZnZBUEQ3dTFSTGM1ZUpNSkhGU2tpQjN5TFRZUTlUb3bSAWhBVV95cUxNUWNWN0dybnVDcDlVdFlkRnhYMEpRQ1RMZWdQTE9pRGVXYnh5UjB1am5vcmlxcmpMQXZHV0tSTWFtZ29XcHJsRjJPV002TTF2bUNTcF96OVpSeERRMWluaFZtMExPemg3SA?oc=5,매일일보,,제조 AX,2026-09-19T15:38:10.090473+09:00,False,False,live
ART-00588,market,“제조업 AI 대전환”…2030년 M.AX 최강국 ‘도약’,2026-08-05,“제조업 AI 대전환”…2030년 M.AX 최강국 ‘도약’ 경제타임스,“제조업 AI 대전환”…2030년 M.AX 최강국 ‘도약’ 경제타임스,https://news.google.com/rss/articles/CBMiWEFVX3lxTE9sVWNlcHB6b1ZYMFlEYkZxS19GWmxvYk0tcm1sNmVPMmtSeTdvWXB4SGo2R0ZNN18yVVdERnhibXNFNXNkWHo0ZG5xZUwtNFlRNW0wekFDeU8?oc=5,경제타임스,,제조 AX,2026-09-19T15:38:10.090473+09:00,False,False,live
ART-00589,market,"제조업 인공지능 전환, 2030년까지 20조 원 투입한다",2026-06-29,"제조업 인공지능 전환, 2030년까지 20조 원 투입한다 대한민국 정책브리핑","제조업 인공지능 전환, 2030년까지 20조 원 투입한다 대한민국 정책브리핑",https://news.google.com/rss/articles/CBMibEFVX3lxTFBzMlZpdEtaUkprbUo3YUp1S3ZGRks2Vzl2aFVsenI5eXpWLXhSNlZvZEJYZ1lZZG8zcG5WSFI0dGEzNFlLRkRJMTlwVld0cUFiSnFDZTVMWmtiXzZKN1RYcHFxOENJZVdmNUk5Wg?oc=5,대한민국 정책브리핑,,제조 AX,2026-09-19T15:38:10.090473+09:00,False,False,live
ART-00590,market,“제조업 AX부터 일상 속 AI까지”… ‘2026 울산포럼’ 11일 개최,2026-09-07,“제조업 AX부터 일상 속 AI까지”… ‘2026 울산포럼’ 11일 개최 매일산업뉴스,“제조업 AX부터 일상 속 AI까지”… ‘2026 울산포럼’ 11일 개최 매일산업뉴스,https://news.google.com/rss/articles/CBMiY0FVX3lxTE5xbHhjY0haeEh6RkZWb1dFemxHTU1tZkFlQlRpNFZkWUJ1TXlmVzJwWFVNaTNIV1FVcEN0VUVIZjE5SzZOV2hYZmRRNXdxS1pGeDAtSFN3ZlQ2dm15bF84UmM3aw?oc=5,매일산업뉴스,,제조 AX,2026-09-19T15:38:10.090473+09:00,False,False,live
ART-00591,market,"산업통상부, 제조업 AI 전국 확산…경남서 첫 M.AX 컨퍼런스 개최",2026-09-11,"산업통상부, 제조업 AI 전국 확산…경남서 첫 M.AX 컨퍼런스 개최 이지경제","산업통상부, 제조업 AI 전국 확산…경남서 첫 M.AX 컨퍼런스 개최 이지경제",https://news.google.com/rss/articles/CBMibkFVX3lxTE9QWHE1UW5MSjE2c1JXZnhZM1Awa1hUbUE5LTdtZGpGOGpLaDQ1SHJrTWl6bVVVckc5REtac29iSEZ4ZEhXVWUyYld1V3V3RVlWRzNOblBNTUNDTmRtNlUzSHJUZTRRZ2M1NVlGcFpR?oc=5,이지경제,,제조 AX,2026-09-19T15:38:10.090473+09:00,False,False,live
ART-00592,market,"SK·울산상의, 제조업 AX 해법 찾는다…울산포럼 11일 개최",2026-09-06,"SK·울산상의, 제조업 AX 해법 찾는다…울산포럼 11일 개최 브릿지경제","SK·울산상의, 제조업 AX 해법 찾는다…울산포럼 11일 개최 브릿지경제",https://news.google.com/rss/articles/CBMiWkFVX3lxTE0yV19UYmZmcmxyclZqNmI5TUxOdko3cTMxWk1NbWd6dmJ5T21UWlpaZ2NOTFZKRlgtOHVNVUpSUVV5Si1PbUJLV0tWRWYxZmhZWlJHMnFCUHpPQQ?oc=5,브릿지경제,,제조 AX,2026-09-19T15:38:10.090473+09:00,False,False,live
ART-00593,market,"인터엑스, 울산서 제조업 AI 전환 확산…'엔터프라이즈 AX' 공개",2026-08-31,"인터엑스, 울산서 제조업 AI 전환 확산…'엔터프라이즈 AX' 공개 v.daum.net","인터엑스, 울산서 제조업 AI 전환 확산…'엔터프라이즈 AX' 공개 v.daum.net",https://news.google.com/rss/articles/CBMiS0FVX3lxTE9CMkRyVUozLWdJYnJHM2p0ZV9RNWw3cml4ZGh2RklvMTAwYlFlVEpiTTZJV3VoR09uRmd3a0JEM0RJQ29IT3JDN2FGVQ?oc=5,v.daum.net,,제조 AX,2026-09-19T15:38:10.090473+09:00,False,False,live
ART-00594,market,"SK·울산상의, 제조업 AX·지역 AI 혁신 해법 모색",2026-09-06,"SK·울산상의, 제조업 AX·지역 AI 혁신 해법 모색 ulsanpress.net","SK·울산상의, 제조업 AX·지역 AI 혁신 해법 모색 ulsanpress.net",https://news.google.com/rss/articles/CBMibkFVX3lxTE1SeTk1RjJtcXo2a1d3bW1KNFBFLUN2TTgzX29vZ2hiYXpUSGtGWm5mcE5jR2tpTGxWWTdvT3BTV1ZxSDljMlhBUFR4VUpSaERVNWR1SnpKRDlYZWJ4NzF6dlBRS2w2UFpPa0ZQTmlR0gFyQVVfeXFMTTJqbVdTdTFsZVhrWHZVdmJNdEtyMUJLOWhaTXJWVk02MWVvUE5BZjlYMXBrYWFDMkhMdUJHb1Ntem5RQnBfc3FoTUwtbUcxc1lOZExWYmZVbDJqeEVCdTdFREVKR2xZN3hwYkh4RHBxSHNR?oc=5,ulsanpress.net,,제조 AX,2026-09-19T15:38:10.090473+09:00,False,False,live
ART-00595,market,"인터엑스, 울산서 제조업 AI 전환 확산…'엔터프라이즈 AX' 공개",2026-08-31,"인터엑스, 울산서 제조업 AI 전환 확산…'엔터프라이즈 AX' 공개 지디넷코리아","인터엑스, 울산서 제조업 AI 전환 확산…'엔터프라이즈 AX' 공개 지디넷코리아",https://news.google.com/rss/articles/CBMiVkFVX3lxTE1fTDU1SWtVNWtkbXI4VTdlVXNWVlNyVTY3YTRLaWFkR1dTVEtUOGUyU2c0bFpZZFdiZ1VkUzgyTVhNVzV2RlVMdHY0RUZYNmRTNzV5UGFn?oc=5,지디넷코리아,,제조 AX,2026-09-19T15:38:10.090473+09:00,False,False,live
ART-00596,market,"피지컬 AI가 바꿀 제조 현장은…애플 제조업 R&D 지원센터, 스마트 제조 포럼",2026-09-02,"피지컬 AI가 바꿀 제조 현장은…애플 제조업 R&D 지원센터, 스마트 제조 포럼 v.daum.net","피지컬 AI가 바꿀 제조 현장은…애플 제조업 R&D 지원센터, 스마트 제조 포럼 v.daum.net",https://news.google.com/rss/articles/CBMiS0FVX3lxTE93QUNNVEMtVUlPUnc1eHJwa3YwSDdmQXFWTjVZcUFhU184VGJfalNiWWU2ZEFFdXNFZDd6eFQwVHh2cF93aVZRbkJhTQ?oc=5,v.daum.net,,제조 AX,2026-09-19T15:38:10.090473+09:00,False,False,live
ART-00597,market,"경남도, M.AX로 국가 전략산업 제조혁신 본격 시동",2026-09-11,"경남도, M.AX로 국가 전략산업 제조혁신 본격 시동 경남열린신문","경남도, M.AX로 국가 전략산업 제조혁신 본격 시동 경남열린신문",https://news.google.com/rss/articles/CBMidEFVX3lxTE5wSHNJNm1wYnc1X00yaTFsNV9mb0NTNlpHN2x3UGEtYW5zY3dVVlRTLVlTZVVQaE1pXzZsYlpXb0g3OWd3MDVaU0p3RmEzcDh3LXdWekFLQ1FnRm1yZXdFNHRpWmZrdno3ZWhYUE1NVE9iQkp30gF0QVVfeXFMTnBIc0k2bXBidzVfTTJpMWw1X2ZvQ1M2Wkc3bHdQYS1hbnNjd1VWVFMtWVNlVVBoTWlfNmxiWldvSDc5Z3cwNVpTSndGYTNwOHctd1Z6QUtDUWdGbXJld0U0dGlaZmt2ejdlaFhQTU1UT2JCSnc?oc=5,경남열린신문,,제조 AX,2026-09-19T15:38:10.090473+09:00,False,False,live
ART-00598,market,"경남도, M.AX로 국가 전략산업 제조혁신 본격 시동:경찰연합신문",2026-09-11,"경남도, M.AX로 국가 전략산업 제조혁신 본격 시동:경찰연합신문 경찰연합신문","경남도, M.AX로 국가 전략산업 제조혁신 본격 시동:경찰연합신문 경찰연합신문",https://news.google.com/rss/articles/CBMiUEFVX3lxTE42OF9HeEQxQ3ZfRjJ0ZXhkMjlrUDBFUVhZa1htRFc4VnVuS19jRm15c25kNkFQTnNzOEk0aEVZZnktYl9NWld1VXRmQkpGR0RR0gFsQVVfeXFMTUQxdnc0ZkRycnh3YlBNMENZYmNLSDFuejU0LTBoRmJ0VEgyVWZlUXlpNHc2aVZBbnhwMnRTYnFSdXY4X1dqYUwwMWhOckFKQXBBYm9pSjd1aGdicmp1Y1QzYWZLbTdsVVpzOF9H?oc=5,경찰연합신문,,제조 AX,2026-09-19T15:38:10.090473+09:00,False,False,live
ART-00599,market,"한국표준협회, 부산·울산·경남 제조업 AX 지원…생성형 AI 기반 교육과정 운영",2026-09-04,"한국표준협회, 부산·울산·경남 제조업 AX 지원…생성형 AI 기반 교육과정 운영 한경매거진&북","한국표준협회, 부산·울산·경남 제조업 AX 지원…생성형 AI 기반 교육과정 운영 한경매거진&북",https://news.google.com/rss/articles/CBMibEFVX3lxTE0zYzFiRHlQOEpENHZ5T1RiUkdCWFByR1RjUy1OVElwSktQT2lQTVVOZ1k2SG5nS0tQQjhlSHJOS2xhWGgzUUVHMW94RmlZdGd2ZWhBMWVJQTktM1dhdXlSSWRrMnRyLUpSWk8yaA?oc=5,한경매거진&북,,제조 AX,2026-09-19T15:38:10.090473+09:00,False,False,live
ART-00600,market,"산업부, ‘M.AX 혁신’으로 제조업 AI 전환 가속…2030년까지 500개 AI팩토리 구축 목표",2026-08-04,"산업부, ‘M.AX 혁신’으로 제조업 AI 전환 가속…2030년까지 500개 AI팩토리 구축 목표 헬로티","산업부, ‘M.AX 혁신’으로 제조업 AI 전환 가속…2030년까지 500개 AI팩토리 구축 목표 헬로티",https://news.google.com/rss/articles/CBMiX0FVX3lxTE90MUVwakduU2RBaXlNOXVwSG93MEljRU5BQlVtQ3FRbkJ3cEQ3VjRoZGNSTFlaUlRCMy1TVVI1eU1EMTlqUjVNYzBGUEdaUWpMRTdnUFZxM3IyR0Y2eWFj?oc=5,헬로티,,제조 AX,2026-09-19T15:38:10.090473+09:00,False,False,live
ART-00601,market,"산업부, 2030년까지 AI팩토리 500개 구축... 제조업 ‘M.AX 대전환’ 본격화",2026-08-05,"산업부, 2030년까지 AI팩토리 500개 구축... 제조업 ‘M.AX 대전환’ 본격화 테크데일리","산업부, 2030년까지 AI팩토리 500개 구축... 제조업 ‘M.AX 대전환’ 본격화 테크데일리",https://news.google.com/rss/articles/CBMibkFVX3lxTFBvY1Q4WGozc0k5czVTN0g2aVRWTzc5N0M4S0RPUGxRZTVucGhycHp1R29UeFBJZ0pLVk1MazZkNmlOamtKVk9sM0VocllhNE83MDhubWJPa2xEdmdKMGxUX1RpREtNRnA2OF9GTWdB0gFyQVVfeXFMUDNNUXJVNmNvUjdtQ2xRNmpHNFZBc3dVOTF0b2xxY3l4cTB0NnlieVVSVkotY3dwdVQyUHc5Y05WZHdVY2tIcjlickRRUU1vZk5aOXlaMU95SFg4RVJ3d0x6UW9jUWRGNWxPOC1SV3JzTmt3?oc=5,테크데일리,,제조 AX,2026-09-19T15:38:10.090473+09:00,False,False,live
ART-00602,market,"SK·울산상의, 제조업 AX와 지역 AI 혁신 해법 찾는다",2026-09-06,"SK·울산상의, 제조업 AX와 지역 AI 혁신 해법 찾는다 파이낸셜뉴스","SK·울산상의, 제조업 AX와 지역 AI 혁신 해법 찾는다 파이낸셜뉴스",https://news.google.com/rss/articles/CBMiWkFVX3lxTE1BNlp0dGVsM0hkbnNwOHJTM19uM2E0NUFwb3BOaU9sSEZaTVE2THZoZmQxQTU2ZkN4Z0kwRGZtYlpXTzRPSWJZZVF2QldjVnpkZUNuQkM1RGFTQQ?oc=5,파이낸셜뉴스,,제조 AX,2026-09-19T15:38:10.090473+09:00,False,False,live
ART-00603,market,"스카이월드와이드, AI 플랫폼 ‘온토비아’ 앞세워 제조업 AX 공략",2026-09-07,"스카이월드와이드, AI 플랫폼 ‘온토비아’ 앞세워 제조업 AX 공략 paxetv.com","스카이월드와이드, AI 플랫폼 ‘온토비아’ 앞세워 제조업 AX 공략 paxetv.com",https://news.google.com/rss/articles/CBMiaEFVX3lxTE5rVUpUMTc3dHMyakdDXzRBNjNnRzUtWGJiSVZFVVhtZXh1N2NIbHJJTG4xRkxtTk1vR3Q3ZGY1VEFKaFNheVMxeUQ0Qlgta01zY2dEcXcxaUdxMWZkeUlUeFRCRXlTMlFX?oc=5,paxetv.com,,제조 AX,2026-09-19T15:38:10.090473+09:00,False,False,live
ART-00604,market,"경남도, M.AX로 국가 전략산업 제조혁신 본격 시동",2026-09-11,"경남도, M.AX로 국가 전략산업 제조혁신 본격 시동 글로컬저널","경남도, M.AX로 국가 전략산업 제조혁신 본격 시동 글로컬저널",https://news.google.com/rss/articles/CBMibEFVX3lxTE4tNE1uRnoxSl9nVzdydDZ2YXkyNFZwRU9iNzlreDM4cEtPd2VhQjhKYUY3SHdiZEdNdkNOaGZLcHBmajB1VGx2LTJtQmtKX1lvNnU0dVV6eU5sbW11a2RZaUdoM1Y0VTBqeUJsVtIBb0FVX3lxTE5lM2ZGZUtaTjV5RmRFdnBORHhpbjZiTklYcURCUnRTNVVDQngtYXBtejk5V0stNWYza01FdjBFejFOZ0M0cVF3d3lLTUNxQTdVc3pUNDIwUXZwbGtLUkJNTzJ2Ml9FeTRmUm4teTRHOA?oc=5,글로컬저널,,제조 AX,2026-09-19T15:38:10.090473+09:00,False,False,live
ART-00605,market,"SK·울산상의, 11일 ‘울산포럼 2026’⋯제조업 AX·생활 AI 해법 찾는다",2026-09-06,"SK·울산상의, 11일 ‘울산포럼 2026’⋯제조업 AX·생활 AI 해법 찾는다 autodaily.co.kr","SK·울산상의, 11일 ‘울산포럼 2026’⋯제조업 AX·생활 AI 해법 찾는다 autodaily.co.kr",https://news.google.com/rss/articles/CBMib0FVX3lxTE5SMWtxbXo5bnExV1lIUjV6dGQwT2o2MFJLQUdMWlhYa0pQVk5ULWdiZEZxU1B0YlE1eUpEMFcwandtQ0tsdE9TcExwOFFmOHIzT2VUcUxiT1EyUW9GZ3ZVYlRxb2k5Y2ZnaDZ5YjZnWQ?oc=5,autodaily.co.kr,,제조 AX,2026-09-19T15:38:10.090473+09:00,False,False,live
ART-00606,market,"경남도, M.AX로 국가 전략산업 제조혁신 본격 시동",2026-09-11,"경남도, M.AX로 국가 전략산업 제조혁신 본격 시동 경남뉴스통신","경남도, M.AX로 국가 전략산업 제조혁신 본격 시동 경남뉴스통신",https://news.google.com/rss/articles/CBMiZkFVX3lxTE9iSlkzVVN0XzF5dU1XMFA4Mi1MLVJrVEFxRURqZVEzQS15NUJUdnFlVVE1TFBadzlYR1p2b2gwQ2VFbDFaal94YUF2MF9WOE5ZT2NKR2Z1WVVlb3BYZVo2cVdWcFJHZ9IBaEFVX3lxTE9aczVEUlFPVlhaQnFLcGVUbmROMm43UHdGZUg4RUE1RXNmYzIwUXZ3a1NzdkNTNU9hZTVPOF94QzhoYkNEdjFyX2pyaFlMcmxZN0ZuMUpjN3FSb1FJbFJGUXRqR2d4ajZn?oc=5,경남뉴스통신,,제조 AX,2026-09-19T15:38:10.090473+09:00,False,False,live
ART-00607,market,"산업부, 제조업 AI 전환 전국 확산 시동-창원서 첫 M.AX 콘퍼런스",2026-09-11,"산업부, 제조업 AI 전환 전국 확산 시동-창원서 첫 M.AX 콘퍼런스 미디어파인","산업부, 제조업 AI 전환 전국 확산 시동-창원서 첫 M.AX 콘퍼런스 미디어파인",https://news.google.com/rss/articles/CBMibkFVX3lxTE9QbHI3VXplT044b2RwSDRpRm54UlRfZTFfbHpVZnlPbUVjNUF0akZ5QmZLV0llaDdFRUVEdy1iRlcybG14ei1OSUpsQmF1dDJJY0tjMFRnRjhmRC1RSHVhV3dUSWxaS3BUXzk1UVR3?oc=5,미디어파인,,제조 AX,2026-09-19T15:38:10.090473+09:00,False,False,live
ART-00608,market,"SK·울산상의, ‘2026 울산포럼’ 개최…제조업 AX·생활 AI 미래 논의",2026-09-06,"SK·울산상의, ‘2026 울산포럼’ 개최…제조업 AX·생활 AI 미래 논의 이투데이","SK·울산상의, ‘2026 울산포럼’ 개최…제조업 AX·생활 AI 미래 논의 이투데이",https://news.google.com/rss/articles/CBMiVEFVX3lxTFBVV2gtbFpQdWxaQzdpUkpfdnhVVHhDUXNWa1FvYjNWaU4tamlLZlp2RXJDVEM1M21tTjg5RHZER29NbV84SFBhejF3WDJfdVFhOG1wZg?oc=5,이투데이,,제조 AX,2026-09-19T15:38:10.090473+09:00,False,False,live
ART-00609,market,"인터엑스, 울산서 '엔터프라이즈 AX' 실증 확대…제조업 AI 전환 속도전 가세",2026-09-01,"인터엑스, 울산서 '엔터프라이즈 AX' 실증 확대…제조업 AI 전환 속도전 가세 한국데이터경제신문","인터엑스, 울산서 '엔터프라이즈 AX' 실증 확대…제조업 AI 전환 속도전 가세 한국데이터경제신문",https://news.google.com/rss/articles/CBMicEFVX3lxTFBzTHRIMzhFa3had1phUE1HVWE3dHBIT2c1VnJBVE1mT29PcmJPTDhZOG1zYUhZWHItWTlkZHRSV1lTTVdlTVhjSXdoVXpNMG43c2lFcHV5aERSS29ZZzVvQmdHZ2RlY0otRklra05kMlLSAXRBVV95cUxPckgzcEc3NnF2NkRteEFsMnBMNWM2MGhZamNaX2dyQlJzV0FxY2hqOTNScUhpN1F2b0Q4T3MyVWw5cWg4SVhESVJ3NUVGcWtkN0l1Wk5tdDkxanlSMXhyNzJuaW5YR05ZbHZMam9VaWQ1N3lrRw?oc=5,한국데이터경제신문,,제조 AX,2026-09-19T15:38:10.090473+09:00,False,False,live
ART-00610,market,"시흥시, 제조업 CEO 대상 산업단지 AX 실습교육 실시",2026-08-30,"시흥시, 제조업 CEO 대상 산업단지 AX 실습교육 실시 전자신문","시흥시, 제조업 CEO 대상 산업단지 AX 실습교육 실시 전자신문",https://news.google.com/rss/articles/CBMiTkFVX3lxTE1jcWNUbGVnNC1GS094MXBrVkp5UXdVODlQT25SRjJRcVZBVFVfWXhEOUJHbzVmSW5JQnFSeHdoWjZvajFtQVQwbDlLMjJnUQ?oc=5,전자신문,,제조 AX,2026-09-19T15:38:10.090473+09:00,False,False,live
ART-00611,market,"애플 제조업 R&D 지원센터, '스마트 제조 포럼' 개최…피지컬 AI·로보틱스 논의",2026-09-02,"애플 제조업 R&D 지원센터, '스마트 제조 포럼' 개최…피지컬 AI·로보틱스 논의 전자신문","애플 제조업 R&D 지원센터, '스마트 제조 포럼' 개최…피지컬 AI·로보틱스 논의 전자신문",https://news.google.com/rss/articles/CBMiTkFVX3lxTFA2bnJoUXZMWjQzWVVpdW5GbXJZVTY3T19VemlYelF3aEJreHNTakgwZnQtVTZueHRiaGRRNjQxcFRFQnV2dk1XczdmdVhsQQ?oc=5,전자신문,,제조 AX,2026-09-19T15:38:10.090473+09:00,False,False,live
ART-00612,market,휴머노이드부터 AI공장까지…제조업 바꾸는 M.AX 성과,2026-08-08,휴머노이드부터 AI공장까지…제조업 바꾸는 M.AX 성과 뉴시스,휴머노이드부터 AI공장까지…제조업 바꾸는 M.AX 성과 뉴시스,https://news.google.com/rss/articles/CBMiYEFVX3lxTE12dzl0M1AzNFIyUUZwek9tejF0MUZ3T2tvUTJVdUQyY3p4XzU1NVQtNVgzOVQ5aWFjb1BTMUJWYXhubGU4OFpoekN5dHVDZWJmUEQtZXlfMWh6RHljWUdtUdIBeEFVX3lxTE0xb2hEZUtZemRPY1JvQllmQVloWnlhcDZrcnZiNldjQ2dWTjVJY0JNdzRzSTZUYzRIb3VFSURWVXBwQ1REYk5ibWNPS21CbWNucURNajhfV1loLTJuOHRFVTNEQ1NveDlxVUZRRDVQajZZZDVBMkhvZA?oc=5,뉴시스,,제조 AX,2026-09-19T15:38:10.090473+09:00,False,False,live
ART-00613,market,"제조기업 92% ""공급망 AX 필수""…10곳 중 4곳, 협력사 지원",2026-08-12,"제조기업 92% ""공급망 AX 필수""…10곳 중 4곳, 협력사 지원 연합뉴스","제조기업 92% ""공급망 AX 필수""…10곳 중 4곳, 협력사 지원 연합뉴스",https://news.google.com/rss/articles/CBMiW0FVX3lxTE1MOE5xRUw2d2MxUUJKZkItSk9HYWhxMGJKaUxNeEpISGFRdFphbWxocDdfWXdiUm5Dd1NvbUZWRFEwbUNEQ2huMUpod2pDOEdvcFRoNDRxNVM1WGvSAWBBVV95cUxNajUxWEI5R3FucF9vbmNVR0lnTmVzNnE1MGZJSzFrWGdZV3RmSk4zWFdwS1hsRm1xOURTXy1KWkxySDRmT1V5VlZjeThmc2dPbEdBWkZqYzZ0bldLeGJBY1I?oc=5,연합뉴스,,제조 AX,2026-09-19T15:38:10.090473+09:00,False,False,live
ART-00614,market,"창원시, 제조AX 산학혁신파크 선정…AI 기반 제조업 혁신 전환",2026-07-31,"창원시, 제조AX 산학혁신파크 선정…AI 기반 제조업 혁신 전환 뉴스핌","창원시, 제조AX 산학혁신파크 선정…AI 기반 제조업 혁신 전환 뉴스핌",https://news.google.com/rss/articles/CBMiXEFVX3lxTE43dHROVzh4aTNfWkNoOWlaYURDM19xTksxU1hFandoNk92aUk1U1BvZ0NCMTFFR1NXQUR5c1I5bGhUMnJ4UnNzdnhUVW1heENQem05UjhFRHNlRjJj?oc=5,뉴스핌,,제조 AX,2026-09-19T15:38:10.090473+09:00,False,False,live
ART-00615,market,제조업은 AI 인재를 애타게 찾고 있다.(M.AX),2026-09-07,제조업은 AI 인재를 애타게 찾고 있다.(M.AX) 브런치,제조업은 AI 인재를 애타게 찾고 있다.(M.AX) 브런치,https://news.google.com/rss/articles/CBMiU0FVX3lxTE0zUnlvZk5UWHY1bWJJSzZ5LUxOTWhHOHE4X2htUlB1enVaeW40bWRuY2x2MUphLXZHZVBFcHBRUVpnOVhlYkhlbWlyUk5pT2VTbGpV?oc=5,브런치,,제조 AX,2026-09-19T15:38:10.090473+09:00,False,False,live
ART-00616,market,"시흥시, 제조업 AI 전환 기반 확대…한국공학대에 ‘AX 오픈랩’ 구축",2026-08-28,"시흥시, 제조업 AI 전환 기반 확대…한국공학대에 ‘AX 오픈랩’ 구축 신아일보","시흥시, 제조업 AI 전환 기반 확대…한국공학대에 ‘AX 오픈랩’ 구축 신아일보",https://news.google.com/rss/articles/CBMicEFVX3lxTE00dTh3Smx0aHNqeHBTZ2VoVjY2a00ta19WXzJldkFZTVBzd3BnOUlmd0NBN2doOVpsLWprZ1R0bUhxbVF0aVlDYUVMcUhOYXp2ZzU5T0NUVG9MNGRzaTJFeUxhdlFaUFFSZF9nMTl2Zlc?oc=5,신아일보,,제조 AX,2026-09-19T15:38:10.090473+09:00,False,False,live
ART-00617,market,"SK·울산상의, '울산포럼 2026'서 제조업 AX 대전환 및 지역 혁신 모색",2026-09-06,"SK·울산상의, '울산포럼 2026'서 제조업 AX 대전환 및 지역 혁신 모색 아시아에이","SK·울산상의, '울산포럼 2026'서 제조업 AX 대전환 및 지역 혁신 모색 아시아에이",https://news.google.com/rss/articles/CBMiakFVX3lxTE1KaEsyWF9yX3hBZjIwQkVsa05GWWU5MnEwZlNrbW44ODRHME5SdTBObEgzSGNqeFAtaTlnc2U0bDQxYXZ1UXR0djRsOXVDX2JlQjkwQkRnR09qc0l6TEhlcWI3dTYyT01ReGfSAW5BVV95cUxQQTRjc2ZuaVg0X0Ewb2JXOWdnaHF4UXQ0QkNNMjVlS2NCRHRhSTRKd3dlX2k4UWZ1cUpKUnZsNElXWm92OUw1SU9UQ3RMZmpoSzYzdGlEMXB1VUJtMFJWeVVFSFk4SmFGR0hLUFJVQQ?oc=5,아시아에이,,제조 AX,2026-09-19T15:38:10.090473+09:00,False,False,live
ART-00618,market,"SK·울산상의, 제조업 AX 해법 찾는다···‘2026 울산포럼’ 개최",2026-09-06,"SK·울산상의, 제조업 AX 해법 찾는다···‘2026 울산포럼’ 개최 이뉴스투데이","SK·울산상의, 제조업 AX 해법 찾는다···‘2026 울산포럼’ 개최 이뉴스투데이",https://news.google.com/rss/articles/CBMicEFVX3lxTFBhcWV2UU03bWhreHNDVDdiQUxPZVFzRDdfczg2UHlFNlFvd3Q5UlQ0Y05Kd3U3aGlTMjhaajZONGg4M1lQcFVkaXo3bGttY29DY2syZ1RuWlFlSFNsMm5ObFFoamZjdzM1RHFlUlI4bWvSAXRBVV95cUxQdjBGeVFzSFJFTUJfYXhEY1lmU19KMFZvM2txRW02MGxnWTNtYU4wSG53OWNfbW9sREFtZl9fb1U1Tm0tZmR1RzlqXzlOcGQxSlcxNlU3X3NXN09tTVFNcjdaSmNxTEE0OGFaRzlQRWl0aWFONQ?oc=5,이뉴스투데이,,제조 AX,2026-09-19T15:38:10.090473+09:00,False,False,live
ART-00619,market,"두산로보틱스, 산업부 M.AX 과제로 '제조 암묵지 획득' 추진...3분기 판가름",2026-09-02,"두산로보틱스, 산업부 M.AX 과제로 '제조 암묵지 획득' 추진...3분기 판가름 지디넷코리아","두산로보틱스, 산업부 M.AX 과제로 '제조 암묵지 획득' 추진...3분기 판가름 지디넷코리아",https://news.google.com/rss/articles/CBMiVkFVX3lxTFBtaXFHbXBPUTBWQ240N01fbXNuTkFLWkZkcjNDa0x6WVlLaDU3dWtQNmhlaTl0VnB6NFljeEEzUktOUGM1TVlKQ3lWS3NROEdDUlNfczJn?oc=5,지디넷코리아,,제조 AX,2026-09-19T15:38:10.090473+09:00,False,False,live
ART-00620,market,"AI 도입부터 실증까지…한국공학대, 반월·시화 제조업 AX 지원체계 구축",2026-08-27,"AI 도입부터 실증까지…한국공학대, 반월·시화 제조업 AX 지원체계 구축 미주중앙일보","AI 도입부터 실증까지…한국공학대, 반월·시화 제조업 AX 지원체계 구축 미주중앙일보",https://news.google.com/rss/articles/CBMiYkFVX3lxTE1QYmlGdUVvUzAxcjhqUUZleGhZOVJfU2F1eHZKZnlVUGlmZXdKVlZ3cldoZmlCelgzTjRkRHllNGlyNUJTclV6UnlaSnpZMGdid2E4N084RTNtODVQWVBjbjJR?oc=5,미주중앙일보,,제조 AX,2026-09-19T15:38:10.090473+09:00,False,False,live
ART-00621,market,"“피지컬 AI·로보틱스로 제조 혁신 이끈다”…애플 제조업 R&D 지원센터, 스마트 제조 포럼 개최",2026-09-02,"“피지컬 AI·로보틱스로 제조 혁신 이끈다”…애플 제조업 R&D 지원센터, 스마트 제조 포럼 개최 경북매일","“피지컬 AI·로보틱스로 제조 혁신 이끈다”…애플 제조업 R&D 지원센터, 스마트 제조 포럼 개최 경북매일",https://news.google.com/rss/articles/CBMiWkFVX3lxTE0waUJuNXR6N2hnZjIxR01WX1RYd3VpTzlWSWF1MlQ2RU1QakJuOFZFSmplQTRocDNvTENUVldqRngtRDNvZjhLSGNmTHBnaDBOeHVlckkwZDZKUQ?oc=5,경북매일,,제조 AX,2026-09-19T15:38:10.090473+09:00,False,False,live
ART-00622,market,"산업부, 메가프로젝트·제조 AI 전환 속도전",2026-08-05,"산업부, 메가프로젝트·제조 AI 전환 속도전 매일노동뉴스","산업부, 메가프로젝트·제조 AI 전환 속도전 매일노동뉴스",https://news.google.com/rss/articles/CBMicEFVX3lxTE9rd2JKYl9TRElfc004NjBjXzBYdWxvYklzUDFmcnpGOXhWbzh5UEJKdHJId0ZoWWpRanlOTG96TS1sOVZlWFVmdXZtcFVNRTVfN1lJdTVpQmJNSHBhUkJhUnMwZlRxOUFzYkQwR1RmNGg?oc=5,매일노동뉴스,,제조 AX,2026-09-19T15:38:10.090473+09:00,False,False,live
ART-00623,market,"한국공학대, 대한민국 제조업 AX 이끄는 핵심 연구거점 된다",2026-07-22,"한국공학대, 대한민국 제조업 AX 이끄는 핵심 연구거점 된다 한국대학신문","한국공학대, 대한민국 제조업 AX 이끄는 핵심 연구거점 된다 한국대학신문",https://news.google.com/rss/articles/CBMiZkFVX3lxTE1TMkVCMTVYQjJjRmc4dnl1ci1pckVCM1FwdFNUNGpIdkM0VzRWdXBxbHpkSXlkOXprc09xNU1EMHo5ZFlxSllpNEV5NGNKNy1Eb21xV3c4YnVWdVJZRFZaMnIwczYzUQ?oc=5,한국대학신문,,제조 AX,2026-09-19T15:38:10.090473+09:00,False,False,live
ART-00624,market,"[심층진단] 제조업 AX, 'AI'보다 먼저 필요한 것은 현장 데이터…광양에서 확인된 스마트제조의 현실과 과제",2026-07-29,"[심층진단] 제조업 AX, 'AI'보다 먼저 필요한 것은 현장 데이터…광양에서 확인된 스마트제조의 현실과 과제 뉴스밸류","[심층진단] 제조업 AX, 'AI'보다 먼저 필요한 것은 현장 데이터…광양에서 확인된 스마트제조의 현실과 과제 뉴스밸류",https://news.google.com/rss/articles/CBMiakFVX3lxTE5FenNjeU51cXNKc0pwM093Z0dES2hhRHY3NDE0ajJjU2hqVjZHTFYtYWVlRFBlOEF2d1RKejVZYzZ0QjZhNk01MEYwNUY2LUtSTjM2NzdJZGJvTGM0RTdkd0hPRUdJRDFNTVE?oc=5,뉴스밸류,,제조 AX,2026-09-19T15:38:10.090473+09:00,False,False,live
ART-00625,market,[3대 메가 프로젝트] 제조업 AI 대전환…100조 부가가치 창출,2026-08-05,[3대 메가 프로젝트] 제조업 AI 대전환…100조 부가가치 창출 yonhapmidas.com,[3대 메가 프로젝트] 제조업 AI 대전환…100조 부가가치 창출 yonhapmidas.com,https://news.google.com/rss/articles/CBMibkFVX3lxTFA0YkRQbW53UUxPN0NaTjJjTTVhTHc0WVlYN3ZFWmJEaVFDVXFTNlVBZzFDM1EzYzZONi1NeDFtWHdPRWlrN0IzSjJtdVJMbVF5bThJQ3EtaVN3eUpFSktmS29jX2F4eUxzeXF5eHFB?oc=5,yonhapmidas.com,,제조 AX,2026-09-19T15:38:10.090473+09:00,False,False,live
ART-00626,market,"“대기업은 AI 에이전트, 협력사는 엑셀”… 제조업 AX 양극화",2026-08-21,"“대기업은 AI 에이전트, 협력사는 엑셀”… 제조업 AX 양극화 산업일보","“대기업은 AI 에이전트, 협력사는 엑셀”… 제조업 AX 양극화 산업일보",https://news.google.com/rss/articles/CBMiREFVX3lxTFBrSlREem9kb0hXV25YNUJaU0sxNUticHdwcWFxRkZUdWYtbVJmVHhnQmpGTWIyTGtUNkM4S1pBN29Kdll2?oc=5,산업일보,,제조 AX,2026-09-19T15:38:10.090473+09:00,False,False,live
ART-00627,market,AI 도입 망설이던 대구·경북 제조업 ‘AX 전환’ 판 깐다,2026-08-23,AI 도입 망설이던 대구·경북 제조업 ‘AX 전환’ 판 깐다 hidomin.com,AI 도입 망설이던 대구·경북 제조업 ‘AX 전환’ 판 깐다 hidomin.com,https://news.google.com/rss/articles/CBMiakFVX3lxTE9iSWNZWno1akNrUzAxbWg4dXExU0JnLTBTTTlQcnNzVVQwNnp4M2pXLTRJV2VJdFZQRVZOV2FvMnJFdk1Cb0JTX1pIN25sY3NwMVQ2SF9YbXBDRUxzeUU1cTQtdUJoYmQ1d2c?oc=5,hidomin.com,,제조 AX,2026-09-19T15:38:10.090473+09:00,False,False,live
ART-00628,market,"""제조업에서 AI는 필수""...한경협, 제조기업·협력사 간 AX 현황 조사",2026-08-13,"""제조업에서 AI는 필수""...한경협, 제조기업·협력사 간 AX 현황 조사 서울파이낸스","""제조업에서 AI는 필수""...한경협, 제조기업·협력사 간 AX 현황 조사 서울파이낸스",https://news.google.com/rss/articles/CBMiakFVX3lxTE4zVkQzWVpwWC1TQzRNeGtEZ2J0TnMtZmNvTFFMSmwxNUJaeWlqR19vZmtjMG4zSldiN0RLN1k1U0FvNGpzdDJGQUZMMmwwVXdELXpkQ2RrbXRUSkgyeW16QVd2X3J1N0FQNHc?oc=5,서울파이낸스,,제조 AX,2026-09-19T15:38:10.090473+09:00,False,False,live
ART-00629,market,"""피지컬AI부터 AX까지""…애플 제조업 R&D 지원센터, 스마트 제조 포럼",2026-09-02,"""피지컬AI부터 AX까지""…애플 제조업 R&D 지원센터, 스마트 제조 포럼 edaily.co.kr","""피지컬AI부터 AX까지""…애플 제조업 R&D 지원센터, 스마트 제조 포럼 edaily.co.kr",https://news.google.com/rss/articles/CBMigAFBVV95cUxQNHF3T3JwZ2Y2YVlGSzdEY1o0ekVHWVpHcEp5Qkc0T1F1N2IyNXRYZ3A2UzZodkx1QVB0SzZnem1manBsX0YwdVliV0RobUpWT194M09XOHBjWXQ1RTR0OVAtNEszNER5bERFVU0yUDBCREpxNUJfYURqVHdBcnBqUg?oc=5,edaily.co.kr,,제조 AX,2026-09-19T15:38:10.090473+09:00,False,False,live
ART-00630,market,"이용필 KEIT 원장 ""제조AI전환과 미래 전략기술 혁신…제조업 새 도약 선도""",2026-08-11,"이용필 KEIT 원장 ""제조AI전환과 미래 전략기술 혁신…제조업 새 도약 선도"" 지디넷코리아","이용필 KEIT 원장 ""제조AI전환과 미래 전략기술 혁신…제조업 새 도약 선도"" 지디넷코리아",https://news.google.com/rss/articles/CBMiVkFVX3lxTFB0VV9aNnBTQkk0M2RmN1g1a2VUTmoySHhWN01iaXRQYm9tQ3N1RjlJSldTT0hTWTRYRjc3ZWJQUVBtVkxlNVFrUjMzU2REenQxSmxLbVdR?oc=5,지디넷코리아,,제조 AX,2026-09-19T15:38:10.090473+09:00,False,False,live
ART-00631,market,"[M.AX로 가는 길⑤(完)]""獨지멘스도 배우려한다""…장기 로드맵 만들고 생태계 키워야",2026-07-14,"[M.AX로 가는 길⑤(完)]""獨지멘스도 배우려한다""…장기 로드맵 만들고 생태계 키워야 v.daum.net","[M.AX로 가는 길⑤(完)]""獨지멘스도 배우려한다""…장기 로드맵 만들고 생태계 키워야 v.daum.net",https://news.google.com/rss/articles/CBMiT0FVX3lxTFBaRU9wZG1Pb1Jjd3EyQ19kREE2V1NuRGtnSTZrNllGaGRPZmZtbG5hczRtX0V4ZmUyWlBjSEREdk9kNTFCb0hqZ1Q1bkh2YVU?oc=5,v.daum.net,,제조 AX,2026-09-19T15:38:10.090473+09:00,False,False,live
ART-00632,market,"정부, ‘제조AI 2030 전략’ 공개…2030년까지 20조 투자·100조 부가가치 창출",2026-07-01,"정부, ‘제조AI 2030 전략’ 공개…2030년까지 20조 투자·100조 부가가치 창출 테크월드","정부, ‘제조AI 2030 전략’ 공개…2030년까지 20조 투자·100조 부가가치 창출 테크월드",https://news.google.com/rss/articles/CBMiaEFVX3lxTE41d1laRW04U2xkSDg5SmZjcm5BTU02c3k1Y2VxZGhqam9rQUdlV2RFdWtNczQ0bm55Q1JBQWhoT3I0Zl9Ec0VRQjU3LTdkeFU5OHV1VkVoSTdHY0ZkT2lFb0RlMDJmcmJO?oc=5,테크월드,,제조 AX,2026-09-19T15:38:10.090473+09:00,False,False,live
ART-00633,market,윤병동 “제조업 갈림길…AI 네이티브팩토리 전환·AX 격차 해소 절실”,2026-07-27,윤병동 “제조업 갈림길…AI 네이티브팩토리 전환·AX 격차 해소 절실” 서울경제,윤병동 “제조업 갈림길…AI 네이티브팩토리 전환·AX 격차 해소 절실” 서울경제,https://news.google.com/rss/articles/CBMiUkFVX3lxTE4wV3hPVldnN2ZFSU9NcktuWXV2Zll3SUFNaUtleHB1ck82cGo1azVhdEttVW0ta1hBSkxoc2QzZG1qZkw5LXVmNXpiMmpsUTU5NlHSAVNBVV95cUxQaWtDcmNORkFGM1hSb3loQ3BDdDVSa0VReFBEcDJ0S2J5T3I1MExLLS0yY3VpeFJ1SWh5bXBSYlppSW5KbHl6bkMxdlNTZjBVN19XWQ?oc=5,서울경제,,제조 AX,2026-09-19T15:38:10.090473+09:00,False,False,live
ART-00634,market,"애플 제조업 R&D 지원센터, 스마트 제조 포럼 개최",2026-09-02,"애플 제조업 R&D 지원센터, 스마트 제조 포럼 개최 techsuda.com","애플 제조업 R&D 지원센터, 스마트 제조 포럼 개최 techsuda.com",https://news.google.com/rss/articles/CBMiqAFBVV95cUxPUVpCZ0pNaWxMU2NSVkkxZzhic1EzOHFlR1hzLW5uXzU0ZGtESDFlY3VsQ0V6Y2w3OHZjSXNMbHdNeUxiUXlaZXRGU2E5SWE0emJfaTdHZE5qT1NqeGQtc2IxSGwza0ZPX0oyZ3NwcUJsb1JKa3RmSDJocGo5ZllXeDFrWTBJNHBDT0RENnJ6WUZveWNYUDkwVjFNRVJFSXhJd2xYS050aWrSAa4BQVVfeXFMTU5CQTJSVWZ1WFdDeTNXWTJPRllISVdWTVN0bnFNWFpUenVRQXprVlBrV0Z3MEw5S2VucDlkVlVQWDRxckZBTzBWWEZ2ZHFvTEhKQUhsUW82cnVQMl8tUVBFV0JDSV9kcnUwTlhnY3B0UzdlOWVaaWpRbXFHRlZJTkNZT2ZuUS1tcGJuZ01UNzhMa1VDckd0VFBZTWFEOXF6a1pyWUdTRGJaRS1ZUzVR?oc=5,techsuda.com,,제조 AX,2026-09-19T15:38:10.090473+09:00,False,False,live
ART-00635,market,"[사설] M.AX 1년, 성과에 더 집중해야",2026-08-18,"[사설] M.AX 1년, 성과에 더 집중해야 전자신문","[사설] M.AX 1년, 성과에 더 집중해야 전자신문",https://news.google.com/rss/articles/CBMiTkFVX3lxTFAxZWFkZlJIUWlzZ3VlQ0tpZGlUVVVCX25aYVpzaDNMUUVGX2QzZkpWckliU1ZCM2NFRHI1RHJ6ZWxSYkdlTmNwVjluQTJiUQ?oc=5,전자신문,,제조 AX,2026-09-19T15:38:10.090473+09:00,False,False,live
ART-00636,market,"제조업 수도에 부는 'AI 바람'… SK·울산상의, 11일 '울산포럼 2026' 개최",2026-09-06,"제조업 수도에 부는 'AI 바람'… SK·울산상의, 11일 '울산포럼 2026' 개최 financialpost.co.kr","제조업 수도에 부는 'AI 바람'… SK·울산상의, 11일 '울산포럼 2026' 개최 financialpost.co.kr",https://news.google.com/rss/articles/CBMidEFVX3lxTE5fYjF1VGxiNkVmbTRnYy0xNnBpb05uX3Y4M09wWUlGbXJTeFE0cDZ0UUp5Q19fLVFSUkNhcDQ5NXFuQ3FMdmk2emo1dzB0bTktR3pMNzBqYnhNalRJUmthaFpVOURUMFVRTEM0eF9FSmNTaWZP?oc=5,financialpost.co.kr,,제조 AX,2026-09-19T15:38:10.090473+09:00,False,False,live
ART-00637,market,"산업부, 제조업 AI 대전환(M.AX) 현장에서 성과로 답하다",2026-08-04,"산업부, 제조업 AI 대전환(M.AX) 현장에서 성과로 답하다 경기종합뉴스","산업부, 제조업 AI 대전환(M.AX) 현장에서 성과로 답하다 경기종합뉴스",https://news.google.com/rss/articles/CBMidEFVX3lxTE03RGNGQUd5Q01Lanp1eENORWFyT1p0cWxGWnMyalhUN3ZCNGRfVGJtY3hRb3dFdnVRa2lrMVc4Rlp3ejRVLXctaV9vTXJta1VYUUEySnVSUHI3WTBlc1B0cnZldk5ST05qSmVycXpya0tybWhy?oc=5,경기종합뉴스,,제조 AX,2026-09-19T15:38:10.090473+09:00,False,False,live
ART-00638,market,"현장 노하우를 AI에 내재화… A&M, 제조업 AX 혁신 서비스 나서",2026-08-26,"현장 노하우를 AI에 내재화… A&M, 제조업 AX 혁신 서비스 나서 매일타임즈","현장 노하우를 AI에 내재화… A&M, 제조업 AX 혁신 서비스 나서 매일타임즈",https://news.google.com/rss/articles/CBMiXkFVX3lxTFA0QVB3U2JjSVE3SmxkR3JFT05ZcnhZZmZJTGNvR2h5QkNMYjdma0xBdG9KRDl4bjBLbW94d2pFbnk3OFVqYVBqVVZodkJORmI4VTNvb3EwbHdIUTVLYVE?oc=5,매일타임즈,,제조 AX,2026-09-19T15:38:10.090473+09:00,False,False,live
ART-00639,market,경남 제조업에 로봇·AI 결합…제조AX 확산 나선다,2026-08-25,경남 제조업에 로봇·AI 결합…제조AX 확산 나선다 네이트,경남 제조업에 로봇·AI 결합…제조AX 확산 나선다 네이트,https://news.google.com/rss/articles/CBMiU0FVX3lxTE5vUmJEdUp6eDByRDVBWXBHTHc1ZlNJR1FDN2EtY1UyN0cwcmNXd1VNVGZBSXVGMmxpcjFFbHBIbDdpMjJJcHFOcktyZWl5RURjM1Bj?oc=5,네이트,,제조 AX,2026-09-19T15:38:10.090473+09:00,False,False,live
ART-00640,market,"산업부, 제조업 AI 전환 M.AX 성과 공개… 생산성 30%↑ 불량률 15%로 개선",2026-08-04,"산업부, 제조업 AI 전환 M.AX 성과 공개… 생산성 30%↑ 불량률 15%로 개선 인더스트리뉴스","산업부, 제조업 AI 전환 M.AX 성과 공개… 생산성 30%↑ 불량률 15%로 개선 인더스트리뉴스",https://news.google.com/rss/articles/CBMickFVX3lxTE9GZlZGcWsxcUFkSERfckd5dWxCUHFnblZZYWtUcHA3RllCNHBmVEFtQ2hsWjVsMnBjb2JHX3N6R05McmZ3eTd1Vl8yU1VBd3Exd09fbFJtWnJ2NTZSQTJvbnl0LUw5aGk5dTRoaElMWEJWUQ?oc=5,인더스트리뉴스,,제조 AX,2026-09-19T15:38:10.090473+09:00,False,False,live
ART-00641,market,"SK·울산상의, 제조업 AX 해법 찾는다…울산포럼 11일 개최",2026-09-06,"SK·울산상의, 제조업 AX 해법 찾는다…울산포럼 11일 개최 네이트","SK·울산상의, 제조업 AX 해법 찾는다…울산포럼 11일 개최 네이트",https://news.google.com/rss/articles/CBMiU0FVX3lxTFA0eUNvenVLRW1jM19JVUhGMUpsdFMyZW5SNlNJRzVrbHg2RjY3RXFRX2NYa19CQXJnWFQyUGJPZ0dYb0IwV1pWMk1oVVc2UDN1cEpN?oc=5,네이트,,제조 AX,2026-09-19T15:38:10.090473+09:00,False,False,live
ART-00642,market,"산단공, 제조업 AI 대전환 이끌 ‘M.AX 표준·인증센터’ 공식 출범",2026-08-24,"산단공, 제조업 AI 대전환 이끌 ‘M.AX 표준·인증센터’ 공식 출범 지디넷코리아","산단공, 제조업 AI 대전환 이끌 ‘M.AX 표준·인증센터’ 공식 출범 지디넷코리아",https://news.google.com/rss/articles/CBMiVkFVX3lxTE1JRTljX19uT00zZnA0aWtiLURRUTFoaUY4M1NpcXdzbnBOamFmdlhuZE5mQU9oU0ZLd05BcXd5dkFRZGJHM0JkWXBCVHdJb1VxRnJ4U1FB?oc=5,지디넷코리아,,제조 AX,2026-09-19T15:38:10.090473+09:00,False,False,live
ART-00643,market,[M.AX 1년]'감(感)' 대신 'AI'…자율제조로 돌파구 찾은 K-제조업,2026-08-18,[M.AX 1년]'감(感)' 대신 'AI'…자율제조로 돌파구 찾은 K-제조업 전자신문,[M.AX 1년]'감(感)' 대신 'AI'…자율제조로 돌파구 찾은 K-제조업 전자신문,https://news.google.com/rss/articles/CBMiTkFVX3lxTE1Bc0JBc3B2d01EZnJodFQzYmhrX1Y1U3dOYTgtbVFwc0dubkRLcGY0VGFfTGZ4dGx0UTNCWEpOdEdCSnBiWlZxLUVpS2dCUQ?oc=5,전자신문,,제조 AX,2026-09-19T15:38:10.090473+09:00,False,False,live
ART-00644,market,"한국공학대, ‘제조AX 특화대학’ 선포…""반월·시화산단 AI 전환 선도""",2026-08-28,"한국공학대, ‘제조AX 특화대학’ 선포…""반월·시화산단 AI 전환 선도"" 뉴시스","한국공학대, ‘제조AX 특화대학’ 선포…""반월·시화산단 AI 전환 선도"" 뉴시스",https://news.google.com/rss/articles/CBMiYEFVX3lxTFBvV1FhWnUzMWRuVkhtN1dKd3NhYWIydnR2djdFT1RjZlNEeDVvT3k1Rk1tRmhoU1VXcUlXbk1lTDBXQnRQOGtMT1BoQ0NJSk83VklBV0hteHlRMkxUNlZqaNIBeEFVX3lxTE1tOFVCT0xjNzU4OUtESDFXU2VkSnZFNlRNX21ZRXFBYzhBcUpGelhfdW1ualZOU1Q4VTNWM3VjQWR2NmQxaUQ5cEZUc1I4Zno2d1A3VVVBa3o1Z2hJdGl5aEw0R1dWbGVpbEZTME9vRXF3UnRzdGJCXw?oc=5,뉴시스,,제조 AX,2026-09-19T15:38:10.090473+09:00,False,False,live
ART-00645,market,"[인더스트리 솔루션 인사이트] 제조 AX, 공장이 스스로 보고 듣고 판단하기 시작했다",2026-07-22,"[인더스트리 솔루션 인사이트] 제조 AX, 공장이 스스로 보고 듣고 판단하기 시작했다 헬로티","[인더스트리 솔루션 인사이트] 제조 AX, 공장이 스스로 보고 듣고 판단하기 시작했다 헬로티",https://news.google.com/rss/articles/CBMiX0FVX3lxTE0zb1FjNVhScno4bkk2b3liN0dadldra3VHX0F5anZJQ0FKR0RrZ2dwMnFzQ1VvUklTemJOaFZ2dm1WcGx2X2F5WjdPcHRrVG1nNG11ZzlBMHVnQS1HanJr?oc=5,헬로티,,제조 AX,2026-09-19T15:38:10.090473+09:00,False,False,live
ART-00646,market,"현장 노하우를 AI에 내재화… A&M, 제조업 AX 혁신 서비스 나서",2026-08-26,"현장 노하우를 AI에 내재화… A&M, 제조업 AX 혁신 서비스 나서 경기시사투데이","현장 노하우를 AI에 내재화… A&M, 제조업 AX 혁신 서비스 나서 경기시사투데이",https://news.google.com/rss/articles/CBMiXkFVX3lxTE8xSEQ4WUk1Q05iQjdNdk94SmN6NGZfNUlpaEJIOHg0aVNvbDJqMGxlNGFiOTJmckdoT3dJRXNxeHBzMWJCSlVrNGwxWk5zR0p3WjFQN2ktU0pqWUF4NlE?oc=5,경기시사투데이,,제조 AX,2026-09-19T15:38:10.090473+09:00,False,False,live
ART-00647,market,부산 제조업 이끌 ‘앵커기업’ 13곳으로 확대…AI·AX 전환도 지원,2026-08-24,부산 제조업 이끌 ‘앵커기업’ 13곳으로 확대…AI·AX 전환도 지원 서울경제,부산 제조업 이끌 ‘앵커기업’ 13곳으로 확대…AI·AX 전환도 지원 서울경제,https://news.google.com/rss/articles/CBMiUkFVX3lxTE0yQlZadGs0LTI0b2dUZWhSV3dYZnQ4R1ZjVTE4N2tqRWsySDBPTGVPamJacVFadVU1YVBhZHI3c3BVdE9EYnRTRTU0U1ItTGNmM1HSAVNBVV95cUxQRExQUGotRGVITVJpeHJiSTF4OW8xUUdEWlM5NlhLUkFfMGw1c2hvZW9DaVJTUldQNUo2aU5QRlZGYjVDb2dpNFJMTkQxaVlGVXRuMA?oc=5,서울경제,,제조 AX,2026-09-19T15:38:10.090473+09:00,False,False,live
ART-00648,market,"반월·시화, 중소 제조업 AI 전환 실험장으로…‘M.AX’ 확산 본격화",2026-07-20,"반월·시화, 중소 제조업 AI 전환 실험장으로…‘M.AX’ 확산 본격화 에너지신문","반월·시화, 중소 제조업 AI 전환 실험장으로…‘M.AX’ 확산 본격화 에너지신문",https://news.google.com/rss/articles/CBMickFVX3lxTE90THF4WjIwZDFidWNnaFNCVmNQSDBnMUNVaTdOdm5ybU5oV2hKdGpQcXNWSm0xOFBTQzV0SHVlY0RxbjFjX0xST050T3kzQ2VRamx2YV9COFZ0SFNJZHh3d01qN25sdHpFNXE2MFR4THhuQQ?oc=5,에너지신문,,제조 AX,2026-09-19T15:38:10.090473+09:00,False,False,live
ART-00649,market,"제조업 AI 전환 본격화… 경남도, 기업 경쟁력 높인다",2026-07-22,"제조업 AI 전환 본격화… 경남도, 기업 경쟁력 높인다 paxetv.com","제조업 AI 전환 본격화… 경남도, 기업 경쟁력 높인다 paxetv.com",https://news.google.com/rss/articles/CBMiZ0FVX3lxTFBPbUtQRFQzTngzS3phT1pvWGpMSVBVTVZCRjluZTRrS2RFN2l1QlNNeWh0Z2x1TzZoS2wyZ0JzeWwyVjNnU2NYZDhIN1FjeENCY2QyVHFFdmNyQXBxM21zVFFFR3h1c1U?oc=5,paxetv.com,,제조 AX,2026-09-19T15:38:10.090473+09:00,False,False,live
ART-00650,market,국회서 제조 AI 현장 확산 해법 모색…'AX 양극화' 해소도 논의,2026-07-23,국회서 제조 AI 현장 확산 해법 모색…'AX 양극화' 해소도 논의 스트레이트뉴스,국회서 제조 AI 현장 확산 해법 모색…'AX 양극화' 해소도 논의 스트레이트뉴스,https://news.google.com/rss/articles/CBMic0FVX3lxTE1PRDVIcFNlWjl1czdNeE5sdXBJd2xfbFlMczhDOExoUEVCbXRtZTJ6WXQ2UVo0VnVmclplV3dlUWpMc1pHWnUwTUhjQTk4c0dVMGRnQkFHMnVEYTA3YVpLLTBwQTRNN2RFVGVFRjNOVHNWZW_SAXdBVV95cUxNeHZ3UkpFTFhkRnJuZEtxNW5LS19CSndhU182ODJQZ0VkVzJlemZjNmkzazEwSFdxYW5qeHUxXzVESnlYUHVGTm5ieFcyMlY5bTJKNjFCR1BITEg1TmtoYjZmWnZmeTViSlR1MDhBbG5RRExSTjExWQ?oc=5,스트레이트뉴스,,제조 AX,2026-09-19T15:38:10.090473+09:00,False,False,live
ART-00651,market,"마키나락스, 한화시스템과 제조 AX 사업 확장 협력",2026-07-28,"마키나락스, 한화시스템과 제조 AX 사업 확장 협력 전자신문","마키나락스, 한화시스템과 제조 AX 사업 확장 협력 전자신문",https://news.google.com/rss/articles/CBMiTkFVX3lxTFBaZm5pZTFoczNsNUtFRURkUUlWeE9iVWxyQlNuckYxY1dvX0gxTXlzcXBLa3pBa0xXWVRPM3dqekVyVE95ZEdKaGpUeUNzUQ?oc=5,전자신문,,제조 AX,2026-09-19T15:38:10.090473+09:00,False,False,live
ART-00652,policy,적법한 규정과 절차에 따라 창업 지원사업을 운영하고 있습니다.,2026-09-15,적법한 규정과 절차에 따라 창업 지원사업을 운영하고 있습니다. 대한민국 정책브리핑,적법한 규정과 절차에 따라 창업 지원사업을 운영하고 있습니다. 대한민국 정책브리핑,https://news.google.com/rss/articles/CBMib0FVX3lxTFBlcWdDOVRIbzl4VnBET0M4SmpyZlR0X0ZaTGFSdzVNaHdOQ0FjaFlsS3g5UXJwa3JFbkd6cTRiMGRBM0JkY1BzMzZpbkRYOWF3ZXFQSFNaQ0hvdHFFdXBRb1JTMG9yemc3V3NGUmt0SQ?oc=5,대한민국 정책브리핑,,창업지원,2026-09-19T15:38:10.090473+09:00,False,False,live
ART-00653,policy,"경과원, 청년 창업 아이디어 사업화 지원 확대",2026-09-19,"경과원, 청년 창업 아이디어 사업화 지원 확대 디스커버리뉴스(DISCOVERYNEWS)","경과원, 청년 창업 아이디어 사업화 지원 확대 디스커버리뉴스(DISCOVERYNEWS)",https://news.google.com/rss/articles/CBMickFVX3lxTFBuWjJmejQtTmY3MFlqV1g1OTBFRHZMY3NHejNGeXZqSGxnS1RxQm0tQm5GUU41MERWRllZdkN4TXJDejE3dVRxa0xmQXhrdVh2ZW0zUjB6TS1JUVhCcElidTZzQWRUa1d4UkNSZ0ZWSEtYQQ?oc=5,디스커버리뉴스(DISCOVERYNEWS),,창업지원,2026-09-19T15:38:10.090473+09:00,False,False,live
ART-00654,policy,"KB금융, ‘착한푸드트럭’으로 청년 창업 지원 확대",2026-09-18,"KB금융, ‘착한푸드트럭’으로 청년 창업 지원 확대 조세일보","KB금융, ‘착한푸드트럭’으로 청년 창업 지원 확대 조세일보",https://news.google.com/rss/articles/CBMidEFVX3lxTE5RUEE5R0t2Vjk2aUJHanBtcWpVRlJNd2h0dGlyRER0VVlXcDVyRUo0eVRXUVpLMHFhTWxDODBleFNKVDJ4SXFGYUlTQ3Q0bGo2X0pEUEExN0JzWEtmOUpXMWpDamVXbjgyelNTd0p1ZkdZUzV4?oc=5,조세일보,,창업지원,2026-09-19T15:38:10.090473+09:00,False,False,live
ART-00655,policy,"서울시, 지역연계 청년창업지원 '넥스트로컬' 사업화과정 33팀 선발",2026-09-14,"서울시, 지역연계 청년창업지원 '넥스트로컬' 사업화과정 33팀 선발 연합뉴스","서울시, 지역연계 청년창업지원 '넥스트로컬' 사업화과정 33팀 선발 연합뉴스",https://news.google.com/rss/articles/CBMiYEFVX3lxTE95MUJlNHJ1eTdaelY3X0lPOW9sWU5pMHJZOGNsNEZWbGlJWVdHbHVULVZHT1hZc0RsODY2N1d2VzN4NmpzbVE3Nk5GenhTVS11YlltaFRtamhFSDZFNXN6UNIBYEFVX3lxTE95MUJlNHJ1eTdaelY3X0lPOW9sWU5pMHJZOGNsNEZWbGlJWVdHbHVULVZHT1hZc0RsODY2N1d2VzN4NmpzbVE3Nk5GenhTVS11YlltaFRtamhFSDZFNXN6UA?oc=5,연합뉴스,,창업지원,2026-09-19T15:38:10.090473+09:00,False,False,live
ART-00656,policy,"인천대학교, 중기부 예비창업패키지 3년 연속 최우수기관 선정으로 창업지원 역량 확인",2026-09-16,"인천대학교, 중기부 예비창업패키지 3년 연속 최우수기관 선정으로 창업지원 역량 확인 경인매일","인천대학교, 중기부 예비창업패키지 3년 연속 최우수기관 선정으로 창업지원 역량 확인 경인매일",https://news.google.com/rss/articles/CBMiaEFVX3lxTE00VkxCTEZOOGxBWVFlMHdSaGZYTVlnc21VWFBDN1FHM3I1dFBiaVZadVV5Z3FtYk83UzNQeFg1bGJIY1BPc3M0SERLWjk2UlpLc2Y2U1FLbnBjS1RmRkx4ZURiWWFFQlFL?oc=5,경인매일,,창업지원,2026-09-19T15:38:10.090473+09:00,False,False,live
ART-00657,policy,“창업지원기관 간 협력 강화”,2026-09-16,“창업지원기관 간 협력 강화” 강원일보,“창업지원기관 간 협력 강화” 강원일보,https://news.google.com/rss/articles/CBMiW0FVX3lxTE4xTVVfOS1meTk4Ml9VakpzNnphZFNKNU45bUhfZC1BZjhnOWx0Y2dCanZHSzlDcU1abjZ3RW5Kd3NwLTFMb0FhQk14aHg1YXVxM1UtYVZweEMyVU0?oc=5,강원일보,,창업지원,2026-09-19T15:38:10.090473+09:00,False,False,live
ART-00658,policy,"허성무 국회의원, ""장애인기업 창업지원사업 및 교육 기능 강화해야”",2026-09-14,"허성무 국회의원, ""장애인기업 창업지원사업 및 교육 기능 강화해야” 전국뉴스","허성무 국회의원, ""장애인기업 창업지원사업 및 교육 기능 강화해야” 전국뉴스",https://news.google.com/rss/articles/CBMicEFVX3lxTFBVNDZudE1nMDVUdVUxTkFKLXktd2tjVTB6S3U2NFBkYmc3MTVNQmticWFJcFhWQmhzTkJxbEQ0dzJxeldXN1RocVk5bUpQTVh1Z1pUcjJicm1OWExkaG9vdEgtZkx5SUlwMjdGMzloazc?oc=5,전국뉴스,,창업지원,2026-09-19T15:38:10.090473+09:00,False,False,live
ART-00659,policy,"의왕시 1인창조기업지원센터, 경기지역 통합 사업설명회 및 예비창업자를 위한 창업실무 교육 참여",2026-09-16,"의왕시 1인창조기업지원센터, 경기지역 통합 사업설명회 및 예비창업자를 위한 창업실무 교육 참여 경기경제신문","의왕시 1인창조기업지원센터, 경기지역 통합 사업설명회 및 예비창업자를 위한 창업실무 교육 참여 경기경제신문",https://news.google.com/rss/articles/CBMiYEFVX3lxTE5UZzFsRkg3UGk4VnA3TFBuQWhfU1dRZmg4a21nY2pnWU5hekIwdGwzdkRxeUpqRV94TExDbHJBVmE2ZWFPenZYNjNSZ25nVHdWdHBKNDNwazVtT3FOYUw5Zg?oc=5,경기경제신문,,창업지원,2026-09-19T15:38:10.090473+09:00,False,False,live
ART-00660,policy,"스포츠 팀 운영 플랫폼 ‘팀팩’, 스포츠산업 예비창업지원사업 선정",2026-09-14,"스포츠 팀 운영 플랫폼 ‘팀팩’, 스포츠산업 예비창업지원사업 선정 서울신문","스포츠 팀 운영 플랫폼 ‘팀팩’, 스포츠산업 예비창업지원사업 선정 서울신문",https://news.google.com/rss/articles/CBMib0FVX3lxTFBUQTZieHc0emNtWC1pWl9jRjVHRVVScXhGTko3Z09kcTVYTk4xbmFGY1BSUldkM2tITER0YmRJazJnTzJrdWhxeGFZN0hyeG1Hd0x4WEMzVHNUczljU2hqc1UwVkRwbHZoYVhtY2hwVQ?oc=5,서울신문,,창업지원,2026-09-19T15:38:10.090473+09:00,False,False,live
ART-00661,policy,'모두의 창업' 4411억으로 키운 중기부…내년 창업자 지원 창구 바뀐다,2026-09-18,'모두의 창업' 4411억으로 키운 중기부…내년 창업자 지원 창구 바뀐다 issueon.co.kr,'모두의 창업' 4411억으로 키운 중기부…내년 창업자 지원 창구 바뀐다 issueon.co.kr,https://news.google.com/rss/articles/CBMia0FVX3lxTE5qTlRYdkw5em1Sajh6MllZaElZMjQyNk5Jb0VLOWxNUG5TNTVsQjNoZEI3Z0ZITGtld0hQMWJCX1FIa1AtSmxSWkRZZ3pzN1djQ3dZUzY5eXFfbVlDLTY5UlNCOW5ZOGFWZEMw?oc=5,issueon.co.kr,,창업지원,2026-09-19T15:38:10.090473+09:00,False,False,live
ART-00662,policy,장애인 창업 지원기업 절반만 ‘5년 생존’…“사후관리 강화해야”,2026-09-14,장애인 창업 지원기업 절반만 ‘5년 생존’…“사후관리 강화해야” v.daum.net,장애인 창업 지원기업 절반만 ‘5년 생존’…“사후관리 강화해야” v.daum.net,https://news.google.com/rss/articles/CBMiVEFVX3lxTE5CM0ltREY5SGRLUWNoczh0Z3RtS2tTZDNUU1lIRTRaZEx5ckJBaWJud2xYcjRSVjNUVzB3OTNkZFhZZHBYLTE3emdYWjNzVk5LcFZrag?oc=5,v.daum.net,,창업지원,2026-09-19T15:38:10.090473+09:00,False,False,live
ART-00663,policy,중원대 창업보육센터 '특화역량 BI 육성 지원사업' 세미나 및 창업 교육 성황리 개최,2026-09-18,중원대 창업보육센터 '특화역량 BI 육성 지원사업' 세미나 및 창업 교육 성황리 개최 베리타스알파,중원대 창업보육센터 '특화역량 BI 육성 지원사업' 세미나 및 창업 교육 성황리 개최 베리타스알파,https://news.google.com/rss/articles/CBMibEFVX3lxTFBPUE40RXZOS0FsMUNYRWw1TVotVkh2TmE4RVdjUWpoRzF2VG1qNkNtM1BKWENGM05sdW4xeUcwMmd2TTRnTktRbWVPeHkxOUdXTnJyYnZpLW5sSUpKTVE3SkQ4VnE3RWc2bDBBTA?oc=5,베리타스알파,,창업지원,2026-09-19T15:38:10.090473+09:00,False,False,live
ART-00664,policy,"의왕시, 7개 창업지원기관 공동 설명회 개최…AI 사업계획서-세무 실전 교육",2026-09-16,"의왕시, 7개 창업지원기관 공동 설명회 개최…AI 사업계획서-세무 실전 교육 CNB뉴스","의왕시, 7개 창업지원기관 공동 설명회 개최…AI 사업계획서-세무 실전 교육 CNB뉴스",https://news.google.com/rss/articles/CBMia0FVX3lxTE85bU5xeTBaOGR4a2RKYW5LemxFS1hJdjJUelUyZzg4MHlnQk9MTGM1V1UwVDVVY3pxNEc1YXd6NFlEeENvanEyZ0d1YktkeVAxZ1NsTi1QRlUyZGJJYlpGXzlPTy1veHp0X2ow?oc=5,CNB뉴스,,창업지원,2026-09-19T15:38:10.090473+09:00,False,False,live
ART-00665,policy,중기부 공공기관 개편 후속작업 착수…판로·창업 지원체계 다시 짠다,2026-09-08,중기부 공공기관 개편 후속작업 착수…판로·창업 지원체계 다시 짠다 전자신문,중기부 공공기관 개편 후속작업 착수…판로·창업 지원체계 다시 짠다 전자신문,https://news.google.com/rss/articles/CBMiTkFVX3lxTE9JbWlCOUlpeS0wT25Ub1ZHaVZLU3ZDSkZoRUVsdlQ4Rm5oeERjUk5yNG5BOVNIM1h1ZGY4b2ppeTMxdjZLamJSSHBNNzdDdw?oc=5,전자신문,,창업지원,2026-09-19T15:38:10.090473+09:00,False,False,live
ART-00666,policy,"부산시, 2017년 창업지원사업 합동설명회 개최",2026-09-10,"부산시, 2017년 창업지원사업 합동설명회 개최 데일리뉴스","부산시, 2017년 창업지원사업 합동설명회 개최 데일리뉴스",https://news.google.com/rss/articles/CBMiwAJBVV95cUxOY2s1cGJuRENXVXR2emJnUjdhM0puYzVmQ0RfZWNQT3VLbWI5dUI2YnVTVFd4eHppR2pqZ2w2OTFGQmFHVTRiUjctQ3NoaWlqNWo2VndPVklZSXlEMEdSc0pNZ1VSWU1EeXpqTmZvRG05LVlkWHl1enc0QWljbFZDYmVyNWZuRTU2eHZ5cXUyd3NvLWtOOVFTWnJxLXktdU1sbVNMVndNVEZ3WTdKdGMyMDROVVR0TkVQWFM0aUtacU01WXlrNFIyLVZZR0FjRFBUQ2pBbjBvY29QRnBITGk0cTRfR3QzamlWZFNJcFhNYTM1NjdyWTgzUGt2c1NrQnRMclpFejBZbXhrX2ljdzM0cm5TbC1ZVFFNYlNSZXJheU80R2NEZUQybWppWUVDWUl1a2l0R0pCYzByc19GVEhZUQ?oc=5,데일리뉴스,,창업지원,2026-09-19T15:38:10.090473+09:00,False,False,live
ART-00667,policy,"하이퍼다인, 대구TP '로봇 기반 공간컴퓨팅 창업지원 사업' 선정 - 머니투데이",2026-09-10,"하이퍼다인, 대구TP '로봇 기반 공간컴퓨팅 창업지원 사업' 선정 - 머니투데이 mt.co.kr","하이퍼다인, 대구TP '로봇 기반 공간컴퓨팅 창업지원 사업' 선정 - 머니투데이 mt.co.kr",https://news.google.com/rss/articles/CBMibEFVX3lxTE42SlpmNFRpM0d0OHhQcUdDcWZESmtZRE9iT1QtZmRtbHRaZFZQcFY0LXYtNlNfdFJ6bG5tRGk1ckYwYl9LcnFueTJFOVJYaEJPeUp2cEFRdXhWNjM2WnAtbFpYYVZLSFBsWGVJSNIBckFVX3lxTFBQWVBFS3paSFN4TVFWbDN5RGpzSV9WNzJ4aGlhRTMtZ3Fha3RDcGlnYUtxZmNuWDRaOG01LWk0eE0tSXN0M1J0UzEtWU1wMVVpejJ6RkNhVWFudUE0cU5OQzU3VjFxWXpFejQ3RHpNbUkydw?oc=5,mt.co.kr,,창업지원,2026-09-19T15:38:10.090473+09:00,False,False,live
ART-00668,policy,'나눠주기' 중기 지원책 끝낸다…4조 줄여 성장기업에 재투자,2026-08-27,'나눠주기' 중기 지원책 끝낸다…4조 줄여 성장기업에 재투자 전자신문,'나눠주기' 중기 지원책 끝낸다…4조 줄여 성장기업에 재투자 전자신문,https://news.google.com/rss/articles/CBMiTkFVX3lxTE1zUGViUVU4NVpuZHBRczRXVk9oeHlNcXlGWWZBN0pweGhvbnZJck02Y3hSZG5MWTUteG92ZnZLZUFXcENsTGNPWV85bVVVZw?oc=5,전자신문,,창업지원,2026-09-19T15:38:10.090473+09:00,False,False,live
ART-00669,policy,2026년 제7회 환경분야 청년창업 지원사업,2026-05-14,2026년 제7회 환경분야 청년창업 지원사업 벤처스퀘어,2026년 제7회 환경분야 청년창업 지원사업 벤처스퀘어,https://news.google.com/rss/articles/CBMiX0FVX3lxTE8ydTVDemZrd25PTV9jMUEwOVcwdFBDOEs2T2tMQTNsUUNLNDZoX1RvZ3M4ajExWGdmRGViVUpHbVd2OGdQdXdSZmpEdk5BcGE2X21XU3lmenhwa083TUMw?oc=5,벤처스퀘어,,창업지원,2026-09-19T15:38:10.090473+09:00,False,False,live
ART-00670,policy,"한수원, 청년 창업지원으로 경주 원도심 내 활력 불어넣는다",2026-09-09,"한수원, 청년 창업지원으로 경주 원도심 내 활력 불어넣는다 데일리대구경북뉴스","한수원, 청년 창업지원으로 경주 원도심 내 활력 불어넣는다 데일리대구경북뉴스",https://news.google.com/rss/articles/CBMiZkFVX3lxTE9OdTBtaGxwQWl0S21DdkVGZHRFTTlIdkk3NjRRVzlCNnZDWlB6RDU2cTY3M2xaQXlJd0xlZE9ST3NXYUZJZm0xY3pBR1JRRkE1UXB3R3Y0QXoydWhxMGNnWXpQUnp2dw?oc=5,데일리대구경북뉴스,,창업지원,2026-09-19T15:38:10.090473+09:00,False,False,live
ART-00671,policy,"경남창조경제혁신센터, 예비창업자 사업모델 고도화 지원",2026-09-09,"경남창조경제혁신센터, 예비창업자 사업모델 고도화 지원 v.daum.net","경남창조경제혁신센터, 예비창업자 사업모델 고도화 지원 v.daum.net",https://news.google.com/rss/articles/CBMiRkFVX3lxTE54WjJ1X3F3cmx4RVlTRnZ5M3lRMzY2QUtLekRhTElPY1gzT1lhbjJ6cnpzZHhSVXZjc0Q0WTdpemxDb2FoSEE?oc=5,v.daum.net,,창업지원,2026-09-19T15:38:10.090473+09:00,False,False,live
ART-00672,policy,"한수원, 경주 원도심 청년창업 지원…8개 점포 새로 문 연다",2026-09-08,"한수원, 경주 원도심 청년창업 지원…8개 점포 새로 문 연다 inpnews.kr","한수원, 경주 원도심 청년창업 지원…8개 점포 새로 문 연다 inpnews.kr",https://news.google.com/rss/articles/CBMiZkFVX3lxTE9meXVrdnFKc001eVV0OGxTM3Y3R3J4b3dwajJjMVpLTTdKaTBNM0UxbWVQT1dYUVI0LTBkdlhQRDY1V0QxOWFsa0VwZmlkcXlMSXNRQkh2R2lQRWo2TldUMHhWN21idw?oc=5,inpnews.kr,,창업지원,2026-09-19T15:38:10.090473+09:00,False,False,live
ART-00673,policy,"중기부 창업 지원 사업 참여 유도...제주도, 인센티브 제공",2026-08-23,"중기부 창업 지원 사업 참여 유도...제주도, 인센티브 제공 v.daum.net","중기부 창업 지원 사업 참여 유도...제주도, 인센티브 제공 v.daum.net",https://news.google.com/rss/articles/CBMiRkFVX3lxTE55ODd1bWRVY2lrcmp4dmtlQ0UxaURBSlRQUDV0TnhTc211NXZTcEFlak83bUFVdHJZYW00d19iSng3N1psMXc?oc=5,v.daum.net,,창업지원,2026-09-19T15:38:10.090473+09:00,False,False,live
ART-00674,policy,"경상원, 소자본 창업 지원을 위한 ‘2026년 푸드트레일러 임대지원’ 사업 신청자 모집",2026-09-07,"경상원, 소자본 창업 지원을 위한 ‘2026년 푸드트레일러 임대지원’ 사업 신청자 모집 부천포커스","경상원, 소자본 창업 지원을 위한 ‘2026년 푸드트레일러 임대지원’ 사업 신청자 모집 부천포커스",https://news.google.com/rss/articles/CBMiakFVX3lxTE14S3c3WEl5a0pQQmpLTW9IMXVkVHhKNXNqX3l2cXpCVlZ3YmpienFSLWRKc1B3bEZSeUJmcEhoM0hvUDNaSWVTUEpocWFoVUo0amg1WnpGMWwwam9ZUm1DdkpYMTdGczllYXc?oc=5,부천포커스,,창업지원,2026-09-19T15:38:10.090473+09:00,False,False,live
ART-00675,policy,"대구TP, 로봇기반 공간컴퓨팅 창업지원사업 예비창업자 추가 모집",2026-08-06,"대구TP, 로봇기반 공간컴퓨팅 창업지원사업 예비창업자 추가 모집 전자신문","대구TP, 로봇기반 공간컴퓨팅 창업지원사업 예비창업자 추가 모집 전자신문",https://news.google.com/rss/articles/CBMiTkFVX3lxTE81OWhMUjZJa1pwWWY0ZTRzWXo4S3Jlcjg3NXp6T2VQQWNHQWZuM29tR3U1d0ZSd0RXMzRZTFN4amlqbXRwWFRvRmJKYzZiUQ?oc=5,전자신문,,창업지원,2026-09-19T15:38:10.090473+09:00,False,False,live
ART-00676,policy,"2027년 정부 지원사업, 이렇게 바뀝니다",2026-08-28,"2027년 정부 지원사업, 이렇게 바뀝니다 브런치","2027년 정부 지원사업, 이렇게 바뀝니다 브런치",https://news.google.com/rss/articles/CBMiSEFVX3lxTFBYMjAzZmdEWkx5emd6SUQxN3lmMWtxWEJXazhaQVpza2sxSWRpand5ODhQeWhLaWtrZzJhVkdYdGRtMHcza1RjMw?oc=5,브런치,,창업지원,2026-09-19T15:38:10.090473+09:00,False,False,live
ART-00677,policy,지원금 받고 지역 창업 도전! '넥스트로컬' 8기 청년 모집,2026-05-07,지원금 받고 지역 창업 도전! '넥스트로컬' 8기 청년 모집 서울특별시,지원금 받고 지역 창업 도전! '넥스트로컬' 8기 청년 모집 서울특별시,https://news.google.com/rss/articles/CBMiWEFVX3lxTE12WGhUdDFPd2hORnRsOWJpNDFOMlVtSlRpc05ybko1TzU4bzliZE5vdURSaHJwVFVuOEZBZ2xtUkh6RTFJWjZLbkRyMU1aTi1SU21STTYtZUU?oc=5,서울특별시,,창업지원,2026-09-19T15:38:10.090473+09:00,False,False,live
ART-00678,policy,"강원창조경제혁신센터, 27일 강원 예비창업 지원사업 우수기업 추가 사업화 지원 협약 체결",2026-07-27,"강원창조경제혁신센터, 27일 강원 예비창업 지원사업 우수기업 추가 사업화 지원 협약 체결 v.daum.net","강원창조경제혁신센터, 27일 강원 예비창업 지원사업 우수기업 추가 사업화 지원 협약 체결 v.daum.net",https://news.google.com/rss/articles/CBMiRkFVX3lxTE5vLVdHREQtNGRvMHpybVpsSUswZlhuZVIzZlUyYzF3ZTJKTS1HWTVzVWU4OVpvSktidHhod3RGOVZ1UTRfMUE?oc=5,v.daum.net,,창업지원,2026-09-19T15:38:10.090473+09:00,False,False,live
ART-00679,policy,"서원대, 창업기업 성장 지원 3년 연속 ‘최우수’",2026-09-08,"서원대, 창업기업 성장 지원 3년 연속 ‘최우수’ v.daum.net","서원대, 창업기업 성장 지원 3년 연속 ‘최우수’ v.daum.net",https://news.google.com/rss/articles/CBMiRkFVX3lxTE1ibWZIVWw3bjhhRGJLejdfZ1RLVW42aDFUWFhlNDBiTzBXUW5MZzhEUENTRlhZOXJMSC1GMVRpOXJJMHVYN3c?oc=5,v.daum.net,,창업지원,2026-09-19T15:38:10.090473+09:00,False,False,live
ART-00680,policy,"전남창조경제혁신센터, '영암형 창업지원사업' 2기 추가 창업 전문교육 성료",2026-08-01,"전남창조경제혁신센터, '영암형 창업지원사업' 2기 추가 창업 전문교육 성료 전자신문","전남창조경제혁신센터, '영암형 창업지원사업' 2기 추가 창업 전문교육 성료 전자신문",https://news.google.com/rss/articles/CBMiTkFVX3lxTE5Vb3JsdGVkSVMzTjRFS0N4eFgyWHZlTXkwS0RYUl9JMkEzVFZNVV9LZUdnYW1nNW10ZzRNNlBOZ3lLTk5zNGg3YzFqZGx3dw?oc=5,전자신문,,창업지원,2026-09-19T15:38:10.090473+09:00,False,False,live
ART-00681,policy,"강원혁신센터, 1억원 규모 예비창업 지원사업 8개사 선정",2026-07-27,"강원혁신센터, 1억원 규모 예비창업 지원사업 8개사 선정 와우테일","강원혁신센터, 1억원 규모 예비창업 지원사업 8개사 선정 와우테일",https://news.google.com/rss/articles/CBMiT0FVX3lxTFBxd3l1UVNpT2ZWaVVsZ0lKb2ZUV2JpUVo0TExXdWdXbVcwVXNWMlVEaGY3WjNwOHZQeWg2b1JuVlM4ZGpRVW5QWS1YUW1PaTQ?oc=5,와우테일,,창업지원,2026-09-19T15:38:10.090473+09:00,False,False,live
ART-00682,policy,[한국수자원공사] ‘최우수’ 기후테크 창업지원 기관으로서 공기업 유일 ‘모두의 창업’ 운영,2026-08-28,[한국수자원공사] ‘최우수’ 기후테크 창업지원 기관으로서 공기업 유일 ‘모두의 창업’ 운영 워터저널,[한국수자원공사] ‘최우수’ 기후테크 창업지원 기관으로서 공기업 유일 ‘모두의 창업’ 운영 워터저널,https://news.google.com/rss/articles/CBMickFVX3lxTE9aR2tOaUhYeWdxUTRfUENNcnd1Nk90V0RaQUpRUnhySUJjaGhrRDlHeG5razRDMExtdFMzZWc0VkE0VXJnUGV4VFRDNDlobDlTa1lWcHZpdkNTYk9sZkdpVWRSOXZHZzR0bndSNFpPdXQzQdIBdkFVX3lxTE02Q3EtSlJDWk5UNjY3cnhVSUJMRUI2OHlTOHFmT1VtTGxCVFU2TldyRzRCTGlpTFRBQko3RUJDWkwtMEdEa1FaVmp4NmludTA3Y1BoR0l2V0s1NGJjdGQxYzhpSk9GMDNoS3loQzZIMzF5am5SclE?oc=5,워터저널,,창업지원,2026-09-19T15:38:10.090473+09:00,False,False,live
ART-00683,policy,"SK이노베이션 E&S, 한·인니 청년 창업 지원 통합…기후테크 생태계 확장",2026-09-09,"SK이노베이션 E&S, 한·인니 청년 창업 지원 통합…기후테크 생태계 확장 이투데이","SK이노베이션 E&S, 한·인니 청년 창업 지원 통합…기후테크 생태계 확장 이투데이",https://news.google.com/rss/articles/CBMiVEFVX3lxTE9pRlk3amd2b1FvTkl4Ums4Rnl4WHdleDBDWW1pWTY0ZzVXSTFnSVhJQVZfMjFTeENKMnJBR3pUNVhyN3hTT2gzWTE0VVRWVWlYdU43RQ?oc=5,이투데이,,창업지원,2026-09-19T15:38:10.090473+09:00,False,False,live
ART-00684,policy,"한국기술교육대, 정부 창업지원사업·플랫폼 시장 석권 ‘창업 명문’ 우뚝",2026-06-11,"한국기술교육대, 정부 창업지원사업·플랫폼 시장 석권 ‘창업 명문’ 우뚝 한국대학신문","한국기술교육대, 정부 창업지원사업·플랫폼 시장 석권 ‘창업 명문’ 우뚝 한국대학신문",https://news.google.com/rss/articles/CBMiZkFVX3lxTE5KRVpXbmNPQmZsZVpJbFB2MWdRTTNyVzJnUlVXem04Y0U2cnRlR3dZV2kydzN0Y1YwNWhObnlYZ1hzVWVvRzl5c3h4Y3drelI4b1ZWenREdm5FcXJnQzVKN0htS3hvQQ?oc=5,한국대학신문,,창업지원,2026-09-19T15:38:10.090473+09:00,False,False,live
ART-00685,policy,사회적기업 창업지원 선정돼도 ‘자금 공백’…초기 운영자금 확보 과제,2026-08-04,사회적기업 창업지원 선정돼도 ‘자금 공백’…초기 운영자금 확보 과제 더밸류뉴스,사회적기업 창업지원 선정돼도 ‘자금 공백’…초기 운영자금 확보 과제 더밸류뉴스,https://news.google.com/rss/articles/CBMiVEFVX3lxTE1qYTdZa3dhTF93XzlEOVVqRGIxME4zTXI0VW1Hc01jejBjM0hidms2bW1aY2tsTE5qRi1RRXVKMFdNb3BKX0c5eEg3ZGpfTkxMVGFTXw?oc=5,더밸류뉴스,,창업지원,2026-09-19T15:38:10.090473+09:00,False,False,live
ART-00686,policy,"수자원공사, 친환경•에너지 딥테크 창업지원 ‘최우수 기관’ 선정",2026-08-27,"수자원공사, 친환경•에너지 딥테크 창업지원 ‘최우수 기관’ 선정 브릿지경제","수자원공사, 친환경•에너지 딥테크 창업지원 ‘최우수 기관’ 선정 브릿지경제",https://news.google.com/rss/articles/CBMiWkFVX3lxTFAwRnNGLVI5b2EySTJtSGJWd2duY0s5NW9YSHRfb0JnbkQxdkpxUVdMdkNvWTBwdTZIa3VrZVg1ODd3amQ3Z3FpbzVIQzRvVW5iSkVtd19UejVWdw?oc=5,브릿지경제,,창업지원,2026-09-19T15:38:10.090473+09:00,False,False,live
ART-00687,policy,중기 지원사업 4.2조 '군살 빼기'…성장·지역 中企에 재투자,2026-08-04,중기 지원사업 4.2조 '군살 빼기'…성장·지역 中企에 재투자 뉴스1,중기 지원사업 4.2조 '군살 빼기'…성장·지역 中企에 재투자 뉴스1,https://news.google.com/rss/articles/CBMiZEFVX3lxTFBPSHdrOTZRY25EQ0t6YlNXck1ZNUk1cnU1WlFtcXFBXzRWX1pYc0s0RDR1aGhwVjNleW1QaEpDWk1Sb0Y4MmV3dUp6WF9iVUpnQmFfRUtmakxRd2ZvekltSXZPNGzSAWpBVV95cUxPbDRRS2p6RFVtblViQXR4WW84UlFwOWpKZFhUcVFwc3V5b29JOV9XYXhrbU9GX2hzcElKYloycmIzN01uOVpvSnN2d3FfVUZMNV9BU2hsRktNMFVjSWFkbmxIUXozaDVPOVNR?oc=5,뉴스1,,창업지원,2026-09-19T15:38:10.090473+09:00,False,False,live
ART-00688,policy,"중기부 ‘예비창업패키지’, 2027년부터 모두의창업으로 통합",2026-07-28,"중기부 ‘예비창업패키지’, 2027년부터 모두의창업으로 통합 아세안익스프레스","중기부 ‘예비창업패키지’, 2027년부터 모두의창업으로 통합 아세안익스프레스",https://news.google.com/rss/articles/CBMiaEFVX3lxTE1aSHk4bWlZQ2RJeFVUbm8yQlA5VFFUZG1hVHZrbzQyN3NCUkRnN2NuTnNINWpwb1Z4cGowQzNoOXBYS0J1MklMNDVKSEVFa3gtbk1BQXlTR1NCel8zczdIRU1JTjBFTUlQ?oc=5,아세안익스프레스,,창업지원,2026-09-19T15:38:10.090473+09:00,False,False,live
ART-00689,policy,지역 창업 지원사업 ‘넥스트로컬’…중장년까지 확대한 이유는?,2026-08-17,지역 창업 지원사업 ‘넥스트로컬’…중장년까지 확대한 이유는? 헤럴드경제,지역 창업 지원사업 ‘넥스트로컬’…중장년까지 확대한 이유는? 헤럴드경제,https://news.google.com/rss/articles/CBMiVkFVX3lxTFBaNjFIV05KVlg4cXlXTS11TkJ0YlZ1X2lkX1h1S1ktejFPbl9DUWFIaUdhMzBGVVZ5WEhFaVNhdldhdGtaeExfdUV3SFpINE51UHZlZ0NR?oc=5,헤럴드경제,,창업지원,2026-09-19T15:38:10.090473+09:00,False,False,live
ART-00690,policy,중기부「모두의 창업」역대급 파격 지원… 오는 7월 규모 2배 키운 '2차 프로젝트' 추진,2026-05-22,중기부「모두의 창업」역대급 파격 지원… 오는 7월 규모 2배 키운 '2차 프로젝트' 추진 belocal.kr,중기부「모두의 창업」역대급 파격 지원… 오는 7월 규모 2배 키운 '2차 프로젝트' 추진 belocal.kr,https://news.google.com/rss/articles/CBMiakFVX3lxTE9iYm9qQlVET0NaOGRNdFpEZUM3MVNBVWRtZnZHdzBWYUwwQWUwYXJxdDZENlZZVm1DTzRQNzJzWG4tRi0yNDRvaDR5YVZ0dWVMQkk2NjMwOGVBTmxRX2hYQUNheDdoYlBXWEHSAW5BVV95cUxNaEt4dklxaEJpa3JaT0twbFpVbHI1QVJSbFBfNms4ZlZyeTM1anFIN0xOdzE4S2g0TjhuSGhNa3dTcl9hbVJpR25CaGpoZUZJQy1fdDQ3b3JOTDM3SDhxMFlfVWk1UDJWV3NVRmZTQQ?oc=5,belocal.kr,,창업지원,2026-09-19T15:38:10.090473+09:00,False,False,live
ART-00691,policy,"중기부, 공공기관 기능개혁 추진…마케팅·창업 지원기관 통합",2026-09-08,"중기부, 공공기관 기능개혁 추진…마케팅·창업 지원기관 통합 네이트","중기부, 공공기관 기능개혁 추진…마케팅·창업 지원기관 통합 네이트",https://news.google.com/rss/articles/CBMiU0FVX3lxTE9nUlFPMnE1UnlGeG8zb3JCNWJZd2pFRWdxSWZjbjlzUUxaOGZ2S3NQcWx4YW1QRWRWYldRbGJCZjhNSTZFbWpndzBjcjFVTmFlRmtV?oc=5,네이트,,창업지원,2026-09-19T15:38:10.090473+09:00,False,False,live
ART-00692,policy,"와이앤아처, '2025 체육인 창업지원사업 우수사례집' 발간",2026-07-23,"와이앤아처, '2025 체육인 창업지원사업 우수사례집' 발간 한국경제","와이앤아처, '2025 체육인 창업지원사업 우수사례집' 발간 한국경제",https://news.google.com/rss/articles/CBMiWkFVX3lxTE0zWjNsaTAzaVl3UkNReVNtYnc2UXljSDFkM3c4YmJVcHdTLTJLU2dKbnI2MjhYajM1VWtBRHE4SkwwV3BlY2RSNkM4dndDaGtVdG94UGV3TFlnUQ?oc=5,한국경제,,창업지원,2026-09-19T15:38:10.090473+09:00,False,False,live
ART-00693,policy,"KENTECH, 전국·지역 주요 창업지원사업서 성과 이어져",2026-07-14,"KENTECH, 전국·지역 주요 창업지원사업서 성과 이어져 전자신문","KENTECH, 전국·지역 주요 창업지원사업서 성과 이어져 전자신문",https://news.google.com/rss/articles/CBMiTkFVX3lxTE0tOU5pYi1wQVFBU0RCNDFHdGM2cGZMVzNQX3BMMHhHRTZSZWtXRlhFc1pPTkh6OVNGZDVsLWFIUWZQYkQ3ejN1aEVlRnk5dw?oc=5,전자신문,,창업지원,2026-09-19T15:38:10.090473+09:00,False,False,live
ART-00694,policy,"정선군, 정선읍에 기본소득형 창업 지원사업 오픈",2026-08-31,"정선군, 정선읍에 기본소득형 창업 지원사업 오픈 강원도민일보","정선군, 정선읍에 기본소득형 창업 지원사업 오픈 강원도민일보",https://news.google.com/rss/articles/CBMiZ0FVX3lxTE1ZN1dYWGdMRzRlYU9PdFlkb0FMTzZUam91SkUtTkZTUXZaLVJRUEJRMl9fN21OV1pIb0lOcnZaY3ItY0tpdDNLbkE4c1ViWjBjSWtoX1JrMVljRTRFUFRfc254bGNKQmc?oc=5,강원도민일보,,창업지원,2026-09-19T15:38:10.090473+09:00,False,False,live
ART-00695,policy,박진우 제주대학교 창업지원단장 올해는 모두의 창업 멘토기관으로 참여해 차별화된 역량을 발휘하며 제주도 내 지원자 수 1위를 달성하는 쾌거를 달성,2026-08-30,박진우 제주대학교 창업지원단장 올해는 모두의 창업 멘토기관으로 참여해 차별화된 역량을 발휘하며 제주도 내 지원자 수 1위를 달성하는 쾌거를 달성 한경매거진&북,박진우 제주대학교 창업지원단장 올해는 모두의 창업 멘토기관으로 참여해 차별화된 역량을 발휘하며 제주도 내 지원자 수 1위를 달성하는 쾌거를 달성 한경매거진&북,https://news.google.com/rss/articles/CBMia0FVX3lxTE1WNlhEM1BwLXRuYk4zaml2cngyb3VKaGhON3hRLXdpbEFjZEZ2UVVLMUxCVWE4NzdmQWJ6cDdsSE1DeHFSRnNkemU3dFd1NjU5QUFzV0gtdHA1bVJqNlNCb1Q4d3hvS3R0VkY0?oc=5,한경매거진&북,,창업지원,2026-09-19T15:38:10.090473+09:00,False,False,live
ART-00696,policy,2026년 성장 창업사업화 지원 사업 참여자 모집,2026-05-14,2026년 성장 창업사업화 지원 사업 참여자 모집 벤처스퀘어,2026년 성장 창업사업화 지원 사업 참여자 모집 벤처스퀘어,https://news.google.com/rss/articles/CBMiX0FVX3lxTFB1eGVTbWRpeGMtWmxLekdUTWYzOEJGVDFFVkN2TmtqbTlMYXdzc3l1T2hTYU1tNWRzaHZsMlNhRWZJNmRwWXNqaWxta1dYTGQwN1d3Y25wRVYtOG1SY2lv?oc=5,벤처스퀘어,,창업지원,2026-09-19T15:38:10.090473+09:00,False,False,live
ART-00697,policy,"탄화성 여성연합회는 ""2026-2035년 여성 창업 지원 프로젝트""를 시작했습니다.",2026-09-11,"탄화성 여성연합회는 ""2026-2035년 여성 창업 지원 프로젝트""를 시작했습니다. Vietnam.vn","탄화성 여성연합회는 ""2026-2035년 여성 창업 지원 프로젝트""를 시작했습니다. Vietnam.vn",https://news.google.com/rss/articles/CBMisAFBVV95cUxOS2R0ZGZmb2oyQXpjM0FOM3ZIaEhEY0dnTG5ZaVdIbzR0bHNES29aNnRta2ljMnhnSThSVDJMZktnbTlRSFpLeEdJU1lEM3B4a0N2Yk1ldDFZTV9RX1BreXozNGtwX1ZMblNzZDlSVEJjTUpnWjhiN2hCR0ZfSGF0SFpCNFlHZ1NhcThKQmxmMmtFak9iMnJpcGFRQWtnN2s4U0tFM1dFV1pXWHZXQ1Jubw?oc=5,Vietnam.vn,,창업지원,2026-09-19T15:38:10.090473+09:00,False,False,live
ART-00698,policy,"영광군, 청년 창업 지원사업 대상자 모집",2026-07-30,"영광군, 청년 창업 지원사업 대상자 모집 진일보","영광군, 청년 창업 지원사업 대상자 모집 진일보",https://news.google.com/rss/articles/CBMib0FVX3lxTFBBOTVlNmNpdkI1dVBfQUhLLWJWck04YUVURXAyT1RXSEVyNnhuczVBWUl2bTk2UDhybkx0cVk5Q1ZYRDhhSTlEOGZKR2xWZHpxWmREdzU5ZTctYzhYWUtXM2JoZk9fbWI0QWQ1Wnl2RQ?oc=5,진일보,,창업지원,2026-09-19T15:38:10.090473+09:00,False,False,live
ART-00699,policy,[사설] 창업 지원한다면서 사업 아이디어 유출한 정부,2026-06-22,[사설] 창업 지원한다면서 사업 아이디어 유출한 정부 중앙일보,[사설] 창업 지원한다면서 사업 아이디어 유출한 정부 중앙일보,https://news.google.com/rss/articles/CBMiVkFVX3lxTE9WejYxWTh3VTlJNDlvOTY3MGhFTkl2SDBkUFBrTy1neWFsNlRYTGZDUFhzZ3k5blJvcTBYYkh6YkJNSmNfNFRTeUYxSmFsVnBFN3NHNld3?oc=5,중앙일보,,창업지원,2026-09-19T15:38:10.090473+09:00,False,False,live
ART-00700,policy,"농어촌 기본소득과 연계… 남해군, 마을가게 창업 지원",2026-08-27,"농어촌 기본소득과 연계… 남해군, 마을가게 창업 지원 v.daum.net","농어촌 기본소득과 연계… 남해군, 마을가게 창업 지원 v.daum.net",https://news.google.com/rss/articles/CBMiT0FVX3lxTE9yMlJUa3Nwb2RNNDRld2JfbUVyYnpfcDhINHZoemxpaTdXRWFhZVN0X0pYWlZtaUh3SHRKUGs0amFvUGhUaElLSW1KOU8wVnM?oc=5,v.daum.net,,창업지원,2026-09-19T15:38:10.090473+09:00,False,False,live
ART-00701,policy,"중기부, 2차 ‘모두의 창업’으로 창업 판 키운다",2026-06-16,"중기부, 2차 ‘모두의 창업’으로 창업 판 키운다 조선일보","중기부, 2차 ‘모두의 창업’으로 창업 판 키운다 조선일보",https://news.google.com/rss/articles/CBMiiAFBVV95cUxQMkZNZFltNGdvRDBoRDA1aWVGT0Nnd3lsX3plTkdHLWRZNUYwd1YzUnVqZGxiRUdDYUZNamw5b3h1My03YVgwb2taTEJ4dzFBRnRjNFpvaktzZW9WSklJM3IybHFOdmJfeGlqSjVvd0xCUmtlVFZFSTNVd05vQWVOLVZCSzVqYkFo?oc=5,조선일보,,창업지원,2026-09-19T15:38:10.090473+09:00,False,False,live
ART-00702,policy,"농어촌 기본소득과 연계… 남해군, 마을가게 창업 지원",2026-08-27,"농어촌 기본소득과 연계… 남해군, 마을가게 창업 지원 v.daum.net","농어촌 기본소득과 연계… 남해군, 마을가게 창업 지원 v.daum.net",https://news.google.com/rss/articles/CBMiRkFVX3lxTE04UU1tbEhJc1hOWGwtZU8yN1JneHFxeDhLakZNTXBFdU5PaExUOEh5M0RsSVF1dnI2QndNelNKcXo5Z1JFQVE?oc=5,v.daum.net,,창업지원,2026-09-19T15:38:10.090473+09:00,False,False,live
ART-00703,policy,"강원창조경제혁신센터, 27일 강원 예비창업 지원사업 우수기업 추가 사업화 지원 협약 체결",2026-07-27,"강원창조경제혁신센터, 27일 강원 예비창업 지원사업 우수기업 추가 사업화 지원 협약 체결 강원일보","강원창조경제혁신센터, 27일 강원 예비창업 지원사업 우수기업 추가 사업화 지원 협약 체결 강원일보",https://news.google.com/rss/articles/CBMiW0FVX3lxTE9TUWlscThmRmUwbkxDVURscXJDVUlyUEhOQVFBZDZ1ekE1Znp1cVYwMmxYQ215ZmhmQ21xNW5vNVBMUVFqdXlVQ0dBUnhuV0VEWkxjdm5BVHowckU?oc=5,강원일보,,창업지원,2026-09-19T15:38:10.090473+09:00,False,False,live
ART-00704,policy,"해남군, 식품 창업 지원 사업 호응…""컨설팅서 제품개발까지""",2026-07-06,"해남군, 식품 창업 지원 사업 호응…""컨설팅서 제품개발까지"" 연합뉴스","해남군, 식품 창업 지원 사업 호응…""컨설팅서 제품개발까지"" 연합뉴스",https://news.google.com/rss/articles/CBMiW0FVX3lxTFAtZlZ2aU9rTjNPM24wRzhwWjJkUXEwUzRTeGdVTEdwdWItU1hZSFJjWlpwUGVNZkJzUTBXM215Zm4zdnFaa3dXbVpwREhXNnJJclNhLXlUSmRablHSAWBBVV95cUxNdjhpQmhUc2RHd2tIOUYyYXZRY2t4TmdhaEszYUQwZlRoNkZOaG9VX2hiODl5d2tucVdFd0xCN0JnOHBoSEpVbkJ6ajRJZnhRMXYwSVh6OVBBdWw5dW5DSXo?oc=5,연합뉴스,,창업지원,2026-09-19T15:38:10.090473+09:00,False,False,live
ART-00705,policy,사회적 기업 창업지원사업 참여 팀 모집,2026-04-06,사회적 기업 창업지원사업 참여 팀 모집 문화일보,사회적 기업 창업지원사업 참여 팀 모집 문화일보,https://news.google.com/rss/articles/CBMiUEFVX3lxTFA4QWQxME9lX1l1THQ1UURxR2gzZWhrRVhmZFJvanJnRVNkbEprX3VtcVROSnYzcUZHY2c5cjMtTWlWNWR0V2NaNUc5ZERrZm9Y?oc=5,문화일보,,창업지원,2026-09-19T15:38:10.090473+09:00,False,False,live
ART-00706,policy,"울진군 창업아카데미 성료…수료생, 내년 창업지원사업 인센티브 제공",2026-08-31,"울진군 창업아카데미 성료…수료생, 내년 창업지원사업 인센티브 제공 gukjenews.com","울진군 창업아카데미 성료…수료생, 내년 창업지원사업 인센티브 제공 gukjenews.com",https://news.google.com/rss/articles/CBMibkFVX3lxTE15YU1aNDZrbkppVWdDTzdtWFk2NDI3NF9xN21KcVEtbm9pOUhWTThCV2twREJSZVRKYm51NHlSNDZNR0lOejk5bmI5T0E3LW8zV1pHa2o5ckRnNktDaGV1UFcxbVdPcWxHUDBLWTBR?oc=5,gukjenews.com,,창업지원,2026-09-19T15:38:10.090473+09:00,False,False,live
ART-00707,policy,"경기도경제과학진흥원, ‘2026 경기 기술창업 지원사업’ 통합 공고... 70개사 발굴",2026-02-27,"경기도경제과학진흥원, ‘2026 경기 기술창업 지원사업’ 통합 공고... 70개사 발굴 경기경제신문","경기도경제과학진흥원, ‘2026 경기 기술창업 지원사업’ 통합 공고... 70개사 발굴 경기경제신문",https://news.google.com/rss/articles/CBMiYEFVX3lxTE1tUFF5UkM4TUhsU3NfUEJSbjFsdVU2LUo2akZJTXA1Skk1NW1acXR1LVdJQXFjaGVhVmc1MVpYeEMyR3gyd3Nkb2tFQlJBWWJ6bTYyUG5fWGtyTlZ0TEdCNQ?oc=5,경기경제신문,,창업지원,2026-09-19T15:38:10.090473+09:00,False,False,live
ART-00708,policy,"광명시 창업지원센터, 스타트업 4곳 '15.9억' 공모 자금 확보 지원",2026-07-23,"광명시 창업지원센터, 스타트업 4곳 '15.9억' 공모 자금 확보 지원 뉴스핌","광명시 창업지원센터, 스타트업 4곳 '15.9억' 공모 자금 확보 지원 뉴스핌",https://news.google.com/rss/articles/CBMiXEFVX3lxTFBidHMwbFVtOGlGWVQ3aFdtT2owdFhjV19sdjJ6VmxyLTR6VVhpS3pUN0M3WFB2VXhQVTl5ZnlfUjZNNVJQWVpEVzBTRl9qUVdvZnN2WVM5bGo5ZXcx?oc=5,뉴스핌,,창업지원,2026-09-19T15:38:10.090473+09:00,False,False,live
ART-00709,policy,"폐업 1년만 지나도 재창업 지원…중기부, 시행령 개정",2026-08-25,"폐업 1년만 지나도 재창업 지원…중기부, 시행령 개정 금강일보","폐업 1년만 지나도 재창업 지원…중기부, 시행령 개정 금강일보",https://news.google.com/rss/articles/CBMiakFVX3lxTE1aWnE1d3I1M3BSUkt5cmplRndZYjlnVjI3SngwV205bEUtR2gyTTg4SUNVb3RqdXdxbHhLeEdMdV9sRlJMVDdOZ0pHNHRLbGV0bjc0RlBsaXJFU2V3d2IxWVVRcVpKRk9iOUE?oc=5,금강일보,,창업지원,2026-09-19T15:38:10.090473+09:00,False,False,live
ART-00710,policy,"한국사회적기업진흥원, '2026년 사회적기업 창업지원사업' 참여 창업팀 모집",2026-04-06,"한국사회적기업진흥원, '2026년 사회적기업 창업지원사업' 참여 창업팀 모집 라이프인","한국사회적기업진흥원, '2026년 사회적기업 창업지원사업' 참여 창업팀 모집 라이프인",https://news.google.com/rss/articles/CBMiaEFVX3lxTE9ucWEwNUcycTU1VzlOd0NFWDhlMi1hRkZ2QmMwSWVJX1dvTkdYZE1TejlnWnpqWDR5Y3NKQzlGNHBVVmJqS014UXY1WXJPQW5fMlkzUXdkOUJBUkNlYWtqb2UydW85RmY5?oc=5,라이프인,,창업지원,2026-09-19T15:38:10.090473+09:00,False,False,live
ART-00711,policy,"예천군, 서울시 지역연계형 청년 창업지원사업 ‘넥스트로컬’ 지역캠프 개최",2026-07-08,"예천군, 서울시 지역연계형 청년 창업지원사업 ‘넥스트로컬’ 지역캠프 개최 데일리대구경북뉴스","예천군, 서울시 지역연계형 청년 창업지원사업 ‘넥스트로컬’ 지역캠프 개최 데일리대구경북뉴스",https://news.google.com/rss/articles/CBMiZkFVX3lxTE1sWlo0LWxlQXFTTzdaQ01DckZpVXBfY2ljNEluN243aWhRRDlIQUNIQ25LVzJDenowcVFhSDd6OFZ3Nk9VNU5uSkpQWkduWjgtYk9YZGdxaUVvcHR3M3l6cXNFYXpkUQ?oc=5,데일리대구경북뉴스,,창업지원,2026-09-19T15:38:10.090473+09:00,False,False,live
ART-00712,policy,광양시 청년 지역 정착에 ‘창업 지원’,2026-06-10,광양시 청년 지역 정착에 ‘창업 지원’ 광주in,광양시 청년 지역 정착에 ‘창업 지원’ 광주in,https://news.google.com/rss/articles/CBMibEFVX3lxTE9tQm9wYmQ3NFdYZW9ZeG9XWFBTNmw4cmgzQy1NT3hmUGtIa05jYkVXN29ER2hxZVNnaXdIazlWanlCRXBFbWhuMjVXeG1EMlkwaTBrVjY3amQySmNlZ3oxcVlZSmJLOGxWUW5jdA?oc=5,광주in,,창업지원,2026-09-19T15:38:10.090473+09:00,False,False,live
ART-00713,policy,"한국수자원공사, 기후테크 창업지원 ‘최우수’…‘모두의 창업’ 운영",2026-08-27,"한국수자원공사, 기후테크 창업지원 ‘최우수’…‘모두의 창업’ 운영 서울경제TV","한국수자원공사, 기후테크 창업지원 ‘최우수’…‘모두의 창업’ 운영 서울경제TV",https://news.google.com/rss/articles/CBMiZEFVX3lxTE9NVi1CdlN3cGF5MjRzNWp0N3pNaUZJUzhFOU90bjIxek53MF95VVg0am9pLW4tVUJTelZMeVp6M1hrUWMtQW84YXZvNTNSMGxpbjV6cWFFdVcwcmFvcThjcXJrRlI?oc=5,서울경제TV,,창업지원,2026-09-19T15:38:10.090473+09:00,False,False,live
ART-00714,policy,"19개팀, 33억원 확보…상반기 출연연 창업 지원 플랫폼 성과",2026-07-28,"19개팀, 33억원 확보…상반기 출연연 창업 지원 플랫폼 성과 DongA Science","19개팀, 33억원 확보…상반기 출연연 창업 지원 플랫폼 성과 DongA Science",https://news.google.com/rss/articles/CBMiVEFVX3lxTE9qNWFmTTZMNzdlLWRCcVJVX2c3ZENGYmJVT2pfRjB0QWZxRDFIMHFrcVVjUXhJN0VxUW1GdnJSU0NZb2JwOUpRNk1lcjdmN3dDdmRQUA?oc=5,DongA Science,,창업지원,2026-09-19T15:38:10.090473+09:00,False,False,live
ART-00715,policy,"광주시, 청년창업기업 맞춤 성장 지원",2026-06-02,"광주시, 청년창업기업 맞춤 성장 지원 연합뉴스","광주시, 청년창업기업 맞춤 성장 지원 연합뉴스",https://news.google.com/rss/articles/CBMiW0FVX3lxTE0tVXVmcWVLNUpNOEVLeVVGSkJha2JXZVExdmdVblFHN3hLWTB5NHdlRTBvUlR4M3lFRnhiRTZwbEtCa19kZHBhMlN4UnhfMXVhWmJaLXJrUjl3aUXSAWBBVV95cUxQX3VKT19wTi04YnZPWUkwX1B4cHI1RE1UUEVEbE15M0M4ekdLR0o1Vml1REU1c2JvbnhWMjRVM3U0UEp3Vkh5T21SX296VXF5QWkyQUVRNF9YNl9WVGhablo?oc=5,연합뉴스,,창업지원,2026-09-19T15:38:10.090473+09:00,False,False,live
ART-00716,policy,사회적 기업 창업지원사업 '2026년 창업팀' 모집,2026-04-06,사회적 기업 창업지원사업 '2026년 창업팀' 모집 벤처타임즈,사회적 기업 창업지원사업 '2026년 창업팀' 모집 벤처타임즈,https://news.google.com/rss/articles/CBMiZkFVX3lxTFBqMVN3Z2o3cGdSQUlmdThLM2lobXdqQjhpdG9DRTdFcFRIX3YzcVZBaWlSekQ2bzQ2WjVNV1BvdEZ0X0trWHZPRkNxc0Y2Q2RmdjlvbFpCcGdiM0pOT0RMbTQtOVh2dw?oc=5,벤처타임즈,,창업지원,2026-09-19T15:38:10.090473+09:00,False,False,live
ART-00717,policy,"대구TP, 로봇기반 공간컴퓨팅 창업지원사업 예비창업자 추가 모집",2026-08-06,"대구TP, 로봇기반 공간컴퓨팅 창업지원사업 예비창업자 추가 모집 v.daum.net","대구TP, 로봇기반 공간컴퓨팅 창업지원사업 예비창업자 추가 모집 v.daum.net",https://news.google.com/rss/articles/CBMiVEFVX3lxTE1Fc0REeTgtR0hGWEsxdWgyaDUxV2xJb2lIYVY4ZDVpX2pWblJpV3JkcTBHdUxWYkJwVm5GSExKZGY0LXpKSVd5U0FpSlA0UE5jRXZ1UQ?oc=5,v.daum.net,,창업지원,2026-09-19T15:38:10.090473+09:00,False,False,live
ART-00718,policy,"대구TP, 로봇기반 공간컴퓨팅 창업지원사업 예비창업자 추가 모집",2026-08-06,"대구TP, 로봇기반 공간컴퓨팅 창업지원사업 예비창업자 추가 모집 경북매일","대구TP, 로봇기반 공간컴퓨팅 창업지원사업 예비창업자 추가 모집 경북매일",https://news.google.com/rss/articles/CBMiWkFVX3lxTFAtWHdzMGl4R2kwNDhyR3BDYTVPeFpob2NCWW1Eai1yYnVkTnAteDRReTBtY1c0dzJ0dXo0OFV6TjRzTzdHMGc3STFSQ1dXaC1MVWljdk5QWTFsUQ?oc=5,경북매일,,창업지원,2026-09-19T15:38:10.090473+09:00,False,False,live
ART-00719,policy,"중기부, 실리콘밸리서 'K-파운더' 띄운다…재외국민 창업 지원 첫발",2026-07-24,"중기부, 실리콘밸리서 'K-파운더' 띄운다…재외국민 창업 지원 첫발 매일일보","중기부, 실리콘밸리서 'K-파운더' 띄운다…재외국민 창업 지원 첫발 매일일보",https://news.google.com/rss/articles/CBMiZEFVX3lxTE82RXJrSzBxNjY2czRGT2NVbGw3aGFubEF5WEhFbnVOX0wtb2RUaGNzOG9ROEdqMzhSaXNxanJpcEI2Nk1lcHBTZ1F5VHhhd0V0dmR2b2hYWmhic1RvS05wWEFQVULSAWhBVV95cUxQeUl5dVlOemZINFRmbW9nZ3lfYkp0X3lmalhCd1FwMWh2Z3l5SUdQZm9tUnA0Z21hcDFzcnhHLVFMODNfeWxNM05FRDBwcTh0ZUlvV1pkNkRKeFozTllBV09pcnF4TENqVA?oc=5,매일일보,,창업지원,2026-09-19T15:38:10.090473+09:00,False,False,live
ART-00720,policy,"2026 돌봄·사회서비스 사회적기업 창업지원사업 사업설명회(4/10,4/13)",2026-04-06,"2026 돌봄·사회서비스 사회적기업 창업지원사업 사업설명회(4/10,4/13) 벤처스퀘어","2026 돌봄·사회서비스 사회적기업 창업지원사업 사업설명회(4/10,4/13) 벤처스퀘어",https://news.google.com/rss/articles/CBMiX0FVX3lxTE1fWTJkaElKdVJIU1hyWU1oMnU3eHFiQ2hVd19ocld3Q2xzN0dxZEhhOVh4X1RQNWlYdFh4amJPcm9pSnNBMV9PUzBXZ3BTcURmbjZOYWVCa1ViVFJqSzQ0?oc=5,벤처스퀘어,,창업지원,2026-09-19T15:38:10.090473+09:00,False,False,live
ART-00721,policy,정부 창업사업서 개인정보 유출…인지 70시간 만에 뒷북 신고 논란(종합),2026-06-18,정부 창업사업서 개인정보 유출…인지 70시간 만에 뒷북 신고 논란(종합) 연합뉴스,정부 창업사업서 개인정보 유출…인지 70시간 만에 뒷북 신고 논란(종합) 연합뉴스,https://news.google.com/rss/articles/CBMiW0FVX3lxTE5jWnQyY1RPeGp6UktjTFZYTmM4SXZuZDkxaHVFeHJGRnlrUjlRdzBaY1E2MHlvdUNUdUZfSXpQaFBGb1RLYzZZdGdMS0dYVmViTjRMMVdVQzZSSjTSAWBBVV95cUxNZTlXQVRWdFdjVDdwbC1yXzY0czJHRVB2c2taRUFWZElBVDRGb1dhTlNaMWFmTUVhMTdJR2VIYnItZ0hwLVlXam0zQ1JKcjQ3M0ZZQk5xb0NTSVBleU1Xdks?oc=5,연합뉴스,,창업지원,2026-09-19T15:38:10.090473+09:00,False,False,live
ART-00722,policy,“모두의 창업’ 해외로”…‘재외국민·유학생’글로벌 창업 지원한다,2026-07-24,“모두의 창업’ 해외로”…‘재외국민·유학생’글로벌 창업 지원한다 재외동포신문,“모두의 창업’ 해외로”…‘재외국민·유학생’글로벌 창업 지원한다 재외동포신문,https://news.google.com/rss/articles/CBMibEFVX3lxTE55cmV0aEdDZDhWYy1JM3lMcmlzLXFwclZ0aGI5Z1U5eWw5Uk8tRWdBbVl5RUxNdGM0UzBjZkN1ZjRaZXdBbGN4cGNoendvaFZLaWF1WG5vaVU2b0lsb09uOFJTT2dUcjFtXzVqYQ?oc=5,재외동포신문,,창업지원,2026-09-19T15:38:10.090473+09:00,False,False,live
ART-00723,policy,[창업뉴스] '2026 로컬창업 기업 육성사업' 참가기업 모집,2026-04-29,[창업뉴스] '2026 로컬창업 기업 육성사업' 참가기업 모집 아웃소싱타임스,[창업뉴스] '2026 로컬창업 기업 육성사업' 참가기업 모집 아웃소싱타임스,https://news.google.com/rss/articles/CBMickFVX3lxTFB2dnlydTVVdGJOa1ZEUTRvSEZGOVRpMWtIbmJjc283ZlFLV1lSc0NQSC13RWZDd0hWNUN1Tl9VVmFmTUpmak53dE15di1TZk0wREtGNFNWZE92dEpXTExLbE1fMUVVaGxsckUza01Xbzk4UQ?oc=5,아웃소싱타임스,,창업지원,2026-09-19T15:38:10.090473+09:00,False,False,live
ART-00724,policy,‘사회적기업 창업지원사업’ 참여 창업팀 모집,2026-04-06,‘사회적기업 창업지원사업’ 참여 창업팀 모집 환경일보,‘사회적기업 창업지원사업’ 참여 창업팀 모집 환경일보,https://news.google.com/rss/articles/CBMiaEFVX3lxTFBNanVVRlBkTEI4VWlzczEzSUItY3RMT1JlMl9qNDFabDRxSzRoRFAtSEZRMUhLV2JhaEFzRUYwbG5ETFNIc1Q4akxRQ3ZuQnc2aEpvUWJjWm9sVFM5dXZBSFN5QTMyQVpN?oc=5,환경일보,,창업지원,2026-09-19T15:38:10.090473+09:00,False,False,live
ART-00725,policy,"건국대 글로컬캠, 창업지원 사업 2기 연속 선정",2026-09-02,"건국대 글로컬캠, 창업지원 사업 2기 연속 선정 inews365.com","건국대 글로컬캠, 창업지원 사업 2기 연속 선정 inews365.com",https://news.google.com/rss/articles/CBMiYkFVX3lxTE9OaV9Ccnp5UmZuNUFVUFNJWWl4VVY4VVlnLThURmZqWTIwTFFJN1U0a2h1ZktpQ2dERDJtZVphT3BrZzR6aUljNnlGNVN3RUtyaXV2Z041Y09TLThMZ1dLazRB?oc=5,inews365.com,,창업지원,2026-09-19T15:38:10.090473+09:00,False,False,live
ART-00726,policy,최혁진 의원 “사회적기업 창업지원 사업서 채용비리·보조금 횡령 정황”…관리 부실 강력 비판,2026-05-22,최혁진 의원 “사회적기업 창업지원 사업서 채용비리·보조금 횡령 정황”…관리 부실 강력 비판 서울경제TV,최혁진 의원 “사회적기업 창업지원 사업서 채용비리·보조금 횡령 정황”…관리 부실 강력 비판 서울경제TV,https://news.google.com/rss/articles/CBMiZEFVX3lxTE8wVGY0QVNWbDRTZVhoR0JkSTVyZWtwY1k0cWJoQWYwSFk0d29rb3V6QUxKRE9ZWnM4NF9ncFpfdEZuUkVIQTNYVlFvM01jN2FId0J6dGNXVjhOVHRyeTZXMkNpZTg?oc=5,서울경제TV,,창업지원,2026-09-19T15:38:10.090473+09:00,False,False,live
ART-00727,policy,"영주시, 서울 시민 아이디어 얻는다 ‘서울시 지역연계형 창업 지원사업’",2026-08-10,"영주시, 서울 시민 아이디어 얻는다 ‘서울시 지역연계형 창업 지원사업’ v.daum.net","영주시, 서울 시민 아이디어 얻는다 ‘서울시 지역연계형 창업 지원사업’ v.daum.net",https://news.google.com/rss/articles/CBMiVEFVX3lxTE5pNHVhTlMxNzJ4Q2VJcGRVWGotbmUtWThGdnp2TDNSUnVMOW1wNUhQaXN5OWVnZWpiU0JSaGl2Z3Z1dU5FZGo2NU1ENnNOWHZmUW00Sw?oc=5,v.daum.net,,창업지원,2026-09-19T15:38:10.090473+09:00,False,False,live
ART-00728,policy,"평창군, 청년 창업 최대 2천500만원 지원",2026-04-08,"평창군, 청년 창업 최대 2천500만원 지원 연합뉴스","평창군, 청년 창업 최대 2천500만원 지원 연합뉴스",https://news.google.com/rss/articles/CBMiW0FVX3lxTFBXajFjakFUOEFuRFhTMTM0ZFhwUGJIYXdlOUhNcUc3WE44NVdKZHBMMHNiUHJnVzF0VktVZHZad0QyYi1IVFRyM0FiaEg3NVVwWGY1YmUxZmdHczjSAWBBVV95cUxNOVRMRWt4TWJ2ZnhMcnExSGpmNy1KaW9hTjl1cHNDdTZoWlprSDJkM1MzdklVaU1zTnFUVHh3TldzOFRiMEVFVmxVTTl6cjJXM2FNRHZjLVBtdkVXeWxJTmQ?oc=5,연합뉴스,,창업지원,2026-09-19T15:38:10.090473+09:00,False,False,live
ART-00729,policy,2026년 체육인 직업안정(창업지원) 사업 창업교육과정(씨앗) 참여자 추가 모집(9.30.),2026-07-15,2026년 체육인 직업안정(창업지원) 사업 창업교육과정(씨앗) 참여자 추가 모집(9.30.) 벤처스퀘어,2026년 체육인 직업안정(창업지원) 사업 창업교육과정(씨앗) 참여자 추가 모집(9.30.) 벤처스퀘어,https://news.google.com/rss/articles/CBMiX0FVX3lxTE1aaERVaW81MG1XNnNiMTZ1RnJma3hzdGpES2xKdzd1cktIUVFITUloQnhCTDJqaFVKLWZ1YVBZc1p5SkVycHdkS3RWVVFvcl80TEhuQmdmcFJnWjR4OEZB?oc=5,벤처스퀘어,,창업지원,2026-09-19T15:38:10.090473+09:00,False,False,live
ART-00730,policy,"화순군, 서울시 청년창업 지원사업 '넥스트로컬 8기 지역캠프' 운영",2026-07-07,"화순군, 서울시 청년창업 지원사업 '넥스트로컬 8기 지역캠프' 운영 광주전남일보","화순군, 서울시 청년창업 지원사업 '넥스트로컬 8기 지역캠프' 운영 광주전남일보",https://news.google.com/rss/articles/CBMia0FVX3lxTFA0WXFGNEp4d1Q4R2pqVENzR1dwRkd2WERRZC1RX0NGc25SQTc3c3BXVjZWSm9UNFdEbHpuUE4zNGN2eFlNY2dtSDY5Q29ueVczcUFGVnI5a0ktRkxJVHdtOE9aTFdoNEdKZGpn?oc=5,광주전남일보,,창업지원,2026-09-19T15:38:10.090473+09:00,False,False,live
ART-00731,policy,"전남창조경제혁신센터, '여수시 청년도전 창업 지원사업' 청년도전 부트캠프 운영",2026-05-15,"전남창조경제혁신센터, '여수시 청년도전 창업 지원사업' 청년도전 부트캠프 운영 전자신문","전남창조경제혁신센터, '여수시 청년도전 창업 지원사업' 청년도전 부트캠프 운영 전자신문",https://news.google.com/rss/articles/CBMiTkFVX3lxTE1sYVdQaGJxeHNiOGw5SlMwQUJJUnhwQjlWWVk5OTdKNkl0eElNYlZqbGNkczNsV1dvME1OMVdpaUJWdHBIblNaSmx2ZGZoUQ?oc=5,전자신문,,창업지원,2026-09-19T15:38:10.090473+09:00,False,False,live
ART-00732,policy,"2026 돌봄·사회서비스 사회적기업 창업지원사업 사업설명회(4/10,4/13)",2026-04-06,"2026 돌봄·사회서비스 사회적기업 창업지원사업 사업설명회(4/10,4/13) startuprecipe.co.kr","2026 돌봄·사회서비스 사회적기업 창업지원사업 사업설명회(4/10,4/13) startuprecipe.co.kr",https://news.google.com/rss/articles/CBMiXEFVX3lxTE9nbXNqaTI3Z2ZEREdINHBGTkx6dFhqeHlpNUFvRERWNi12VHE3TlRBeFZCOXZnVjRoWkp0M0JxYWhzTndDekN4SVAwU1NESFFLMEdRc01GWUE5S3lx?oc=5,startuprecipe.co.kr,,창업지원,2026-09-19T15:38:10.090473+09:00,False,False,live
ART-00733,policy,괴산 7월 말까지 매주 1회씩 청년창업 지원사업 교육,2026-06-07,괴산 7월 말까지 매주 1회씩 청년창업 지원사업 교육 중도일보,괴산 7월 말까지 매주 1회씩 청년창업 지원사업 교육 중도일보,https://news.google.com/rss/articles/CBMibEFVX3lxTE5QaTE0cWZyQmJUeEk3STBtdWE3WFYtNjZKSUw5T1dhbHF5RjlLdjhxNV9pdUp2VXZ3Z21PSnRWMkl2X2JNWDNBZi1laGZ0TlF5ZUJSRElHdjF2Rk9VR3VRdkRkOFA2dm1sWVg5ZQ?oc=5,중도일보,,창업지원,2026-09-19T15:38:10.090473+09:00,False,False,live
ART-00734,policy,"(설명) 서울경제TV, ""최혁진 의원 ""사회적기업 창업지원 사업서 채용비리·보조금 횡령 정황""…관리 부실 강력 비판"" 기사 등 관련",2026-05-22,"(설명) 서울경제TV, ""최혁진 의원 ""사회적기업 창업지원 사업서 채용비리·보조금 횡령 정황""…관리 부실 강력 비판"" 기사 등 관련 대한민국 정책브리핑","(설명) 서울경제TV, ""최혁진 의원 ""사회적기업 창업지원 사업서 채용비리·보조금 횡령 정황""…관리 부실 강력 비판"" 기사 등 관련 대한민국 정책브리핑",https://news.google.com/rss/articles/CBMib0FVX3lxTFA2VVFtLUpMUndwWHFzRUVtMmxodVZqRnZzaHA2TmhVNzlESUtnemM5b2tmc0FNMHZlSDRrRlB5aTFteHFocUF6ZllmZUxVY1RNV3NrNWkwODFnRkFpNTZTd3RNWTRjaUoweVdqNk1ucw?oc=5,대한민국 정책브리핑,,창업지원,2026-09-19T15:38:10.090473+09:00,False,False,live
ART-00735,policy,"제주도, 여성 창업팀 5개 선정해 1천만원씩 지원",2026-02-24,"제주도, 여성 창업팀 5개 선정해 1천만원씩 지원 연합뉴스","제주도, 여성 창업팀 5개 선정해 1천만원씩 지원 연합뉴스",https://news.google.com/rss/articles/CBMiW0FVX3lxTE9ycm9neVFRNmRZeXdJcnRoc0NMcEFHUHA0WkxRZDFnbG1mRlpGXzIxMUdncnAxM0ZIcWJEZ05ESFUwUWdNS0VlWFd0Q0JPRWI3VjZuTGhCZUx6TFHSAWBBVV95cUxQb0tWWURoYndybmZkVXlkaDJZa1FnZ2VjcnpWOUpQT1A3MnlkY3BsVXZPTnp2bXVvRzk0MVJZTFNlV1VEYnNiT01FYkNpTkVKeTNyNVhTUm9PdWRiTE5XdG4?oc=5,연합뉴스,,창업지원,2026-09-19T15:38:10.090473+09:00,False,False,live
ART-00736,policy,"파주시, 청년창업지원사업 우수기업 8개사 선정",2026-07-30,"파주시, 청년창업지원사업 우수기업 8개사 선정 매일일보","파주시, 청년창업지원사업 우수기업 8개사 선정 매일일보",https://news.google.com/rss/articles/CBMiZEFVX3lxTE9XUTlsNnNQenBnUDE5dnIza1ZpMXFuclB5VTF2d1p0MGlsRmpmX0ZqZnA1bnVodXBuRUhzdzBodDdoM3VQeVdibWxZaGZlZlRnY25wWVhLeHkwQ0Ixa3haNHc1RTTSAWhBVV95cUxPMVFaSnB5bm9HNFJiRjJleVVTQ2Z6MkUzMUJ4RUtRVUFYQ0dacnNvbVJBX05NbWt2NjFyWHJaRmhRWVg2NUJkbmEtR0JuTlZOLUVYb2FkS0VtTXBfLUVvc0hfRmYtNE1vdg?oc=5,매일일보,,창업지원,2026-09-19T15:38:10.090473+09:00,False,False,live
ART-00737,policy,"경북 영덕군, 예비 창업자 지원 사업 시작…""작지만 귀중한 마중물 되길""",2026-08-11,"경북 영덕군, 예비 창업자 지원 사업 시작…""작지만 귀중한 마중물 되길"" 매일신문","경북 영덕군, 예비 창업자 지원 사업 시작…""작지만 귀중한 마중물 되길"" 매일신문",https://news.google.com/rss/articles/CBMiYkFVX3lxTFBYNDVCQmItS01XWXF0M1d2TUg2T2R5N19hSnNjVXcyNW5ib0RsNXFmRTdSd0dqT3ROT095dXZTdjFuZm52RG9teXNmalZzS3FyTGFOOFdDQVlERmNfN1ZBY3p3?oc=5,매일신문,,창업지원,2026-09-19T15:38:10.090473+09:00,False,False,live
ART-00738,policy,"'2026년 창업중심대학 지원사업' 본격화 … ""최대 1억5천 쏜다""",2026-03-03,"'2026년 창업중심대학 지원사업' 본격화 … ""최대 1억5천 쏜다"" 충청비즈","'2026년 창업중심대학 지원사업' 본격화 … ""최대 1억5천 쏜다"" 충청비즈",https://news.google.com/rss/articles/CBMiX0FVX3lxTFBSdzlReVVKa3ZfS1R1cm01MWNhZlY5al8wOE1uSHNSZXdabEtCeGE0X2RQd0Y2aERpNXFfbml4TUpSeE8yTWlucHltUHNIbHNBejkybVVrY1VEbnQ2V1RZ?oc=5,충청비즈,,창업지원,2026-09-19T15:38:10.090473+09:00,False,False,live
ART-00739,policy,구로구 청년창업지원센터 일반 창업교육(상반기 : 6회차) : 사업계획서 작성 요령,2026-05-18,구로구 청년창업지원센터 일반 창업교육(상반기 : 6회차) : 사업계획서 작성 요령 벤처스퀘어,구로구 청년창업지원센터 일반 창업교육(상반기 : 6회차) : 사업계획서 작성 요령 벤처스퀘어,https://news.google.com/rss/articles/CBMiX0FVX3lxTE1fdU1qX0FhaEdmbDY1QUhYTHUtbk5rYlF0Y0R5OVNidzgzSXBJT1pKeWl5Z25jMnpkSEUyRzJvWE45V3E1aDNvT1JHQ3VQTFkzam8yOGsxN251OTJTTXE4?oc=5,벤처스퀘어,,창업지원,2026-09-19T15:38:10.090473+09:00,False,False,live
ART-00740,policy,2026년 성장플러스 창업사업화 지원사업 참여기업 모집,2026-07-21,2026년 성장플러스 창업사업화 지원사업 참여기업 모집 startuprecipe.co.kr,2026년 성장플러스 창업사업화 지원사업 참여기업 모집 startuprecipe.co.kr,https://news.google.com/rss/articles/CBMiXEFVX3lxTE5sa1Q4VUgtYWZJc3hMRUNFX0czblZ2MWV6QUpyYU5wRkQ3SkVCVERZeWR3cmZaOUdVTkRHNVhTX3BUY003X1hKVmswQmRyVERxZW54eTlQWWhqUW9C?oc=5,startuprecipe.co.kr,,창업지원,2026-09-19T15:38:10.090473+09:00,False,False,live
ART-00741,policy,[뉴스초점] “대구시민이면 지원할 수 있게 해주세요”…중구청 ‘2030청년창업지원’ 자격 기준은 중구 사업장만 대상,2026-03-16,[뉴스초점] “대구시민이면 지원할 수 있게 해주세요”…중구청 ‘2030청년창업지원’ 자격 기준은 중구 사업장만 대상 대구일보,[뉴스초점] “대구시민이면 지원할 수 있게 해주세요”…중구청 ‘2030청년창업지원’ 자격 기준은 중구 사업장만 대상 대구일보,https://news.google.com/rss/articles/CBMiaEFVX3lxTE1fQkxTeU9Nenh6TmtKRW5yY0ZXOEVqRGE4UnpTM2V1cGZfdHVabDJtcVlxaFpBRC12UmExbTVLQXkyVTRSeHprOVNtRFREdy1DQjRPMjAxZTJXY282dG1DcmYyVkUyUnl6?oc=5,대구일보,,창업지원,2026-09-19T15:38:10.090473+09:00,False,False,live
ART-00742,policy,"파주시, '청년창업지원사업 사업계획 발표회' 개최",2026-07-30,"파주시, '청년창업지원사업 사업계획 발표회' 개최 경기경제신문","파주시, '청년창업지원사업 사업계획 발표회' 개최 경기경제신문",https://news.google.com/rss/articles/CBMiYEFVX3lxTE82MEZjRmNaenVYd3NSSDVIVUpLSDJ6V0JVcHhaRXo1ZFNDNUwwS1JBelVzTlZyVnY5YkZGU0NLTjg3cHE1X3JXQkt0TjBZZEpod0EtTUZGd1g1dXdFclMwdA?oc=5,경기경제신문,,창업지원,2026-09-19T15:38:10.090473+09:00,False,False,live
ART-00743,policy,"북부권 지역자원으로 창업 키우고, 기업 육성으로 일자리 잇는다",2026-06-10,"북부권 지역자원으로 창업 키우고, 기업 육성으로 일자리 잇는다 데일리대구경북뉴스","북부권 지역자원으로 창업 키우고, 기업 육성으로 일자리 잇는다 데일리대구경북뉴스",https://news.google.com/rss/articles/CBMiZkFVX3lxTE1RenRXb0xqSG11NFhldzZaNkNWb3dqbC1TS1hON3FfbmlWOGItWWx4NmxFZ005SXFEQml4bUh1RU84cmJpYTEzSllXMk9rd255Q2RtOC1JZ1ZGVGFISXJsNTlybmd0QQ?oc=5,데일리대구경북뉴스,,창업지원,2026-09-19T15:38:10.090473+09:00,False,False,live
ART-00744,policy,"광명시, 경력보유여성 실전 창업 지원 ‘2026 여성창업 디딤마켓’ 개최 > 뉴스",2026-06-04,"광명시, 경력보유여성 실전 창업 지원 ‘2026 여성창업 디딤마켓’ 개최 > 뉴스 더코리아","광명시, 경력보유여성 실전 창업 지원 ‘2026 여성창업 디딤마켓’ 개최 > 뉴스 더코리아",https://news.google.com/rss/articles/CBMicEFVX3lxTFAzdnpYbWdjanJmTHhYSUNSbTlfZmJTWUFpMmZDSHAtX0JMRGdyUC15cXlvajN1TEdrem5xakpiRDlhdkZnalZ0bTZrTFFzLWdsSFVuUFlNT0pQR1ByWU5NSFRSZXJsNFZDaHg2OC1ETjk?oc=5,더코리아,,창업지원,2026-09-19T15:38:10.090473+09:00,False,False,live
ART-00745,policy,"기본소득 유출 막고 지역경제 살리고…정선군, 창업 지원 추진",2026-05-21,"기본소득 유출 막고 지역경제 살리고…정선군, 창업 지원 추진 연합뉴스","기본소득 유출 막고 지역경제 살리고…정선군, 창업 지원 추진 연합뉴스",https://news.google.com/rss/articles/CBMiW0FVX3lxTE85T1dzYkpsZy1ReU0tSFVMWXVmRVZnbVY4TTJTRFpzOFJGWUdTTDNDY2tqSGJoMUEyeUFWY3NldjVhb1JxeG1GYTVlVVVrMllEZHAyYVlJaGkxSk3SAWBBVV95cUxPX0haQm9WU3ZBLXJoLTNEaEllTVJFNk4xajAxYktPZV9yclhkYVduUFFEcXhiSUNYVERNUVNRLTFabDYzcjRKV1FDcmJDUnlWQmFyVkJhZDdFV3BNbWNxSEk?oc=5,연합뉴스,,창업지원,2026-09-19T15:38:10.090473+09:00,False,False,live
ART-00746,policy,"한국산림복지진흥원, 산림복지 재창업 지원사업 참가자 모집",2026-06-24,"한국산림복지진흥원, 산림복지 재창업 지원사업 참가자 모집 산림신문","한국산림복지진흥원, 산림복지 재창업 지원사업 참가자 모집 산림신문",https://news.google.com/rss/articles/CBMiVkFVX3lxTE5pYnhySXliVnkwVGpZOC1INXBGU05lNm9vaW1BWVBsYmstNnUteTh1LVpycldDZ3dVclBMU3dNSUpNZkVIeFFtSmI0dEx6endFME9pLWZB?oc=5,산림신문,,창업지원,2026-09-19T15:38:10.090473+09:00,False,False,live
ART-00747,policy,"광명시 창업지원센터, 신생기업 요람으로…“혁신·성장 생태계 강화”",2026-07-23,"광명시 창업지원센터, 신생기업 요람으로…“혁신·성장 생태계 강화” 문화일보","광명시 창업지원센터, 신생기업 요람으로…“혁신·성장 생태계 강화” 문화일보",https://news.google.com/rss/articles/CBMiUEFVX3lxTE1FWmVvMW9yMUVNa0lRYnNFMmh3UVN4bFBOemFNQW9iSVFBX0pIaFBrOWZQbWs4N3h4X1cxMFR6LWdoV3pvRDdITHB4WEZmRlBX?oc=5,문화일보,,창업지원,2026-09-19T15:38:10.090473+09:00,False,False,live
ART-00748,policy,"울산시, 창업 지원사업 통합 공고…전 단계 지원체계 구축",2026-02-11,"울산시, 창업 지원사업 통합 공고…전 단계 지원체계 구축 뉴스핌","울산시, 창업 지원사업 통합 공고…전 단계 지원체계 구축 뉴스핌",https://news.google.com/rss/articles/CBMiXEFVX3lxTE9Ja1ZiRldLVjRPc0pFMkN1YTFJeVZBUlBBMVdJUkdWSmd6enhUVEwzZEhGODI5WGZRTzctY2pLQmM1Z3Z6T0FlMmJhYzFQT0g3ZkRzWFdwaVJDaHha?oc=5,뉴스핌,,창업지원,2026-09-19T15:38:10.090473+09:00,False,False,live
ART-00749,policy,[함께 만드는 청년창업]-⑧ 지원사업은 왜 현장과 어긋나는가,2026-05-07,[함께 만드는 청년창업]-⑧ 지원사업은 왜 현장과 어긋나는가 eroun.net,[함께 만드는 청년창업]-⑧ 지원사업은 왜 현장과 어긋나는가 eroun.net,https://news.google.com/rss/articles/CBMiZkFVX3lxTE1NMFFFalIxTTAwajNkYzlFSWFDSThOWWZaWnF0ZWZXNXY1SzA2RjIyT2JiNWJWUFJ1WDJ3TWdlWkh2VVlSaVAyOGhJcFpMZzhOUzQ4NzBiOWUwa2tOOGZDVXRqaHZlQQ?oc=5,eroun.net,,창업지원,2026-09-19T15:38:10.090473+09:00,False,False,live
ART-00750,policy,"강원도, 창업지원·로컬벤처 육성사업 60개사 선정",2026-03-09,"강원도, 창업지원·로컬벤처 육성사업 60개사 선정 전자신문","강원도, 창업지원·로컬벤처 육성사업 60개사 선정 전자신문",https://news.google.com/rss/articles/CBMiTkFVX3lxTFBqWXFBVFRNMmlpUkQ5Zktsbl96ZDBuS3RNWmlFcXZaSTJkbUJlSzNQdHJ0WjBXSU8zZVlEaW9VajJyaGJfU241eWFVNG4wZw?oc=5,전자신문,,창업지원,2026-09-19T15:38:10.090473+09:00,False,False,live
ART-00751,policy,한국기술교육대 앵커사업단 '2026년 지역성장 예비창업지원사업' 본격화,2026-07-15,한국기술교육대 앵커사업단 '2026년 지역성장 예비창업지원사업' 본격화 베리타스알파,한국기술교육대 앵커사업단 '2026년 지역성장 예비창업지원사업' 본격화 베리타스알파,https://news.google.com/rss/articles/CBMibEFVX3lxTE5iS2o5eXpwSjBMNHo2Y19ZQlN3RlA4bnlOVEZKa3A2YTd4QmozSDYyWnJWcmRDOGR3TWtYa2xWV0Vta2hBVHdtTDR2eG1uYlp1NEk4ZWxjbVQ5M3Fva0FIRGkxcVJLUUZrNGRmYw?oc=5,베리타스알파,,창업지원,2026-09-19T15:38:10.090473+09:00,False,False,live
ART-00752,policy,2026 성남기업성장포럼 개막…중소기업 AI 도입 비용·지원사업 공개,2026-09-18,2026 성남기업성장포럼 개막…중소기업 AI 도입 비용·지원사업 공개 일간경기,2026 성남기업성장포럼 개막…중소기업 AI 도입 비용·지원사업 공개 일간경기,https://news.google.com/rss/articles/CBMiaEFVX3lxTE53X0RENUZpMGR0VXNJRzgtbEdRckNGekg4Vl9yTGxjakdRWW85RS1ZYS1YTGp4NjRxUlh3ZFowMjBXMlh4VWRDSHpycXpvOG9mcDRCX01mT19kVHlrQU9Da1BnQmdFQVN4?oc=5,일간경기,,AI 바우처,2026-09-19T15:38:10.090473+09:00,False,False,live
ART-00753,policy,"[ZD SW 투데이] 셀렉트스타 ""AI 기본법 대응, 기술적 검증까지 이어져야"" 外",2026-09-18,"[ZD SW 투데이] 셀렉트스타 ""AI 기본법 대응, 기술적 검증까지 이어져야"" 外 지디넷코리아","[ZD SW 투데이] 셀렉트스타 ""AI 기본법 대응, 기술적 검증까지 이어져야"" 外 지디넷코리아",https://news.google.com/rss/articles/CBMiVkFVX3lxTE01Mk1PWGU0RHBnV09lUnhlUDJ5Y1dKRVdiVmNsaDFPbWFSNzlhNDBEVkpwczZmN2MwODg2czdaeWI4U1o2ZUpURmZnUy13LVZTNWNIemFR?oc=5,지디넷코리아,,AI 바우처,2026-09-19T15:38:10.090473+09:00,False,False,live
ART-00754,policy,성남기업 AI 전환‘실행’…도입 해법 한자리,2026-09-18,성남기업 AI 전환‘실행’…도입 해법 한자리 현대일보,성남기업 AI 전환‘실행’…도입 해법 한자리 현대일보,https://news.google.com/rss/articles/CBMibkFVX3lxTE51VVAtUHJXRV9ocVBJX2VuTWZrQVFXRXJZS3dmT1BSMmZCck9jNTBRTWQyX0ktWU1rSGtZVnR5ZlZ1d29tZkl2a2NVV0xIR3piQnBRODV1R0xYNVl5RHplazh3bVctLTI3MG5HVzBR?oc=5,현대일보,,AI 바우처,2026-09-19T15:38:10.090473+09:00,False,False,live
ART-00755,policy,"경기도의회 이대한 의원, “서울보다 먼저 기획한 AI 바우처... 경기도가 스스로 멈춰선 안 돼”",2026-09-18,"경기도의회 이대한 의원, “서울보다 먼저 기획한 AI 바우처... 경기도가 스스로 멈춰선 안 돼” 누리일보","경기도의회 이대한 의원, “서울보다 먼저 기획한 AI 바우처... 경기도가 스스로 멈춰선 안 돼” 누리일보",https://news.google.com/rss/articles/CBMiXEFVX3lxTFBFajk2TXo3bVRUSTJxeDduWVlOcGVXcVFtN3VNcTIwVHBLUXZPZVVIVHVMVFo4S1A3RHpiR1ByenMyV1hmZjRTUl9kZF9wZ1NUQjVCRUtLcW83bVo0?oc=5,누리일보,,AI 바우처,2026-09-19T15:38:10.090473+09:00,False,False,live
ART-00756,policy,"메타플라이어, 소상공인 11개사 대상 AI 마케팅 자동화 실증",2026-09-18,"메타플라이어, 소상공인 11개사 대상 AI 마케팅 자동화 실증 데이터넷","메타플라이어, 소상공인 11개사 대상 AI 마케팅 자동화 실증 데이터넷",https://news.google.com/rss/articles/CBMibEFVX3lxTFB5VVNJX2Q3TTlWc0pLWVdtbUlSR2tyNnEtbFAzMGRzR3ZnTWFRa05tRnQxS0ZobVhMa0VEeDB0U0RRMXpUakI5c04yRTZtYnlrMkpjcmg3aEJodWpaVGh6eEE5cE0xQmx3eUhoVQ?oc=5,데이터넷,,AI 바우처,2026-09-19T15:38:10.090473+09:00,False,False,live
ART-00757,policy,"투비디티엑스, ‘2023 AI 바우처 지원사업 공급기업’ 선정 쾌거",2026-09-09,"투비디티엑스, ‘2023 AI 바우처 지원사업 공급기업’ 선정 쾌거 catchnews.kr","투비디티엑스, ‘2023 AI 바우처 지원사업 공급기업’ 선정 쾌거 catchnews.kr",https://news.google.com/rss/articles/CBMiakFVX3lxTE5WZnUzb3BlNzFnLWloaG1rcFR3QmhGaGhWdlA1N1BzaDc3dWlPWGpESFpaTzJQNEhsRmthRjNfaGlfNi02cXNWTHpTcWl0dFJqQTUxXzlsYzZ1UmNGanQ4b2owYW9OSkpNMFHSAW5BVV95cUxPRjZkUkRhQ3A4YWZKSjdGTGZ0aFNRdDJaUTRYWFJlNVdESkFxUkxFT2RvWUI4UjZ0UHZBUjFaOThVeE5idEc4QzRhSklQQnZEcFVSSUFtR2pMUTlvWGJEcVgtUTJQeWJpXzRjTHhRUQ?oc=5,catchnews.kr,,AI 바우처,2026-09-19T15:38:10.090473+09:00,False,False,live
ART-00758,policy,"바이스벌사, AI 바우처·데이터바우처 3년 연속 공급기업 선정",2026-09-10,"바이스벌사, AI 바우처·데이터바우처 3년 연속 공급기업 선정 패션포스트","바이스벌사, AI 바우처·데이터바우처 3년 연속 공급기업 선정 패션포스트",https://news.google.com/rss/articles/CBMixAFBVV95cUxPRjFpT2ZBd0toWGk3NjZYcEJ1QnZPbW8wRW90V05nTWdfMFo4R3U2R3luTE1LQWVuZGsydUJNTV83OS1HYTExNk9UVlI3ZDRIZ3JxbEI3aHE3VW5nZnZfcHZLX0RmY0NvUFVRWUhYNXk4d1BsX08tUE1zemJ2UjRtOVdXbjZfbnpJYWxQM0xPeFZVYmJsVkpBSkY0dWdzRlJLNndiRjRYd2w2SDRnQlNXTVVoWHZNZk9SUnkyQjBBMW5EbHRW?oc=5,패션포스트,,AI 바우처,2026-09-19T15:38:10.090473+09:00,False,False,live
ART-00759,policy,"에이비스, ‘2026 AI바우처’ 일반·글로벌 분과 동시 선정",2026-06-22,"에이비스, ‘2026 AI바우처’ 일반·글로벌 분과 동시 선정 IT조선","에이비스, ‘2026 AI바우처’ 일반·글로벌 분과 동시 선정 IT조선",https://news.google.com/rss/articles/CBMicEFVX3lxTFBtUVZhbUVOVTBzS3RvOXpDbDFHdUJzSUxjT002QTB2RmVmNmZfdGlXRXFxYi1OSWVSOFdPWHdWOW5QYTZudGJtd1FhWE9EUml6WDhtRHhPM0lEV0xMWkRrd01RQ0wwQXFLRzR0U2NfcU3SAXRBVV95cUxNR2hLWGhUd2JFaWg5UzktUEZzYzlpSk8zbWNtUVF6R2VYZGhsSkxJYTA1V3pWaVFVRHdIVlMxTTNmLV9nQWtPSHByQlRRWG9FUnlMYlBvXzlSZkthRFdtdE56OXNqbFdxcWFwb0w0OEg3YWxvag?oc=5,IT조선,,AI 바우처,2026-09-19T15:38:10.090473+09:00,False,False,live
ART-00760,policy,"에이아이트릭스, AI바우처 지원사업 공급기업 선정…‘브이닥프로’ 도입 확대",2026-03-26,"에이아이트릭스, AI바우처 지원사업 공급기업 선정…‘브이닥프로’ 도입 확대 팜이데일리","에이아이트릭스, AI바우처 지원사업 공급기업 선정…‘브이닥프로’ 도입 확대 팜이데일리",https://news.google.com/rss/articles/CBMibkFVX3lxTFByLThUZkp2WmRHa1ptNV9yYmNxTzl4NjRtVFQzekxRMVVHdU80ZFFNU2dkU0t5bkoxWEtTQkpQSXJJbE0tQzFhUkVoQXpLYjhuYW40dWgwWjFZZDJ2TG5PT0JBeEs0ZnNVajJndGFn?oc=5,팜이데일리,,AI 바우처,2026-09-19T15:38:10.090473+09:00,False,False,live
ART-00761,policy,"에이아이트릭스, AI 바우처 지원사업 공급기업 선정",2026-03-26,"에이아이트릭스, AI 바우처 지원사업 공급기업 선정 전자신문","에이아이트릭스, AI 바우처 지원사업 공급기업 선정 전자신문",https://news.google.com/rss/articles/CBMiTkFVX3lxTFBsbU9FSlpzeG5xSVVvTThSajB6NHQ2Qm03Nmtacm92WTd0bmxTWHdCVnI2OUd4NG0xUFpBQnZVRG9uNGdYV0ZlcElSZ3M5dw?oc=5,전자신문,,AI 바우처,2026-09-19T15:38:10.090473+09:00,False,False,live
ART-00762,policy,"청년 50만 명에 'AI 이용권' 지급하는 오세훈, 청소년 'AI 바우처' 전액 삭감한 추미애",2026-09-03,"청년 50만 명에 'AI 이용권' 지급하는 오세훈, 청소년 'AI 바우처' 전액 삭감한 추미애 v.daum.net","청년 50만 명에 'AI 이용권' 지급하는 오세훈, 청소년 'AI 바우처' 전액 삭감한 추미애 v.daum.net",https://news.google.com/rss/articles/CBMiRkFVX3lxTE1CelVBeXBSakw4Q1BVWlZYMjhWUENWQ0FCNS11UFhWenIyZVdUUlVTN1ltUDEyNUoyR05iQXZlWXczTW83UkE?oc=5,v.daum.net,,AI 바우처,2026-09-19T15:38:10.090473+09:00,False,False,live
ART-00763,policy,"포너즈, '2026년 AI바우처 지원사업' 공급기업 선정 - 머니투데이",2026-03-16,"포너즈, '2026년 AI바우처 지원사업' 공급기업 선정 - 머니투데이 mt.co.kr","포너즈, '2026년 AI바우처 지원사업' 공급기업 선정 - 머니투데이 mt.co.kr",https://news.google.com/rss/articles/CBMibEFVX3lxTFBkdzRLamFOaHVvUGtHdlVIOS15Zld3NnFxMjVVcWtCekpMa0VDb3BlNjM3dEljWnZmZ0tLZmViR3VhZUJCQXFrN2Ntb2dFQy14WEYwQjJRa1dJVlpraVRWTnZsZDVYb2hEcWZScNIBckFVX3lxTE1SVHlJMlFoajR0aDRHLVd3SDFvU1h2SThSTWlrNWsxQzdLZTFqRTFvb2lTeTNVSk9HTkYtWTFTajh5OGVUT3RtdGVvRUtsS05xMGZUOTgxRWFtaEw5TVBqSW1HcnJBajhkaThFMWtiUlFCUQ?oc=5,mt.co.kr,,AI 바우처,2026-09-19T15:38:10.090473+09:00,False,False,live
ART-00764,policy,"버즈니, AI바우처 공급기업 2년 연속 선정…최신 솔루션 7종 제공",2026-03-19,"버즈니, AI바우처 공급기업 2년 연속 선정…최신 솔루션 7종 제공 유니콘팩토리","버즈니, AI바우처 공급기업 2년 연속 선정…최신 솔루션 7종 제공 유니콘팩토리",https://news.google.com/rss/articles/CBMibEFVX3lxTE42T01uRlE4ZUN2TGVlc0l2aEZVMDVEOUI4TTItQmFWdGZUV2lEbW5FQURJaHRYdTl5THctbFZXZ3dSWHIyekZLTnRzajAyNFRFclpPUExBYU5fVjhtQ0dtV05JelY5Z0NsY2NMcw?oc=5,유니콘팩토리,,AI 바우처,2026-09-19T15:38:10.090473+09:00,False,False,live
ART-00765,policy,"리카AI, 2026 AI 바우처 지원사업 공급기업 선정",2026-07-31,"리카AI, 2026 AI 바우처 지원사업 공급기업 선정 아주경제","리카AI, 2026 AI 바우처 지원사업 공급기업 선정 아주경제",https://news.google.com/rss/articles/CBMiWkFVX3lxTFBYUFZkZnV1a0hMR0l3WjZzQ2Z4LWdqX0ZpSEczd2s0bTg3Yld4VW1ucktsWTkxTmE4UGpFWnEtZTVyYWVQTzZUd1lvcWw0bTVEQllBNUM3LWhYZ9IBWEFVX3lxTFBhRVVEN2dBQVJnRWRsVk0yN3RsM18yU3ZrMXl1cEdoNW9YUDg3V3ZmOHpOb0diZmlWM0drVVE0SWFxODFuZ28xc1dSQk1TbURIb1A5aXlKZFA?oc=5,아주경제,,AI 바우처,2026-09-19T15:38:10.090473+09:00,False,False,live
ART-00766,policy,"안랩, ‘2026년 AI바우처 지원사업’ 공급사 선정",2026-03-16,"안랩, ‘2026년 AI바우처 지원사업’ 공급사 선정 아이티데일리","안랩, ‘2026년 AI바우처 지원사업’ 공급사 선정 아이티데일리",https://news.google.com/rss/articles/CBMiZ0FVX3lxTFBDbnM2b0IxcUE1cG1KV1c0aWIwcXNXSW52NjFDTUFKR0dUR1B6aGtXN0dEOGxRb2tDN0tyVnRJUmN3NXphVFYxcDlSWmxUaFJJLWt4N0h6ZV9ZcjNCNllCM1p5LXptbkU?oc=5,아이티데일리,,AI 바우처,2026-09-19T15:38:10.090473+09:00,False,False,live
ART-00767,policy,"kt m&s, ‘AI바우처 지원사업’ 공급기업 선정...AI 교육·컨설팅·플랫폼 원스톱 패키지 제공",2026-03-13,"kt m&s, ‘AI바우처 지원사업’ 공급기업 선정...AI 교육·컨설팅·플랫폼 원스톱 패키지 제공 인공지능신문","kt m&s, ‘AI바우처 지원사업’ 공급기업 선정...AI 교육·컨설팅·플랫폼 원스톱 패키지 제공 인공지능신문",https://news.google.com/rss/articles/CBMiZ0FVX3lxTE5kNDNOLW5mT0dnVG5NemN1cFE2SExZNWZNRzV3V1drMkdfUVRNc0tCRUEwal9taldSajlud3VEaTNEMllFa0hHVnhNdmxCdkZMTWpaaVJ3UjZmZDFTU1U5TmlXOXh5SGM?oc=5,인공지능신문,,AI 바우처,2026-09-19T15:38:10.090473+09:00,False,False,live
ART-00768,policy,"지미션, ‘2026 AI 바우처 지원사업’ 공급기업 선정",2026-03-24,"지미션, ‘2026 AI 바우처 지원사업’ 공급기업 선정 벤처스퀘어","지미션, ‘2026 AI 바우처 지원사업’ 공급기업 선정 벤처스퀘어",https://news.google.com/rss/articles/CBMiT0FVX3lxTFBNSDdaajg1TFpjLTdqX2VXQkY5eWRUekdJbDNVY0dNUTJYLWdjWHphR3JIRGx6a3duaDlyLUQyYndNeVk3dmpaUmc4RGtpQUk?oc=5,벤처스퀘어,,AI 바우처,2026-09-19T15:38:10.090473+09:00,False,False,live
ART-00769,policy,"스패로우, 과기정통부 '2026년 AI바우처 지원사업' 공급기업 선정",2026-03-17,"스패로우, 과기정통부 '2026년 AI바우처 지원사업' 공급기업 선정 전자신문","스패로우, 과기정통부 '2026년 AI바우처 지원사업' 공급기업 선정 전자신문",https://news.google.com/rss/articles/CBMiTkFVX3lxTE5UT0RGNFVGeDNuQ0prT2xfLTNLczREVWxwb1loVVFjOThTV3UxZGhQRWJxdVJoQ1B2cG1KeUl4SldzTkRfM0xBNHhPdlNfUQ?oc=5,전자신문,,AI 바우처,2026-09-19T15:38:10.090473+09:00,False,False,live
ART-00770,policy,"한미약품, 'AX 원스톱 바우처 지원사업' 선정…AI 도입 - 머니투데이",2026-09-07,"한미약품, 'AX 원스톱 바우처 지원사업' 선정…AI 도입 - 머니투데이 mt.co.kr","한미약품, 'AX 원스톱 바우처 지원사업' 선정…AI 도입 - 머니투데이 mt.co.kr",https://news.google.com/rss/articles/CBMiakFVX3lxTFB4Z3FWbUpPc3J2UEdMNC1uNnFHQXhqaTV3al9pN1NGVmJjWnRSOVk2bHNMV0J3b2U0ZEx6cnBNQ3M5MmdDYTlBanNjTHZVMVNvWTdXc01WRlJDc3J1N19VRnk3d0RpU3loZmfSAW9BVV95cUxQSTRjeEwybTFGRk5URTJieGRJT1hrUUlIOVFnWUhkMVIzRk1kN3ZiTlZVeFctc1R5YXNtNzBKaThhTTdBV0tCSkZPc012QlJjcTZNc2FMQm9fajRjVW9PejlXMC1CeHZVOE9Sc3diemM?oc=5,mt.co.kr,,AI 바우처,2026-09-19T15:38:10.090473+09:00,False,False,live
ART-00771,policy,"한국IT마스터즈, 'AI 바우처 지원사업' 공급기업 선정 - 머니투데이",2026-03-23,"한국IT마스터즈, 'AI 바우처 지원사업' 공급기업 선정 - 머니투데이 mt.co.kr","한국IT마스터즈, 'AI 바우처 지원사업' 공급기업 선정 - 머니투데이 mt.co.kr",https://news.google.com/rss/articles/CBMibEFVX3lxTE5HN0wtSzhDOEl4aWZlY3VjYXBkdnI1V2tjZE9QaXdKSEpZd3NNWFBnY3ZyRVNob3ozMHRFLWRqS0JoYmdfMTFNZFl1M2x6SkNtbFVQYTV6THJLZlN0LTN3dmZhUS1OSEhXZjBVU9IBckFVX3lxTFBtdURfOURuV1dJWFdDVjhULWYxdUYxVkZoUk44SlFUUVhTQWl3N09nMG9JWERvV0o2TVhZYkRMeUpYT1g4MkRuckFrUTB4TUFUZmFPUzRzWGxQTExTMkUxT01La1FiQWFMSVBGaHRRck9fQQ?oc=5,mt.co.kr,,AI 바우처,2026-09-19T15:38:10.090473+09:00,False,False,live
ART-00772,policy,"사이냅소프트, '2026 AI바우처 지원사업' 공급기업 선정…""기업 AX 가속화 지원""",2026-03-19,"사이냅소프트, '2026 AI바우처 지원사업' 공급기업 선정…""기업 AX 가속화 지원"" 프라임경제","사이냅소프트, '2026 AI바우처 지원사업' 공급기업 선정…""기업 AX 가속화 지원"" 프라임경제",https://news.google.com/rss/articles/CBMiYEFVX3lxTE1ObW5BTEVLbGYwYXYwbUxsRnVkZkx4Q0RPZmtOdXA1WGdORngzRVhrTVZNZlZHZUUyQXZJRzNOM3RWZVBhVXdhMnY3bHhuQkRmQ2ROQ1NrVjJsaTJ1SlVrMQ?oc=5,프라임경제,,AI 바우처,2026-09-19T15:38:10.090473+09:00,False,False,live
ART-00773,policy,625억 투입 AI 바우처 확대…중소기업 도입 문턱 낮춘다,2026-03-19,625억 투입 AI 바우처 확대…중소기업 도입 문턱 낮춘다 연합뉴스,625억 투입 AI 바우처 확대…중소기업 도입 문턱 낮춘다 연합뉴스,https://news.google.com/rss/articles/CBMiW0FVX3lxTE9Zb1lQb1lyYU83UFBJaHd1SkU0Y09lcGc1Mm1mRWdtdk5uRlB0UGpNdGFVZzlIYThQUmJYWHhDNEZGa09abjVrLW80Sm5aR2RfS0NYZ0lrUkxjeUnSAWBBVV95cUxPNDI2VVBsQWdfWUw3c2ZaODk2aFVUQUkxVlFvcXNsYTNtVldoVmtmeGNTR3JvT2VVOEF0UkMwckVJRGlhNUZjeU5UNnZPdXFYZ2t0ZnFxdVhnWXZYNXNwNmg?oc=5,연합뉴스,,AI 바우처,2026-09-19T15:38:10.090473+09:00,False,False,live
ART-00774,policy,"나무기술, ‘2026년 AI 바우처 공급기업’ 선정",2026-03-16,"나무기술, ‘2026년 AI 바우처 공급기업’ 선정 아이티데일리","나무기술, ‘2026년 AI 바우처 공급기업’ 선정 아이티데일리",https://news.google.com/rss/articles/CBMiZ0FVX3lxTE5kRkkxZDFLclMwUU4zVjhoa0hmVHRIZXBEOWtvMHQxb2F3QkNYdDdSemhSSHRVXzB2VGJVWFcyYjRMVmZJUXlPVTJWNE5WMnNrTmJKV3dKb0c0a3RzUzVKaVVjVnpibzg?oc=5,아이티데일리,,AI 바우처,2026-09-19T15:38:10.090473+09:00,False,False,live
ART-00775,policy,"kt m&s, 자체 AI 플랫폼 ‘넥서스’로 정부 ‘AI바우처 지원사업’ 참여",2026-03-13,"kt m&s, 자체 AI 플랫폼 ‘넥서스’로 정부 ‘AI바우처 지원사업’ 참여 아이티데일리","kt m&s, 자체 AI 플랫폼 ‘넥서스’로 정부 ‘AI바우처 지원사업’ 참여 아이티데일리",https://news.google.com/rss/articles/CBMiZ0FVX3lxTE9NN2pka3B1blAtRTBmalY5UnNRakhucUtUUzdwSnBtOHlleEcwcGlyRjB2ZkZtWVRNaFotQ1NyYXg2Qm5pQkRPRWQ4bkhndDlNZlhqdk1DOTlvNEdCT2NNY0x5SVVLVnM?oc=5,아이티데일리,,AI 바우처,2026-09-19T15:38:10.090473+09:00,False,False,live
ART-00776,policy,"SKAI월드와이드, 정부 AI 바우처 사업 공급기업 선정",2026-03-25,"SKAI월드와이드, 정부 AI 바우처 사업 공급기업 선정 마켓인","SKAI월드와이드, 정부 AI 바우처 사업 공급기업 선정 마켓인",https://news.google.com/rss/articles/CBMic0FVX3lxTE1CLVhsSHBsREhXTGt1TW9KNmxxYmJhY19RT2pRcVFEam5CZEN4VHMwQlEyNmdwcGE3QzdjV1RMSmVVV3ZLYVJ6cjF2SnppaF9mY3hlR3VUc3ZzcFVrX2R2NkV2czlCTWh6dV9haUxZRFVBTTA?oc=5,마켓인,,AI 바우처,2026-09-19T15:38:10.090473+09:00,False,False,live
ART-00777,policy,"에이아이트릭스, 'AI 바우처 지원사업' 공급 기관 선정",2026-03-26,"에이아이트릭스, 'AI 바우처 지원사업' 공급 기관 선정 히트뉴스","에이아이트릭스, 'AI 바우처 지원사업' 공급 기관 선정 히트뉴스",https://news.google.com/rss/articles/CBMia0FVX3lxTE5qbnJGYWxPUFR2UUJaVkdaa2xnclJ3QUJ5MkNxZE5BWmdzQXg2LU53Y3dZc0U2WEVVQkt4aUdDaGxWejRDa0VwQy04NmNIdVotRkFPWXFGMWJ5Mlh4ZUFWVTJuM1NpVGxkcjVR?oc=5,히트뉴스,,AI 바우처,2026-09-19T15:38:10.090473+09:00,False,False,live
ART-00778,policy,"주식회사 예진, ‘2026년 AI 바우처 지원사업’ 공급기업 선정",2026-03-24,"주식회사 예진, ‘2026년 AI 바우처 지원사업’ 공급기업 선정 데일리시큐","주식회사 예진, ‘2026년 AI 바우처 지원사업’ 공급기업 선정 데일리시큐",https://news.google.com/rss/articles/CBMibEFVX3lxTE9iNzJlME90RDhUXzdUaUdIQjgzVC1UUzRfbE5RdGZYSk02TmI1Y2d2cS1JeFY4NEt6TkVPZV9IMmh2bXExdFQ0WXVzMmg4ZzZMTDl5TXhrU3U2elo2OEdGYzVXb0JqUEE4bjFYVw?oc=5,데일리시큐,,AI 바우처,2026-09-19T15:38:10.090473+09:00,False,False,live
ART-00779,policy,"알서포트, '2026 AI바우처 지원사업' 공급기업 선정…AI 회의록 제공",2026-03-16,"알서포트, '2026 AI바우처 지원사업' 공급기업 선정…AI 회의록 제공 아이티데일리","알서포트, '2026 AI바우처 지원사업' 공급기업 선정…AI 회의록 제공 아이티데일리",https://news.google.com/rss/articles/CBMiZ0FVX3lxTE1Od3JCSU5DTUlxOEhKSTB2OUxVbU9wVm9oekNPSkJIaVZHY09rN1RjQk9HZUsyRDBxemItcTVuLUZHeGoydmRUSmF0X3ZBN3JpSGxVUUVSX09yc1Z1UklwNXd4b1BzQm8?oc=5,아이티데일리,,AI 바우처,2026-09-19T15:38:10.090473+09:00,False,False,live
ART-00780,policy,"나무기술-올림플래닛, 'AI 바우처 지원사업' 컨소시엄 최종 선정",2026-06-04,"나무기술-올림플래닛, 'AI 바우처 지원사업' 컨소시엄 최종 선정 뉴시스","나무기술-올림플래닛, 'AI 바우처 지원사업' 컨소시엄 최종 선정 뉴시스",https://news.google.com/rss/articles/CBMiYEFVX3lxTE1aejZMa0RuNDFxdlg0Y2d0d0N5X1BCNVRMNk9qU1FZT3c4YXBjTVpnRnRuaGUyclBGeGNXR29vTkpZZkw3bkZIZFFZdlI0bkF4VkdqLXl5NWtLRmJCblh0NNIBeEFVX3lxTE1fYXNuOWlaVDFQZzVMVE5VYUFoSHpNdEdKcGhoLTN1M01pUldpZ1BNNW1sUzJHYkhDazcwZHVxb1JYbF9xR3kwZ1NUcWpsNHRaNlJEVG1NRktUY0pkSWZtVF9semR4bHVlbEFRTjltcTR6OXhpZm92Zg?oc=5,뉴시스,,AI 바우처,2026-09-19T15:38:10.090473+09:00,False,False,live
ART-00781,policy,"에이아이트릭스, AI 바우처 공급기업 선정",2026-05-15,"에이아이트릭스, AI 바우처 공급기업 선정 데일리팜","에이아이트릭스, AI 바우처 공급기업 선정 데일리팜",https://news.google.com/rss/articles/CBMiVkFVX3lxTE1QbEswMTljM3YzeWN0YzE2dWtBRUJlaUNSTTB5R0VIdzc2SjhnSUswNTczR1lJbXRIWVlJNXltdzR2eDdULUtlbVMzUkl3d0RVbDJnMlV3?oc=5,데일리팜,,AI 바우처,2026-09-19T15:38:10.090473+09:00,False,False,live
ART-00782,policy,"[사이언스게시판] 과기정통부, AI 통합 바우처 사업 설명회 개최…625억원 지원 外",2026-03-19,"[사이언스게시판] 과기정통부, AI 통합 바우처 사업 설명회 개최…625억원 지원 外 DongA Science","[사이언스게시판] 과기정통부, AI 통합 바우처 사업 설명회 개최…625억원 지원 外 DongA Science",https://news.google.com/rss/articles/CBMiVEFVX3lxTE1fM2dyckNPOVZ3ek4zTVdRTDRTb3RtbUF0U185a25Md200UEhaa3Z4U3JsNmoyRFY1SUdNZEF0WUNSRFBJZ0M3NmJvbW5acjBPdlNIQQ?oc=5,DongA Science,,AI 바우처,2026-09-19T15:38:10.090473+09:00,False,False,live
ART-00783,policy,"모니터랩, ‘2026년 AI 바우처 지원사업’ 공급기업 선정",2026-03-26,"모니터랩, ‘2026년 AI 바우처 지원사업’ 공급기업 선정 지디넷코리아","모니터랩, ‘2026년 AI 바우처 지원사업’ 공급기업 선정 지디넷코리아",https://news.google.com/rss/articles/CBMiVkFVX3lxTE90dVhNbDVoOEtXRWlsWUpfY0p3MEhJWDN2aEViTXpta1kybEdyNUNSQ1BPTEFJYWN0cnZXeGFienMzZUo0RXY0MlB5SWRnM29SZ1gxNnZ3?oc=5,지디넷코리아,,AI 바우처,2026-09-19T15:38:10.090473+09:00,False,False,live
ART-00784,policy,"안랩·클라우드메이트, 'AI 바우처 사업' 솔루션 공급",2026-03-16,"안랩·클라우드메이트, 'AI 바우처 사업' 솔루션 공급 전자신문","안랩·클라우드메이트, 'AI 바우처 사업' 솔루션 공급 전자신문",https://news.google.com/rss/articles/CBMiTkFVX3lxTE9Qb2drUy1lMHpzN3NNQ0M1Ym1EbHctYThIeEVwT1QxbTJocFhsVWFld0tTeTlySXJQakRWVlZqT2x4d3VIXzlVR2tFVVFiUQ?oc=5,전자신문,,AI 바우처,2026-09-19T15:38:10.090473+09:00,False,False,live
ART-00785,policy,"나무기술, ‘AI 바우처 지원사업’ 컨소시엄 최종 선정",2026-06-04,"나무기술, ‘AI 바우처 지원사업’ 컨소시엄 최종 선정 뉴스투데이","나무기술, ‘AI 바우처 지원사업’ 컨소시엄 최종 선정 뉴스투데이",https://news.google.com/rss/articles/CBMiXkFVX3lxTFBwUW9sX3doTkhIV0V3a2U2ZFQtNWlIYVJ3SG10UjNpNk5LQWFKbzVNUGVXNnpOeEJtUEFRenZnX2ZCQVBpTEFELXkzUnBHX3BjUy10aXZCdExWYUgtQ0E?oc=5,뉴스투데이,,AI 바우처,2026-09-19T15:38:10.090473+09:00,False,False,live
ART-00786,policy,"잇피, 보건복지부 의료 AI 바우처 사업 선정",2026-05-14,"잇피, 보건복지부 의료 AI 바우처 사업 선정 벤처타임즈","잇피, 보건복지부 의료 AI 바우처 사업 선정 벤처타임즈",https://news.google.com/rss/articles/CBMiZkFVX3lxTE5QMGtNNlBYLWIwTFJkVVJ3YWpud005Mzc1czN6c1gycFFHYS1KaVh2UHFxdUlPMklrZXljcG56dWtteFZqRFVqODJTSWVaVDZRRlI2ZUp0aHhSa0FoUllod1NfTk84QQ?oc=5,벤처타임즈,,AI 바우처,2026-09-19T15:38:10.090473+09:00,False,False,live
ART-00787,policy,"STA테스팅컨설팅, '2026년 AI바우처 지원사업' 공급기업 선정",2026-03-16,"STA테스팅컨설팅, '2026년 AI바우처 지원사업' 공급기업 선정 전자신문","STA테스팅컨설팅, '2026년 AI바우처 지원사업' 공급기업 선정 전자신문",https://news.google.com/rss/articles/CBMiTkFVX3lxTE1FREVERmI1dzhqa3MwaGZ3V0ZnN2pKTDN5dExHRXhHZUtRZzg1cmdaZjFUYWJtTEJZR0lYanM3OHVENEFqaVlMUkF6VGk0QQ?oc=5,전자신문,,AI 바우처,2026-09-19T15:38:10.090473+09:00,False,False,live
ART-00788,policy,"메가존클라우드 '에어 스튜디오', AI 바우처 공급 선정… 도입비 최대 2억 지원",2026-03-23,"메가존클라우드 '에어 스튜디오', AI 바우처 공급 선정… 도입비 최대 2억 지원 전자신문","메가존클라우드 '에어 스튜디오', AI 바우처 공급 선정… 도입비 최대 2억 지원 전자신문",https://news.google.com/rss/articles/CBMiTkFVX3lxTE5KRFBRZGVqODBHZG5CWEZ4ZmF4aHRNNDdaU0hJUjNFX1FYSG1HaGRpZHFsbzlNenRyR3JmMmk3bVhwanBkMFlDdWZUN0ZLZw?oc=5,전자신문,,AI 바우처,2026-09-19T15:38:10.090473+09:00,False,False,live
ART-00789,policy,방미통위 내년 예산 3000억 육박…AI·허위조작정보에 집중,2026-09-01,방미통위 내년 예산 3000억 육박…AI·허위조작정보에 집중 뉴시스,방미통위 내년 예산 3000억 육박…AI·허위조작정보에 집중 뉴시스,https://news.google.com/rss/articles/CBMiYEFVX3lxTFB4QTAtVVIxQ0lBc2VHQVplc1p3QVFvSTFtLWt1WE9KSF84WFhnemlnaEh2eWhUTFRTclBKTEEyZFVETnk0RUJWLVpMemhKamV0TXJMMDM4ZHlpVnR3YklaR9IBeEFVX3lxTE9fbWJucGlaclY3anJYV2Z4VGtob3dQTGNvb28yTW05OFpudEwwM1BVQzFpZW1lZEwzd2RnMTZuQWJJaFVJNm14NXlFWVp1RGZ1MTk3NzRRMjFkMnRMRXZ4X0dEWl9sLVJiS1Z6MFJzeFAwTE9jLWdETA?oc=5,뉴시스,,AI 바우처,2026-09-19T15:38:10.090473+09:00,False,False,live
ART-00790,policy,"엑스큐어넷, '2026년 AI 바우처 지원사업' 공급기업 선정…“AI 분석 지능으로 내부 위협 탐지 고도화”",2026-03-11,"엑스큐어넷, '2026년 AI 바우처 지원사업' 공급기업 선정…“AI 분석 지능으로 내부 위협 탐지 고도화” 전자신문","엑스큐어넷, '2026년 AI 바우처 지원사업' 공급기업 선정…“AI 분석 지능으로 내부 위협 탐지 고도화” 전자신문",https://news.google.com/rss/articles/CBMiTkFVX3lxTFBMOXVFQVdFTEw1Q2x3VzNEM0x0Wnh2X290YmZ5b1BieVFaemNVNWVvQjJDeUhXcU9IaXltUWVOcG14UFVEQ2d3ZlZ4eENLQQ?oc=5,전자신문,,AI 바우처,2026-09-19T15:38:10.090473+09:00,False,False,live
ART-00791,policy,"패션 소상공인도 ‘디자인-제조’AI로...리빌더AI, AX문턱 낮춘다",2026-08-28,"패션 소상공인도 ‘디자인-제조’AI로...리빌더AI, AX문턱 낮춘다 한국섬유신문","패션 소상공인도 ‘디자인-제조’AI로...리빌더AI, AX문턱 낮춘다 한국섬유신문",https://news.google.com/rss/articles/CBMiaEFVX3lxTFA1dWJIclBQdW1BM3BLeHBOUkRwZS1TZWJoM2p2VEZxQ1gyWW5FZVk5dlhCZlFpaW9ZTkJORVp3R0k4OGlfWUJuYUZxRlJHaHdVUjAtYmlJdkxfeHJhWnM4b1ptcWhFcDE4?oc=5,한국섬유신문,,AI 바우처,2026-09-19T15:38:10.090473+09:00,False,False,live
ART-00792,policy,"메가존클라우드, ‘AI바우처 지원사업’ 공급기업 선정…AIR Studio 도입 기업 모집",2026-03-23,"메가존클라우드, ‘AI바우처 지원사업’ 공급기업 선정…AIR Studio 도입 기업 모집 벤처스퀘어","메가존클라우드, ‘AI바우처 지원사업’ 공급기업 선정…AIR Studio 도입 기업 모집 벤처스퀘어",https://news.google.com/rss/articles/CBMiT0FVX3lxTE1Jc1ZBV211YVo4eTdpMF9DNEdQdkZwMDBHV0R1Rk1VZEU0T1l6aEUzeFJPSmFVOGNOMjBNZUpXSlRLdGhaWmFWNm9Sd3ZsaDQ?oc=5,벤처스퀘어,,AI 바우처,2026-09-19T15:38:10.090473+09:00,False,False,live
ART-00793,policy,"안랩·안랩클라우드메이트, ‘2026년 AI바우처 지원사업’서 AI 솔루션 공급",2026-03-16,"안랩·안랩클라우드메이트, ‘2026년 AI바우처 지원사업’서 AI 솔루션 공급 보안뉴스","안랩·안랩클라우드메이트, ‘2026년 AI바우처 지원사업’서 AI 솔루션 공급 보안뉴스",https://news.google.com/rss/articles/CBMia0FVX3lxTE40RVFsSWs3bFktWDQ2TG1hR3JhRDJyUkM1QU10cGpqMFMtUVRfVUpuMVlMUjFtV2pPRXN0M2lxbWFpZmJ4MDNLUEJ2WDRISUdLbjhacDItVEtTcTNzd1Qya0hWY3RjTXJlamNz?oc=5,보안뉴스,,AI 바우처,2026-09-19T15:38:10.090473+09:00,False,False,live
ART-00794,policy,소버린 AI 한계론 확산…한국 'AI 바우처' 재조명,2026-04-03,소버린 AI 한계론 확산…한국 'AI 바우처' 재조명 연합뉴스,소버린 AI 한계론 확산…한국 'AI 바우처' 재조명 연합뉴스,https://news.google.com/rss/articles/CBMiW0FVX3lxTE13cTRTaS1PM0VLTG5KOUZTTzhrNjBYT0pTQXBrRGpINWxzbUJDbUNYNTJZZlhwNGIzNzhYanBzRU9CMjg0aVpkbzdQMEFDdS03dGVmUGIySmJzdU3SAWBBVV95cUxQSFh1R0xJOGZzYW9PUmRCXzQ1Nlp1Y3ZQOThBVHJacWhnTEVERUJZaGhNa01wWVdQN3pfbTVQTkFhQUFzMzhab2lGZ093UGtqb19faHQ4T1FqTUVBLUh1ZHE?oc=5,연합뉴스,,AI 바우처,2026-09-19T15:38:10.090473+09:00,False,False,live
ART-00795,policy,"투니온, ‘AI 바우처 지원사업’ 공급기업 선정",2026-03-16,"투니온, ‘AI 바우처 지원사업’ 공급기업 선정 한국일보","투니온, ‘AI 바우처 지원사업’ 공급기업 선정 한국일보",https://news.google.com/rss/articles/CBMibkFVX3lxTE5haTZrdTRoYnRxM3dfNmJTbldMX014UV9HVnZ1LU1PY19DYUlXazhlMjBzaDcteWJwRTdtdlhZa3RYb0NrTEtyZElCM3dIZnI1bHhSb0xlaXBWWUdkSFdOc0tFSTB5Q2xlMjc5SzVn0gFzQVVfeXFMUFhCbFpLbTFpM25qc0VUZjlReXlydE03N0huTGJQa2RlcEREdHJDNHNzWm1hc1NtcFdmMktVdGY5TWV6MVhqSy1IXzdMYnRGUWpSbGRiajhhWEhCMzczVXVyOFp3cnk0Z3BpMVVudUx3UHpfZw?oc=5,한국일보,,AI 바우처,2026-09-19T15:38:10.090473+09:00,False,False,live
ART-00796,policy,"리카AI, '2026 AI 바우처 지원사업' 공급기업 선정",2026-07-31,"리카AI, '2026 AI 바우처 지원사업' 공급기업 선정 데일리경제","리카AI, '2026 AI 바우처 지원사업' 공급기업 선정 데일리경제",https://news.google.com/rss/articles/CBMibEFVX3lxTE5VTklJd0ZDRFZhT1V3eW5rVUlkeTVvV0Y4YTU5U1loRFplcndWd3lqZTduakpRVGVqMmhMSEh0UnJ5OUxwOVhVek9IWmpTQW9wd1lOTm9QaXB6eVZ2R2stQmdzZFVRUEZLZWl6RQ?oc=5,데일리경제,,AI 바우처,2026-09-19T15:38:10.090473+09:00,False,False,live
ART-00797,policy,방미통위 첫 예산 2977억원…소외계층 AI 바우처는 빠졌다,2026-09-01,방미통위 첫 예산 2977억원…소외계층 AI 바우처는 빠졌다 디지털데일리,방미통위 첫 예산 2977억원…소외계층 AI 바우처는 빠졌다 디지털데일리,https://news.google.com/rss/articles/CBMiZ0FVX3lxTE1LT1BZazJLdnBOQmp5UmFaS3RWRVN4TTZidDVSdmlvOEctc1JEUS1FeUtyWDRISDNhMVBnbFJtWE1ZT0JUeEt4bm9vVEdRTUZudTlMeU9SZHctWmJuckRpLXUwN0I5Y1U?oc=5,디지털데일리,,AI 바우처,2026-09-19T15:38:10.090473+09:00,False,False,live
ART-00798,policy,"[단독] 정부, 취약계층에 챗GPT 구독료 지원하는 ‘AI 바우처’ 검토 - 조선비즈",2026-06-10,"[단독] 정부, 취약계층에 챗GPT 구독료 지원하는 ‘AI 바우처’ 검토 - 조선비즈 Chosunbiz","[단독] 정부, 취약계층에 챗GPT 구독료 지원하는 ‘AI 바우처’ 검토 - 조선비즈 Chosunbiz",https://news.google.com/rss/articles/CBMihgFBVV95cUxNUHRhSEJySW5vV3lFUjJXVGxuWWZUWDVxSXhGZFNOYmdiWUFFZVJidF8tZWVqWWQ5UUtqTkdaVHlWX2ZDLXI2N3NzUmN2cFlIUHRLUHM1VFFCSjNJbjF0TkdzWWdueEtfLUdhdXVSbDNyY2g4bm93UWZiRUNFZXdVTDQ1aFBMZ9IBmgFBVV95cUxQNVpldWRwVFpfOGwxSER0VzRZT2hwTjd4Wl9PODFhdUphQmM5NjhVaG5GUG1pZW56a0toSTgxb3JoZ1M1emJkaVBSNGJqR2pKWVdGX1NqWHJiUUp4SE8tLVNFOURHUTVtNVZNSWx3cDI1SDd1SEhFZU1EWDVfMmFkVjY2S19lWlh3Wk10RFJOYjlRdzRUV040VHdR?oc=5,Chosunbiz,,AI 바우처,2026-09-19T15:38:10.090473+09:00,False,False,live
ART-00799,policy,"오케스트로 AGI, 정부 'AI 바우처 공급기업' 선정… 기업 AI 전환 지원",2026-04-09,"오케스트로 AGI, 정부 'AI 바우처 공급기업' 선정… 기업 AI 전환 지원 유니콘팩토리","오케스트로 AGI, 정부 'AI 바우처 공급기업' 선정… 기업 AI 전환 지원 유니콘팩토리",https://news.google.com/rss/articles/CBMibEFVX3lxTE5GX3RSemxIQWpFVldOWE5TeFNYMjVmNXRGbnphbXN4b2lxSGxsYnVuai1La0tlRVUxeTF3ZmFFRHprZHdtdlVBS2FkZGlZaWdsS3U3Y3ZnTHZMa0tEWGY1UVpqSzVlZVJlU0FNSA?oc=5,유니콘팩토리,,AI 바우처,2026-09-19T15:38:10.090473+09:00,False,False,live
ART-00800,policy,"나무기술, 'AI 바우처 공급기업' 선정…맞춤형 AI 솔루션 제공",2026-03-16,"나무기술, 'AI 바우처 공급기업' 선정…맞춤형 AI 솔루션 제공 전자신문","나무기술, 'AI 바우처 공급기업' 선정…맞춤형 AI 솔루션 제공 전자신문",https://news.google.com/rss/articles/CBMiTkFVX3lxTE1UWjY0N2pCenJiWHUxd1lOZFUxX2VYZzE5UFdtajZUS1k2VkpLZFJidzJ4MFhJNUNmLVFRTXZKVnZDYVUzdFZoUWVMbndXZw?oc=5,전자신문,,AI 바우처,2026-09-19T15:38:10.090473+09:00,False,False,live
ART-00801,policy,솔로몬텍 ‘2026 AI 바우처 지원사업’ 공급기업 선정… 인텔리코어로 기업 AI 혁신 선도,2026-04-27,솔로몬텍 ‘2026 AI 바우처 지원사업’ 공급기업 선정… 인텔리코어로 기업 AI 혁신 선도 뉴스와이어,솔로몬텍 ‘2026 AI 바우처 지원사업’ 공급기업 선정… 인텔리코어로 기업 AI 혁신 선도 뉴스와이어,https://news.google.com/rss/articles/CBMiX0FVX3lxTE5nTFduYVlyRzVmSlNqd3dINTM2bVJxZmU4MVBncDhPS1YyaXBwTjVhaEFhaEhReU5jaU5vbW1EUG0xVnZWSHFUd2FMTmc5Zm84RVMwZzZTb0ZtTmE1U3ZV?oc=5,뉴스와이어,,AI 바우처,2026-09-19T15:38:10.090473+09:00,False,False,live
ART-00802,policy,"지미션, '2026년 AI 바우처 지원사업' 공급기업 선정",2026-03-23,"지미션, '2026년 AI 바우처 지원사업' 공급기업 선정 데일리시큐","지미션, '2026년 AI 바우처 지원사업' 공급기업 선정 데일리시큐",https://news.google.com/rss/articles/CBMibEFVX3lxTE9OUVNJMFduQ1ZSOGJ4bjRnUWhSUzdSXzRXbGw5V3l2ZVN0M1ZJZVBIdXJSOE83d3dhVzhZU1IxUFJyT1VULTR2OU5pZXBPUk1DZXRTaTZYd25tMU1MV25YYkVMbXR0eVBNbHVsWQ?oc=5,데일리시큐,,AI 바우처,2026-09-19T15:38:10.090473+09:00,False,False,live
ART-00803,policy,"[테크스냅] 오케스트로 AGI, 'AI 바우처 공급기업' 선정",2026-04-09,"[테크스냅] 오케스트로 AGI, 'AI 바우처 공급기업' 선정 연합뉴스","[테크스냅] 오케스트로 AGI, 'AI 바우처 공급기업' 선정 연합뉴스",https://news.google.com/rss/articles/CBMiW0FVX3lxTFBVRGEzYjlEOW5fQlZvWEQzazl6MDQtcUM2dE5BamNMWjZNVzdjRzlYbHVnOUtaYkpkTlY3N09sZ1N4clZyaXNQcm5VcndVR0I0MnVjV3ROSjI1NGPSAWBBVV95cUxQNjZ5OGdUVF93MG9jNmcxTXBwdzZLWURQa2dVYm1SblZGODhveEpBMTdHTnViUVdpM2FWeWlEQjFQNGNHLUVueDN5X1VWLWNfYXNTRFF4S3ItY0w2VVpONzg?oc=5,연합뉴스,,AI 바우처,2026-09-19T15:38:10.090473+09:00,False,False,live
ART-00804,policy,"버즈니, ‘2026년 AI 통합 바우처 지원 사업’ 공급기업 선정",2026-04-07,"버즈니, ‘2026년 AI 통합 바우처 지원 사업’ 공급기업 선정 지디넷코리아","버즈니, ‘2026년 AI 통합 바우처 지원 사업’ 공급기업 선정 지디넷코리아",https://news.google.com/rss/articles/CBMiVkFVX3lxTFBENHJobjhRN1FRTkZXQzhEVVFCOGkzcEE2NmdEaG9uMkNyV1F2S1I0NjRWYjhPLVR3MDNTN25hekdHSkwyREgyMkFkV19vUEcxak9oMmlB?oc=5,지디넷코리아,,AI 바우처,2026-09-19T15:38:10.090473+09:00,False,False,live
ART-00805,policy,"스마트푸드네트웍스, AI 바우처 공급기업 선정",2026-03-30,"스마트푸드네트웍스, AI 바우처 공급기업 선정 벤처타임즈","스마트푸드네트웍스, AI 바우처 공급기업 선정 벤처타임즈",https://news.google.com/rss/articles/CBMiZkFVX3lxTFBkQjNva0lLZTNYUGVGbC1HVXQ3Rlg4Y3pMOW1zWEd0Q2phRW9HQXRSOU4tdVBIX1duRDlYWk5UbHpwaWdGUzgwUThEaTdvS1E4anFQd20yUWZfVkkycDIxbDgzRVhsdw?oc=5,벤처타임즈,,AI 바우처,2026-09-19T15:38:10.090473+09:00,False,False,live
ART-00806,policy,"에이프리카, 6년 연속 'AI 바우처 지원사업' 공급기업 선정",2026-03-24,"에이프리카, 6년 연속 'AI 바우처 지원사업' 공급기업 선정 뉴스핌","에이프리카, 6년 연속 'AI 바우처 지원사업' 공급기업 선정 뉴스핌",https://news.google.com/rss/articles/CBMiXEFVX3lxTFBXNGotOE8yUzFjdFA3UVdkVTlrVDNUUDlfS0RJNk1mTEZsM2JSOW1naUhnTklMWVFmSkI1NGVUVkhLVFA4WTVKME5KM0hMVlNSRkNCYWs4Tl9yQ2Nk?oc=5,뉴스핌,,AI 바우처,2026-09-19T15:38:10.090473+09:00,False,False,live
ART-00807,policy,"비용·인력 벽 낮춘 AI 바우처, 제주기업 디지털 전환 마중물 삼는다",2026-06-25,"비용·인력 벽 낮춘 AI 바우처, 제주기업 디지털 전환 마중물 삼는다 헤드라인제주","비용·인력 벽 낮춘 AI 바우처, 제주기업 디지털 전환 마중물 삼는다 헤드라인제주",https://news.google.com/rss/articles/CBMic0FVX3lxTE1pcXdLU3pubnl2OTgxODdUdm1pc3d2bWU4bTV0Rnhza3pRQmJTRzFaLUZ6cFVwLWJ6aU1pd2RLMzNrdWNmU0d5SENFalQzWjRoTVhnYkdLX19weExHalhyak15NURRQlFsc2ExbV9UaWR1VXM?oc=5,헤드라인제주,,AI 바우처,2026-09-19T15:38:10.090473+09:00,False,False,live
ART-00808,policy,"이즈파크, AI 바우처 공급기업 선정… 제조기업 AX 전환 지원",2026-03-23,"이즈파크, AI 바우처 공급기업 선정… 제조기업 AX 전환 지원 인더스트리뉴스","이즈파크, AI 바우처 공급기업 선정… 제조기업 AX 전환 지원 인더스트리뉴스",https://news.google.com/rss/articles/CBMickFVX3lxTFBGZ1pycTZtTVpxNDFHOUk1QTNFVnlfUmx6U3QxbFFqV2Z0MjlXZDdxaS1yLVFzRDE2WEtBWVdOYlhyZDlEV2VtLXJzVW9kNW0tRVI5NXF5ZzFsVkdZMjRrcWlETVZpZHN3QnJ5RlVsUDlQQQ?oc=5,인더스트리뉴스,,AI 바우처,2026-09-19T15:38:10.090473+09:00,False,False,live
ART-00809,policy,"투라인클라우드, 2026년 AI 바우처 지원사업 공급기업 선정… ‘실행 중심 AI 전환’ 본격 지원",2026-03-19,"투라인클라우드, 2026년 AI 바우처 지원사업 공급기업 선정… ‘실행 중심 AI 전환’ 본격 지원 뉴스와이어","투라인클라우드, 2026년 AI 바우처 지원사업 공급기업 선정… ‘실행 중심 AI 전환’ 본격 지원 뉴스와이어",https://news.google.com/rss/articles/CBMiX0FVX3lxTE5RY2E4ZDhUbm9FVlJQaEQwV3BmNFNGVU5SWHJrdkt0VXlyMjRYdUMzX0Q3NHE4ckdHMEZtZ21odnplV2Q0SjZTS3BHUUVaMUcxejBBVTB1VHViQ2NZaFln?oc=5,뉴스와이어,,AI 바우처,2026-09-19T15:38:10.090473+09:00,False,False,live
ART-00810,policy,데이터 구매에서 AX 중심으로...정부 'AI 바우처' 사업 재편,2026-04-02,데이터 구매에서 AX 중심으로...정부 'AI 바우처' 사업 재편 디지털투데이,데이터 구매에서 AX 중심으로...정부 'AI 바우처' 사업 재편 디지털투데이,https://news.google.com/rss/articles/CBMic0FVX3lxTE95SjBtZW8yUFhiZk93bnNTQTJMVkg4ejBqM3lNOXI3NEpfNmw0cmI4WEJjdGFuYWZ1Rm91UzZreFhQRkVTdHZOWkFaWTVubkVzbzdjQ3gwVDczSXhKQm5XQ05ZQS1qZGVVWDMyVVNwOUJQX3c?oc=5,디지털투데이,,AI 바우처,2026-09-19T15:38:10.090473+09:00,False,False,live
ART-00811,policy,"이즈파크, AI 바우처 공급기업 선정…중소·중견 제조기업 AX 전환 지원 나선다",2026-03-23,"이즈파크, AI 바우처 공급기업 선정…중소·중견 제조기업 AX 전환 지원 나선다 전자신문","이즈파크, AI 바우처 공급기업 선정…중소·중견 제조기업 AX 전환 지원 나선다 전자신문",https://news.google.com/rss/articles/CBMiTkFVX3lxTFBpME9fSzZndkluWnlUd0llQm5BQktNSVdJZkZvVmt0bndSbFBEQVF6TnhEVWI4QklvSEZEdG4tYWpjUEwtTU1qb2JTU2lCUQ?oc=5,전자신문,,AI 바우처,2026-09-19T15:38:10.090473+09:00,False,False,live
ART-00812,policy,"나무기술, AI 바우처 공급기업 선정",2026-03-16,"나무기술, AI 바우처 공급기업 선정 뉴시스","나무기술, AI 바우처 공급기업 선정 뉴시스",https://news.google.com/rss/articles/CBMiYEFVX3lxTE0xNFBHdzJxSW5MSF9EQWIxWjBQSnIzYy0wOFpoa1BiUGNzWktvdW1Pa0lwdV9qczZyX29sYU9YQ0JzUUQ3cEswckI4eU45MEl5NUlqeVM3S3V4VVVFeWo4VdIBeEFVX3lxTFBUNFhlakIwc0dBaTZmdVp4SG1Za2NOM2RJMloycWZqYlFMbzY2UHk0Y3oxRlBpVTdrSUoyWExxM2g1Yk9ibVhLaWZ3N3c2RkVwNE5EYUVBYTJ2b3ZlS3B1NkIzUW81WWRnMl83c0ZwNEIyblp6ZmFteA?oc=5,뉴시스,,AI 바우처,2026-09-19T15:38:10.090473+09:00,False,False,live
ART-00813,policy,트레져러 ‘2026년 AI 바우처 지원사업’ 공급기업 선정,2026-03-27,트레져러 ‘2026년 AI 바우처 지원사업’ 공급기업 선정 뉴스와이어,트레져러 ‘2026년 AI 바우처 지원사업’ 공급기업 선정 뉴스와이어,https://news.google.com/rss/articles/CBMiX0FVX3lxTE9FR0hXQmtHcUdrd1RYSjEwQ2ptcFBGRXBPZFhKUWR6Q1lSQTctZjk3NDc2ZWJsOG1zV3pfamZhX3pTODBjWmN1TnZERDhjaEQ0VXJTN2lvbm5hMmhPQW5F?oc=5,뉴스와이어,,AI 바우처,2026-09-19T15:38:10.090473+09:00,False,False,live
ART-00814,policy,"KT M&S, 정부 'AI바우처 지원사업' 공급기업 선정",2026-03-13,"KT M&S, 정부 'AI바우처 지원사업' 공급기업 선정 디지털투데이","KT M&S, 정부 'AI바우처 지원사업' 공급기업 선정 디지털투데이",https://news.google.com/rss/articles/CBMic0FVX3lxTFBLd2wwTXM0cy1jclhnWUFYMUpMM0daYkNab0pVanZULThIdVhmcy1ZbXdncHlOanRsTzFFeV95aUpvVDJOUFl0NHVBR0dLcXdNNl9nNXlGTXZlYXdIV2tLbUZNNXRBLWoxMHhjM1RKdFJvYjQ?oc=5,디지털투데이,,AI 바우처,2026-09-19T15:38:10.090473+09:00,False,False,live
ART-00815,policy,"한미, ‘AX 원스톱 바우처 지원사업’ 선정…AI 기반 QA 혁신 돌입",2026-09-07,"한미, ‘AX 원스톱 바우처 지원사업’ 선정…AI 기반 QA 혁신 돌입 dailymedipharm.com","한미, ‘AX 원스톱 바우처 지원사업’ 선정…AI 기반 QA 혁신 돌입 dailymedipharm.com",https://news.google.com/rss/articles/CBMibkFVX3lxTE1EbFZPRnJtY0J5cGFUWEhsVlpGRkJqclRTSjJ6dXJpeVg4RFBTMzhhRWtQaFZMYXlQVW1wUENNWVVOajNBaWNfREZHYmN5UktiUlNQYm04SG5VQmxTLU1DdU4yazFHQXVKX200aUpR?oc=5,dailymedipharm.com,,AI 바우처,2026-09-19T15:38:10.090473+09:00,False,False,live
ART-00816,policy,"에이프리카, 6년 연속 'AI 바우처 지원사업' 공급기업으로 선정",2026-03-24,"에이프리카, 6년 연속 'AI 바우처 지원사업' 공급기업으로 선정 마켓인","에이프리카, 6년 연속 'AI 바우처 지원사업' 공급기업으로 선정 마켓인",https://news.google.com/rss/articles/CBMic0FVX3lxTFA1RzNqSG56aUp0OVBjeUdYWkpMbEdMcUU5bExudkRnWDBDSnpSUElsU05FWXVaTlM1dm5DSUFvdGVETXNvOHdtSksyZDNuYjRIMzJVWkdJVWJDZGR2cWNzQk9Gc2U3MGhxaUpYN3VqSjcyOFk?oc=5,마켓인,,AI 바우처,2026-09-19T15:38:10.090473+09:00,False,False,live
ART-00817,policy,"안랩·안랩클라우드메이트, '2026년 AI바우처 사업'서 AI 솔루션 공급",2026-03-16,"안랩·안랩클라우드메이트, '2026년 AI바우처 사업'서 AI 솔루션 공급 지디넷코리아","안랩·안랩클라우드메이트, '2026년 AI바우처 사업'서 AI 솔루션 공급 지디넷코리아",https://news.google.com/rss/articles/CBMiVkFVX3lxTE1TYVM5SUUtS2NyeXVNWlRERThfbzVUbXE1NnJubUFVUXVkWExqaVJ5VzVOekVGOVY0UHpjVm1pTVcxd0hiQXY5M2tDSWd6clN6ckpzZ2N3?oc=5,지디넷코리아,,AI 바우처,2026-09-19T15:38:10.090473+09:00,False,False,live
ART-00818,policy,"에이아이트릭스, AI 솔루션 브이닥 프로 '2026년 AI 바우처 지원사업' 선정",2026-03-26,"에이아이트릭스, AI 솔루션 브이닥 프로 '2026년 AI 바우처 지원사업' 선정 팜뉴스","에이아이트릭스, AI 솔루션 브이닥 프로 '2026년 AI 바우처 지원사업' 선정 팜뉴스",https://news.google.com/rss/articles/CBMibEFVX3lxTFBQR21CemlNRlpMeFV0ZnpVOFVWWUlUMWlMeWVHU21PWjhnN09ZZWYyWUNvUzlLTXN0cjlXbjJjQVpnenJXNncyV19HWkZsUldQQ3ZWNDI0QmJJT29JeWpNZWkzNEZoNk5xbmpLUQ?oc=5,팜뉴스,,AI 바우처,2026-09-19T15:38:10.090473+09:00,False,False,live
ART-00819,policy,"아크릴, '2026 의료AI 데이터 활용 바우처 지원사업' 선정",2026-04-16,"아크릴, '2026 의료AI 데이터 활용 바우처 지원사업' 선정 지디넷코리아","아크릴, '2026 의료AI 데이터 활용 바우처 지원사업' 선정 지디넷코리아",https://news.google.com/rss/articles/CBMiVkFVX3lxTE5WbjJHVDBrSVNWUnRNY1N4MEFvZGhiNThGQXVuaGhYWHhvRnYwSS13SEwxX1h0a0JOR0JHNmlaa0xnMjNwZjBLNUxXYVdsXzJWY1BPRzlR?oc=5,지디넷코리아,,AI 바우처,2026-09-19T15:38:10.090473+09:00,False,False,live
ART-00820,policy,"모두싸인, 2026 AI 바우처 지원사업 공급사로 선정",2026-03-18,"모두싸인, 2026 AI 바우처 지원사업 공급사로 선정 데이터넷","모두싸인, 2026 AI 바우처 지원사업 공급사로 선정 데이터넷",https://news.google.com/rss/articles/CBMibEFVX3lxTE8tcEFyUmdSYUN4OENUNTZueURmc09LMHA3dHBFYkRVYVlBNWVvRzg4VlZxdjJBMk94cTQyUC1ZY3BnWUZmSWhnZEVaNVhIZVE5amI4d3hPSnBKbzk0LVlVaG13X3F1MXJWTHEtQQ?oc=5,데이터넷,,AI 바우처,2026-09-19T15:38:10.090473+09:00,False,False,live
ART-00821,policy,"투라인클라우드, ​​‘2026년 AI 바우처 지원사업 공급기업’ 선정",2026-03-19,"투라인클라우드, ​​‘2026년 AI 바우처 지원사업 공급기업’ 선정 아이티데일리","투라인클라우드, ​​‘2026년 AI 바우처 지원사업 공급기업’ 선정 아이티데일리",https://news.google.com/rss/articles/CBMiZ0FVX3lxTE0zdmhKM0hJOXhIbjc3bnRGaGNESWp3VGlidEpHS2htREFLaXBzeGdjN2p6TFltWlAxYXJhWUQxZFFZUXprZGlrRV9saDlpend3S3BscWl0UzFKc1lsYmc2Z0dVQzZ0NTg?oc=5,아이티데일리,,AI 바우처,2026-09-19T15:38:10.090473+09:00,False,False,live
ART-00822,policy,"은평성모병원, 과기정통부 'AI 바우처' 선정",2026-06-23,"은평성모병원, 과기정통부 'AI 바우처' 선정 monews.co.kr","은평성모병원, 과기정통부 'AI 바우처' 선정 monews.co.kr",https://news.google.com/rss/articles/CBMia0FVX3lxTE9ZR3VYMVNPcTVNZnY0dS1udGNveGE5enh2Ykh5T2ZYY3BKRmVyZTE5Mzd6dnNIV1JSRDlHbmdvaWFReC1Dd2c1eHBwbUlNdFcxTTlQQ1lDOGJfemROYmotbUZ5SWt1WmRDQ2lB?oc=5,monews.co.kr,,AI 바우처,2026-09-19T15:38:10.090473+09:00,False,False,live
ART-00823,policy,"오케스트로 AGI, ‘AI 바우처 공급기업’ 선정…AX 전환 지원 확대",2026-04-09,"오케스트로 AGI, ‘AI 바우처 공급기업’ 선정…AX 전환 지원 확대 테크월드","오케스트로 AGI, ‘AI 바우처 공급기업’ 선정…AX 전환 지원 확대 테크월드",https://news.google.com/rss/articles/CBMiaEFVX3lxTE8xVE92VEx6M01JS2N6MEpLMWh1Nm03MUJpZ19KZkMxekpEMDl6MG5oRHF0RjNZbE5nM2VRRk5JQnRVUTE5SjRZN2JLeW4zb2l1bUZOWUk0Y2xFNHgtWW02WUdYdGo5M3pp?oc=5,테크월드,,AI 바우처,2026-09-19T15:38:10.090473+09:00,False,False,live
ART-00824,policy,625억원 규모 바우처로 기업 'AI 도입·AX' 지원한다,2026-03-19,625억원 규모 바우처로 기업 'AI 도입·AX' 지원한다 전자신문,625억원 규모 바우처로 기업 'AI 도입·AX' 지원한다 전자신문,https://news.google.com/rss/articles/CBMiTkFVX3lxTE0yYUZmVnFaSHkwcFJlSWJLbEUyeEdKcmpTcjhFY1B4VmNGbTZfQlFpMThiLWdndGhOcjRkZDAxMFBXb0pfWDVqYUFoMTRCUQ?oc=5,전자신문,,AI 바우처,2026-09-19T15:38:10.090473+09:00,False,False,live
ART-00825,policy,"오케스트로 AGI, 정부 'AI 바우처 공급기업' 선정… 기업 AX 전환 본격화",2026-04-09,"오케스트로 AGI, 정부 'AI 바우처 공급기업' 선정… 기업 AX 전환 본격화 브랜드브리프","오케스트로 AGI, 정부 'AI 바우처 공급기업' 선정… 기업 AX 전환 본격화 브랜드브리프",https://news.google.com/rss/articles/CBMibkFVX3lxTE5LMFR6R05hUWM5WGRhc2c5ODgxWDFMRndCcFVhRzdMbzZYVFlRSndVbmRYQ0VGNF8xb0cxcnJHSVAzV0h6VmNxUW5zc1Y2VTRtM0FYV2lCeHVjNURrU2h1OWRHdWlpY2VoOEp4QTZB?oc=5,브랜드브리프,,AI 바우처,2026-09-19T15:38:10.090473+09:00,False,False,live
ART-00826,policy,"과기정통부, AI 통합 바우처 625억 투입…중소기업 지원 확대",2026-03-19,"과기정통부, AI 통합 바우처 625억 투입…중소기업 지원 확대 경기일보","과기정통부, AI 통합 바우처 625억 투입…중소기업 지원 확대 경기일보",https://news.google.com/rss/articles/CBMiW0FVX3lxTE13YnRWR01lLThRX1VoLVA2Q0RVYzh4TzBWMFhPaXl0Q2ZkeU1SZWE0V3lZTDVtamJQWS1zZ3UzX3lkdlE2WUhoRjJObzFVRHdJdUhsOWJSUXpGeVE?oc=5,경기일보,,AI 바우처,2026-09-19T15:38:10.090473+09:00,False,False,live
ART-00827,policy,"잇피, 의료 AI 바우처 사업 선정…서울아산·삼성서울병원과 임상 데이터 구축",2026-05-26,"잇피, 의료 AI 바우처 사업 선정…서울아산·삼성서울병원과 임상 데이터 구축 바이오타임즈","잇피, 의료 AI 바우처 사업 선정…서울아산·삼성서울병원과 임상 데이터 구축 바이오타임즈",https://news.google.com/rss/articles/CBMibEFVX3lxTE5sSHJuTzFtcENjUG9nQXF0M1F2ZFRKc1E1R0FKWDRPcHRCRHFNU0pkd294RnpIN0t4X2l6WFlNR2dSZlhuMktOZkhYVDZGYmFSaWRBYlp0Mm1JamdEd2xPWUhqY2N3MTMzaWtGSA?oc=5,바이오타임즈,,AI 바우처,2026-09-19T15:38:10.090473+09:00,False,False,live
ART-00828,policy,"지미션, 정부 AI 바우처 공급기업 선정…VLM OCR 지원 확산",2026-03-23,"지미션, 정부 AI 바우처 공급기업 선정…VLM OCR 지원 확산 지디넷코리아","지미션, 정부 AI 바우처 공급기업 선정…VLM OCR 지원 확산 지디넷코리아",https://news.google.com/rss/articles/CBMiVkFVX3lxTE00ZUtVcDlJOHo2S2NzTzFSVmtkUEpyQlZXNHZINThPTUZzaDViNUVRRDVWT3N6Y2NGWElXUEwtaF9HV1lOdWt6NnctM0tDa1hwR3NLakV3?oc=5,지디넷코리아,,AI 바우처,2026-09-19T15:38:10.090473+09:00,False,False,live
ART-00829,policy,"모두싸인, ‘AI 바우처 지원사업’ 공급기업 선정",2026-03-18,"모두싸인, ‘AI 바우처 지원사업’ 공급기업 선정 벤처스퀘어","모두싸인, ‘AI 바우처 지원사업’ 공급기업 선정 벤처스퀘어",https://news.google.com/rss/articles/CBMiT0FVX3lxTE5BcmgtampRVE5nZ0hUZzNXZkRjQ2tkOXR1TmFwTFVjU3JDZEpYN1RMdi1McGRaRFpBT1k0NW1zWGhBZ1dpY2NVSkxLdlpMNGc?oc=5,벤처스퀘어,,AI 바우처,2026-09-19T15:38:10.090473+09:00,False,False,live
ART-00830,policy,"트레져러, AI 바우처 공급기업 선정",2026-03-30,"트레져러, AI 바우처 공급기업 선정 디지털데일리","트레져러, AI 바우처 공급기업 선정 디지털데일리",https://news.google.com/rss/articles/CBMiYkFVX3lxTE1JQkpqc25tTkxId1FIQUZJSUI2S2tqSkJLXzk0LVdqQ2M1T2Y3T3B3aU91cWkyOENTamx3eXNaMkJOcDFWZTlrVTlYNU05WmV0RXpOSlZwcDhwUmFxa0diclpB?oc=5,디지털데일리,,AI 바우처,2026-09-19T15:38:10.090473+09:00,False,False,live
ART-00831,policy,"(주)정평이앤씨, 소방분야 최초 AI 적산 지능화 플랫폼 개발 본격 착수",2026-06-01,"(주)정평이앤씨, 소방분야 최초 AI 적산 지능화 플랫폼 개발 본격 착수 fpn119.co.kr","(주)정평이앤씨, 소방분야 최초 AI 적산 지능화 플랫폼 개발 본격 착수 fpn119.co.kr",https://news.google.com/rss/articles/CBMiRkFVX3lxTE9sMEhuT2hBc3NCbEMxaEZNWm9VYVRPWWFzV2pwU2Qtb0NNam1COW1VUzJPU3BMWkJKYktLVTFnclFaSm52X0E?oc=5,fpn119.co.kr,,AI 바우처,2026-09-19T15:38:10.090473+09:00,False,False,live
ART-00832,policy,"잇피, 보건복지부 의료 AI 바우처 사업 선정",2026-05-15,"잇피, 보건복지부 의료 AI 바우처 사업 선정 MEDI:GATE NEWS","잇피, 보건복지부 의료 AI 바우처 사업 선정 MEDI:GATE NEWS",https://news.google.com/rss/articles/CBMiUkFVX3lxTE5uQ29LMDk2bTQ1X2hIRDEwWGdZODI0WWRVbzZBUWpWTXJHZ2pzRkRFb0h6LUstY2VVWTBZZzlCdnYtdXlEaHZnU2gyU2RSTWNWcXc?oc=5,MEDI:GATE NEWS,,AI 바우처,2026-09-19T15:38:10.090473+09:00,False,False,live
ART-00833,policy,"에이아이트릭스 '정부 AI 바우처 지원사업' 선정…""브이닥 프로 공급""",2026-03-26,"에이아이트릭스 '정부 AI 바우처 지원사업' 선정…""브이닥 프로 공급"" 뉴스1","에이아이트릭스 '정부 AI 바우처 지원사업' 선정…""브이닥 프로 공급"" 뉴스1",https://news.google.com/rss/articles/CBMiUkFVX3lxTE96cnM3WFRhMTVGNUsxZy1sNC1jd0s3eDhaNUV5NVZTT1hMbFh4ZS1ld2dRUFBtc1J6aV94dnFyR1VRRmN4U2pxcjFnNHdXS2I2c0HSAVdBVV95cUxQdEg5RHY1QzVSVzlmb3podXlYaXRFamtvb2xHSnA2SkxDQjJoX0JJUTRjV1hiaG51cjhVb2RMN3RWVlE0U0V0M243RFNqVk1wTW9LOGtrVjA?oc=5,뉴스1,,AI 바우처,2026-09-19T15:38:10.090473+09:00,False,False,live
ART-00834,policy,"한미, ‘AX 원스톱 바우처 지원사업’ 선정…AI 기반 QA 혁신 돌입",2026-09-07,"한미, ‘AX 원스톱 바우처 지원사업’ 선정…AI 기반 QA 혁신 돌입 오늘경제","한미, ‘AX 원스톱 바우처 지원사업’ 선정…AI 기반 QA 혁신 돌입 오늘경제",https://news.google.com/rss/articles/CBMic0FVX3lxTE9rUXV3Z2FHTmxDWFM3bDlLZTE5OVFFQS03bXZBbFRodUlrYXBEYjhadFg2WHV3V0kxdjFNOEZKVExDUWZ2ZVpNcGpqYU9iTW03eXFrNXlSSi1wWHR6cUlBeUpJbnZ6T0oycVBCek1ta2xsRDQ?oc=5,오늘경제,,AI 바우처,2026-09-19T15:38:10.090473+09:00,False,False,live
ART-00835,policy,"투니온, 'AI 바우처 지원사업' 공급기업 선정",2026-03-16,"투니온, 'AI 바우처 지원사업' 공급기업 선정 네이트","투니온, 'AI 바우처 지원사업' 공급기업 선정 네이트",https://news.google.com/rss/articles/CBMiU0FVX3lxTE1TdWJWUGpfYmRVMlhhc1FJcllCT1pBeWd5Z0MtN2Jtb0lINEtoTkRPaWVzVmQzajA3WGtiallMM2NCS0NFSlpBY1ZGdlZMQXRHbTNJ?oc=5,네이트,,AI 바우처,2026-09-19T15:38:10.090473+09:00,False,False,live
ART-00836,policy,"아이피나우, '2026 AI바우처 지원사업' 공급기업 선정",2026-03-24,"아이피나우, '2026 AI바우처 지원사업' 공급기업 선정 전자신문","아이피나우, '2026 AI바우처 지원사업' 공급기업 선정 전자신문",https://news.google.com/rss/articles/CBMiTkFVX3lxTFBFVVBpSXRhYkh0dWNkalNFMEtNM1VVZU42b3dRTmtvVmUydE9wNWNZemtiZ2RXQ0tUN3E1WE9Pdkhvc3dkUGJFRE5JbjVNUQ?oc=5,전자신문,,AI 바우처,2026-09-19T15:38:10.090473+09:00,False,False,live
ART-00837,policy,"포시에스, 전자문서 생태계 키운다…정부 AI 바우처 공급기업 선정",2026-03-25,"포시에스, 전자문서 생태계 키운다…정부 AI 바우처 공급기업 선정 지디넷코리아","포시에스, 전자문서 생태계 키운다…정부 AI 바우처 공급기업 선정 지디넷코리아",https://news.google.com/rss/articles/CBMiVkFVX3lxTFA4YThtLTRMREhZcGY5cFhtNjZMYU9WdnRPOWFBX01Ld1pTWXU2RmFSaGFJLXJMRUxsSE1wM2NxaVNrcnpRUHFBSjJrRmp3SGRDeUVyUTBB?oc=5,지디넷코리아,,AI 바우처,2026-09-19T15:38:10.090473+09:00,False,False,live
ART-00838,policy,"스타트뷰, ‘2026년 AI 바우처 지원사업’ 공급기업 선정",2026-03-25,"스타트뷰, ‘2026년 AI 바우처 지원사업’ 공급기업 선정 공감신문","스타트뷰, ‘2026년 AI 바우처 지원사업’ 공급기업 선정 공감신문",https://news.google.com/rss/articles/CBMiaEFVX3lxTFBPTkcyM0l6dlVrV1FxaVg4azRJcmVMRkxTSVNTSXd4cGNZdGN1a29HWFhYVWdHVVg3b1ZIdHRMeGRqeXk3cEZnRW80ZTJ1VzVHcnd6SVkwRjB1WkhFaTJoVG54YXpwWlZz?oc=5,공감신문,,AI 바우처,2026-09-19T15:38:10.090473+09:00,False,False,live
ART-00839,policy,솔로몬텍 ‘2026 AI 바우처 지원사업’ 공급기업 선정…인텔리코어로 기업 AI 혁신 선도,2026-04-27,솔로몬텍 ‘2026 AI 바우처 지원사업’ 공급기업 선정…인텔리코어로 기업 AI 혁신 선도 AI포스트,솔로몬텍 ‘2026 AI 바우처 지원사업’ 공급기업 선정…인텔리코어로 기업 AI 혁신 선도 AI포스트,https://news.google.com/rss/articles/CBMibkFVX3lxTE11a21XM2o0OEJDTzFTUi1XX2VBODYtTTFNaVI5Y1BTc3pKWUV6VlN1Z0JKdTVmMXNQQUJQUTZUclNKM3J2VUxMaS1JRVRZbGJvZUNtRnM4T2RIdHdqR1RlZUE2MlR4dlhQZlhON2hR0gFyQVVfeXFMTlFlSExtT2JjenUyZEVFcVh1QVN0a0Rfa3NvWlhHUHhOQ1lrVzR5ZUI3LVBJdlFJZ3k4R0gtaDhZM05tX1hrNVpQQmV0U181X2R6NHAtWmZNQ0tWVWU3YmtueXlRbEM3amZGNXRlSWJuRm53?oc=5,AI포스트,,AI 바우처,2026-09-19T15:38:10.090473+09:00,False,False,live
ART-00840,policy,"""AI 도입 문턱 낮춰""…정부, '통합 바우처' 626억원 투입",2026-03-19,"""AI 도입 문턱 낮춰""…정부, '통합 바우처' 626억원 투입 지디넷코리아","""AI 도입 문턱 낮춰""…정부, '통합 바우처' 626억원 투입 지디넷코리아",https://news.google.com/rss/articles/CBMiVkFVX3lxTE9NLXJHMmhJcElEUmRYdi05TVY4eVA2aEplWWU4V2tZeVF5Zy1qTmZnNDFJSExTNXBzSzV0X1NvbV9abmswUkVBVWFrNVNBc0lJSFUxM3Z3?oc=5,지디넷코리아,,AI 바우처,2026-09-19T15:38:10.090473+09:00,False,False,live
ART-00841,policy,"포시에스, AI바우처 공급기업 선정…AI전자계약 플랫폼 전략적 '선점' 나설 것",2026-03-25,"포시에스, AI바우처 공급기업 선정…AI전자계약 플랫폼 전략적 '선점' 나설 것 전자신문","포시에스, AI바우처 공급기업 선정…AI전자계약 플랫폼 전략적 '선점' 나설 것 전자신문",https://news.google.com/rss/articles/CBMiTkFVX3lxTFBzVl9EMUY1c2dwMDZ3Nm1RZmhHWlp2cnU0bnhZemVVR3drMVM5YzBVNUJ2X3diY0hyQV9VUVJKU1A1bjJxbXdLaGRpWmxpdw?oc=5,전자신문,,AI 바우처,2026-09-19T15:38:10.090473+09:00,False,False,live
ART-00842,policy,2026 AI 바우처 신청 전 꼭 확인할 것 5가지,2026-04-02,2026 AI 바우처 신청 전 꼭 확인할 것 5가지 브런치,2026 AI 바우처 신청 전 꼭 확인할 것 5가지 브런치,https://news.google.com/rss/articles/CBMiU0FVX3lxTE1oNzB2cV9mZTNfTHZMUzZUNWZpcHJqcmk4V3dLYUNkRUpkdmNWNEc4bkxGR2RBNW5QVVk0aXdRMllRRXJfRUpGYXV4MzZkYzlsdTVZ?oc=5,브런치,,AI 바우처,2026-09-19T15:38:10.090473+09:00,False,False,live
ART-00843,policy,과기정통부 ‘AI 바우처’에 선정…스마트 연구환경 선도,2026-06-23,과기정통부 ‘AI 바우처’에 선정…스마트 연구환경 선도 khanews.com,과기정통부 ‘AI 바우처’에 선정…스마트 연구환경 선도 khanews.com,https://news.google.com/rss/articles/CBMiakFVX3lxTFA4MW1vQlkxcTVJMzhRVGlsRGJVenh2ZDRfN2dUT09LYkx1QTVyZUlWU0lJUlg4SkdERHBQYWtzOWY3ZVRhdE92YVd2Y0dJYTR6OWU0enBaZU9OZGFzV2ZQVDM3N1ZxY2x6aXc?oc=5,khanews.com,,AI 바우처,2026-09-19T15:38:10.090473+09:00,False,False,live
ART-00844,policy,"은평성모병원, AI 바우처 사업 선정…스마트글래스 기반 동물실험실 구축",2026-06-23,"은평성모병원, AI 바우처 사업 선정…스마트글래스 기반 동물실험실 구축 쿠키메디","은평성모병원, AI 바우처 사업 선정…스마트글래스 기반 동물실험실 구축 쿠키메디",https://news.google.com/rss/articles/CBMiY0FVX3lxTE5kUThDcDlacUVSR2VQZmVtRjNSYlZtdGMyRExWc1JaZWtJcTd6SE5tWFdNc0U4R0F0M3J3ZHA4V2pxZjl1NE1vaF9sYmhfbTlxdXdMQ3ZXeXhiUWFfeG0ya1NLRQ?oc=5,쿠키메디,,AI 바우처,2026-09-19T15:38:10.090473+09:00,False,False,live
ART-00845,policy,"티오리, AI 바우처 공급기업 선정…LLM 보안 솔루션 공급",2026-03-24,"티오리, AI 바우처 공급기업 선정…LLM 보안 솔루션 공급 전자신문","티오리, AI 바우처 공급기업 선정…LLM 보안 솔루션 공급 전자신문",https://news.google.com/rss/articles/CBMiTkFVX3lxTE5YalRDeG0zbm5PbkRSVzlnWERkVGlWRHY5amUwVHl6eExHc2hEa1VLUU5NUGNUcV9LUVRrXzlmY00xNXEwdnFUUm1WMUpnQQ?oc=5,전자신문,,AI 바우처,2026-09-19T15:38:10.090473+09:00,False,False,live
ART-00846,policy,"한미약품, 'AX 원스톱 바우처 지원사업' 선정...QA 업무 AI로 전면 자동화",2026-09-07,"한미약품, 'AX 원스톱 바우처 지원사업' 선정...QA 업무 AI로 전면 자동화 포인트데일리","한미약품, 'AX 원스톱 바우처 지원사업' 선정...QA 업무 AI로 전면 자동화 포인트데일리",https://news.google.com/rss/articles/CBMicEFVX3lxTE94TkhpWnpDZVRUQ3JLZmV6NzNuNHBsWmstMFd4bzl4blhTYURkbDlHLUR4LXdheHVkR2hmcHpYRVIxS1NhRE1qT2pWN0xHUW9QdVFmbjdEM3UyUTE1V0JlVzV1ZWVDLUhJZG5jM09UQlM?oc=5,포인트데일리,,AI 바우처,2026-09-19T15:38:10.090473+09:00,False,False,live
ART-00847,policy,"메시스, '2026 AI바우처 지원사업' 공급기업 선정",2026-04-09,"메시스, '2026 AI바우처 지원사업' 공급기업 선정 파이낸스투데이","메시스, '2026 AI바우처 지원사업' 공급기업 선정 파이낸스투데이",https://news.google.com/rss/articles/CBMibEFVX3lxTFB5dm94QnVFT2ladTdsaEFEd3YzczI5ek5nRTFUN292bXVuY0tOZnh4TkdhZlUxNmZ2TUhVSEt2bWNFVWx0MW9zOUMzM1NjVWozTDNrb1o5YWd6MU1ISjNkbnNRYWdueThxMl9CMQ?oc=5,파이낸스투데이,,AI 바우처,2026-09-19T15:38:10.090473+09:00,False,False,live
ART-00848,policy,"kt m&s, AI 바우처 공급기업 선정…중소기업 AI 전환 지원",2026-03-13,"kt m&s, AI 바우처 공급기업 선정…중소기업 AI 전환 지원 BBS불교방송","kt m&s, AI 바우처 공급기업 선정…중소기업 AI 전환 지원 BBS불교방송",https://news.google.com/rss/articles/CBMia0FVX3lxTE5TMXBYWllBMVRlVHlCdDVNTkJVOHlWNmJabW9oR3BkRlE4cC0xTlUyUVBfSElJWXNPZjVfR1BvY1M5dGx2bGlKY2hsTTZOMWE1S0MxMWhrVVhiMmpDTFBLd0Vzb3Vld3NfaTdV?oc=5,BBS불교방송,,AI 바우처,2026-09-19T15:38:10.090473+09:00,False,False,live
ART-00849,policy,[DX브리핑] AI바우처 공급기업 발표 잇따라,2026-03-14,[DX브리핑] AI바우처 공급기업 발표 잇따라 시사저널e,[DX브리핑] AI바우처 공급기업 발표 잇따라 시사저널e,https://news.google.com/rss/articles/CBMickFVX3lxTFAzTU1EX2xRS1ViT254d0dhUVVJbGg5cHd6MkpZdm4wRW1YYThiUW54U1otQ3ZLOE1tOHlYdklLUWw4a09Ta213RFFGTFVnUDJ3YUVqUFd0Ty1nbWdvMUlRZHVIbW9rMFhiWG0ycElpWkFjUdIBdkFVX3lxTE1yRVZxRW9JUmRySWo3T3hIelVleDBsVkI3LWhKbTJoRmhhRDBXR29IMWQ5LWtndHNRejR5bUE4Y0xJT2dfaEJ0ZEdUNDBKN09qd3JNNDVueDZ5QkFoR0RiS3d4eXJoWGdhVThsS3dqRHVJcWZWQ1E?oc=5,시사저널e,,AI 바우처,2026-09-19T15:38:10.090473+09:00,False,False,live
ART-00850,policy,"엘리스그룹, 정부 AI 바우처 공급기업 선정…중소기업 AX 확산 지원",2026-04-27,"엘리스그룹, 정부 AI 바우처 공급기업 선정…중소기업 AX 확산 지원 테크월드","엘리스그룹, 정부 AI 바우처 공급기업 선정…중소기업 AX 확산 지원 테크월드",https://news.google.com/rss/articles/CBMiaEFVX3lxTE9icmF4NzhwLXNiTTlNTGpxcHh5SjRPS3hQVTkzaGJ5eHN6YTlwQzd4aXQ1ZG90cFE5aGp3ZEU0NmpNc1UwSHFWVUM3Z2VwQWtmWERhTkJEdDMzdUZQXzVTT2tfNElFZzhX?oc=5,테크월드,,AI 바우처,2026-09-19T15:38:10.090473+09:00,False,False,live
ART-00851,policy,"사이냅소프트, AI바우처 공급기업 선정…중소기업 AX 전환 본격 지원",2026-03-21,"사이냅소프트, AI바우처 공급기업 선정…중소기업 AX 전환 본격 지원 뉴스탭","사이냅소프트, AI바우처 공급기업 선정…중소기업 AX 전환 본격 지원 뉴스탭",https://news.google.com/rss/articles/CBMibEFVX3lxTE1TMGF0ZTJoSktCcGI3aTl6QUpnRHJ5NXpvY0NjYnNna0hRWEVpWnVGTjNuR3A3OXhVOWl3RGF4TzFfWk9NT0tkeFc0dC0zakZQNVBmQVVsUGVVTXJYSmsyY1VCMDhLWHJqYXVrUw?oc=5,뉴스탭,,AI 바우처,2026-09-19T15:38:10.090473+09:00,False,False,live
ART-00852,policy,"부산 스마트공장, 시스템 구축 넘어 제조AI로 전환…",2026-09-19,"부산 스마트공장, 시스템 구축 넘어 제조AI로 전환… 중도일보","부산 스마트공장, 시스템 구축 넘어 제조AI로 전환… 중도일보",https://news.google.com/rss/articles/CBMibEFVX3lxTE5qNkNibGpDWERDZDdDX3IxLXktM0sxLTliRGI3Um9jZUtwLVBtdVFMWkJxckdOZTlZUXBPNzI2QzBSc0taajdYSTl2TVdIS25EaFV2eFphVWFBdXNYMnRtOFMyMWpfalNoODl2NQ?oc=5,중도일보,,스마트공장,2026-09-19T15:38:10.090473+09:00,False,False,live
ART-00853,policy,"""AI 활용 역량이 경쟁력"" 부산TP, 스마트공장 기업과 머리 맞대",2026-09-18,"""AI 활용 역량이 경쟁력"" 부산TP, 스마트공장 기업과 머리 맞대 v.daum.net","""AI 활용 역량이 경쟁력"" 부산TP, 스마트공장 기업과 머리 맞대 v.daum.net",https://news.google.com/rss/articles/CBMiRkFVX3lxTE40dXBVYkhqcVQ4Y3N3RlV1RjhSM2ZDNGN5and4RDh1aFo4NmZqVGVQcG44b3F2NjBNbG1UazhZOTM1cnVld1E?oc=5,v.daum.net,,스마트공장,2026-09-19T15:38:10.090473+09:00,False,False,live
ART-00854,policy,"부산TP, 스마트 공장 정책 변화 대응 간담회 개최",2026-09-18,"부산TP, 스마트 공장 정책 변화 대응 간담회 개최 메트로신문","부산TP, 스마트 공장 정책 변화 대응 간담회 개최 메트로신문",https://news.google.com/rss/articles/CBMiYEFVX3lxTE5LVFN3aDlFVExQRFExRURMdWFobl9uWl8weW9mLVFsM2JwclBUVWtwRE9LaDRaeEhUSHFCMFhjcE5sT0drV0wxR1Fhd2tnb1BMOUQ2ZlB2S0NRTjRpM1k5Mg?oc=5,메트로신문,,스마트공장,2026-09-19T15:38:10.090473+09:00,False,False,live
ART-00855,policy,"부산TP, 스마트공장 도입·공급기업 현장 간담회…2027년 정책 변화 대응",2026-09-17,"부산TP, 스마트공장 도입·공급기업 현장 간담회…2027년 정책 변화 대응 gukjenews.com","부산TP, 스마트공장 도입·공급기업 현장 간담회…2027년 정책 변화 대응 gukjenews.com",https://news.google.com/rss/articles/CBMibkFVX3lxTFBaWVh4eUhYeGV5VXJyNG5ydVlkTW13dDZ3endaMDAyWG45MWdvT0k3RmxrYTJfdEcxSVlKU3pndHFCOHltMFM2SXYxTGRVdTBZTDh2NWdxNjNadEFDLW54cnRGNmFNQlJfWmZteTJ3?oc=5,gukjenews.com,,스마트공장,2026-09-19T15:38:10.090473+09:00,False,False,live
ART-00856,policy,"부산테크노파크, 스마트공장 넘어 ‘제조AI·자율형공장’ 전환 지원 강화",2026-09-18,"부산테크노파크, 스마트공장 넘어 ‘제조AI·자율형공장’ 전환 지원 강화 이뉴스투데이","부산테크노파크, 스마트공장 넘어 ‘제조AI·자율형공장’ 전환 지원 강화 이뉴스투데이",https://news.google.com/rss/articles/CBMidEFVX3lxTE5fMG9GaDZRREZ3RmFXZGUtT1IxVzRhQjBWQVgtQmxWVEVmWG93Unp5UGU3NmFKUEFibm1iV09yNUVnZ2JjVVFSZFZGRm8xVy1sWmZTckUtQkJuS19uNVdPeWViNkZ2RVo1S3pYRXd5bUZHRzNr0gF0QVVfeXFMTl8wb0ZoNlFERndGYVdkZS1PUjFXNGFCMFZBWC1CbFZURWZYb3dSenlQZTc2YUpQQWJubWJXT3I1RWdnYmNVUVJkVkZGbzFXLWxaZlNyRS1CQm5LX241V095ZWI2RnZFWjVLelhFd3ltRkdHM2s?oc=5,이뉴스투데이,,스마트공장,2026-09-19T15:38:10.090473+09:00,False,False,live
ART-00857,policy,"남해군, 스마트공장 구축 지원…기업당 최대 7200만원",2026-09-17,"남해군, 스마트공장 구축 지원…기업당 최대 7200만원 뉴시스","남해군, 스마트공장 구축 지원…기업당 최대 7200만원 뉴시스",https://news.google.com/rss/articles/CBMiYEFVX3lxTE5nZml5d202U0tZZkVKVDNuRmpKTjBiWXpEUk54REFlRU5vXzctSEJfRi1sWUlJLVZiLXMtQmxSWVloZzNKTjlfU3BVZDVoSnR6bHlPWk9UaXo2ZThqb2d2etIBeEFVX3lxTE1OMXdKbnNOcFNGTlVXLTNEV3o0V3NpN0hWVHZDVzhUV1UyUUN5R0liTVZiODlZRmZ4ZEpoQU5rRXZQZXlZVnkxVF93OVNvb2lQSzR3V0o1R2NQZ2pnTjdMZG54RHlKM3M2Y0tlRnpiUHkzWkNXbmtvZA?oc=5,뉴시스,,스마트공장,2026-09-19T15:38:10.090473+09:00,False,False,live
ART-00858,policy,"농부창고, 삼성형 스마트공장으로 제조혁신 나선다",2026-09-18,"농부창고, 삼성형 스마트공장으로 제조혁신 나선다 예천 e희망뉴스","농부창고, 삼성형 스마트공장으로 제조혁신 나선다 예천 e희망뉴스",https://news.google.com/rss/articles/CBMiZEFVX3lxTE11OW5iSklqREVHVUxtbEdlTG5mY0NTa0tMLUhLdHZIRHliSEY2N2JibThiZTRldjBUeU4xUzVNZjlkTXZxRWFBSHBJVmZxRWVLem9JUHJ5WEt6SFBFVlpTYmMyZEc?oc=5,예천 e희망뉴스,,스마트공장,2026-09-19T15:38:10.090473+09:00,False,False,live
ART-00859,policy,경남도 '제조 AI 확산 거점' 스마트공장 현장 목소리 듣는다,2026-09-15,경남도 '제조 AI 확산 거점' 스마트공장 현장 목소리 듣는다 전자신문,경남도 '제조 AI 확산 거점' 스마트공장 현장 목소리 듣는다 전자신문,https://news.google.com/rss/articles/CBMiTkFVX3lxTE9XNlp6aV9KZGcxbzRRRVZlQ1Y3WEJpMnM5UUdoejJpTmNFNXllcHBfTHBYSkh1Q29rWXhhd09iQ2VsMnIwVF9oSXRrZUxLZw?oc=5,전자신문,,스마트공장,2026-09-19T15:38:10.090473+09:00,False,False,live
ART-00860,policy,2026년 경남형 스마트공장 기초구축 지원사업 추가모집,2026-09-17,2026년 경남형 스마트공장 기초구축 지원사업 추가모집 아시아뉴스통신,2026년 경남형 스마트공장 기초구축 지원사업 추가모집 아시아뉴스통신,https://news.google.com/rss/articles/CBMiXEFVX3lxTE0xZzlEVXV3YUk3TF9QV0hmY0tfTl8zd001QnVuYXBMMkJMWEpqZHVQdURPYW5ZSV9peFM3WW5Sekdkc0ZnZGl1bnd0LU54bG5rZFN6eFVkNFRJZkI2?oc=5,아시아뉴스통신,,스마트공장,2026-09-19T15:38:10.090473+09:00,False,False,live
ART-00861,policy,"부산테크노파크, 제조기업 스마트공장 구축 밀착 지원…DX멘토단 역량 강화",2026-09-14,"부산테크노파크, 제조기업 스마트공장 구축 밀착 지원…DX멘토단 역량 강화 브릿지경제","부산테크노파크, 제조기업 스마트공장 구축 밀착 지원…DX멘토단 역량 강화 브릿지경제",https://news.google.com/rss/articles/CBMiWkFVX3lxTFB6aS11REZrQUhwZDV6eGVTZC1tZExFUzQyRVYzOVI2WF9WakJRR1dvbF9IeEZyTEpjbHNwQUZpay04clZuRzc1cFJ3SnQ2UG9TTUt1bGlsN1BtZw?oc=5,브릿지경제,,스마트공장,2026-09-19T15:38:10.090473+09:00,False,False,live
ART-00862,policy,삼성전자 지원 스마트공장 예천에 ‘첫 발’...농부창고 선정,2026-09-18,삼성전자 지원 스마트공장 예천에 ‘첫 발’...농부창고 선정 v.daum.net,삼성전자 지원 스마트공장 예천에 ‘첫 발’...농부창고 선정 v.daum.net,https://news.google.com/rss/articles/CBMiT0FVX3lxTE5OQkNFaXVmNWREOG56MGpPbzc5SzBVaFpWalV0NU1BTklNV0tPSmhDNkpuZmJ5YUV4ODliejk2dlItVHNuUEdmemI0YkJxNGc?oc=5,v.daum.net,,스마트공장,2026-09-19T15:38:10.090473+09:00,False,False,live
ART-00863,policy,"청국장 공장에 IoT·MES…중기중앙회, 스마트공장 현장 벤치마킹",2026-09-15,"청국장 공장에 IoT·MES…중기중앙회, 스마트공장 현장 벤치마킹 매일일보","청국장 공장에 IoT·MES…중기중앙회, 스마트공장 현장 벤치마킹 매일일보",https://news.google.com/rss/articles/CBMiY0FVX3lxTFBLTndzQTlkdUUycDhEb0kxSkZDMndpRUE4MkRZM0xaanhiN3BsSVhXWkhkb1VnOVhPY1pEUlVwVXdsT1NVTmNudFZScDNnQ0pWd1J0eG1Qd3lNRG9fYi05bkR5a9IBaEFVX3lxTFBnTlZhRmttWnpNR01EZ0tmTTlheHVXanpwc3RsQkxvUzR0bklHc2dBT2R0blBCdGpNQ2tmd1FXYUV6TmhTa0c5aENNM1h4ckJSbXNQbmpiVUdwM1ZDdXNOVERlWC16NnF0?oc=5,매일일보,,스마트공장,2026-09-19T15:38:10.090473+09:00,False,False,live
ART-00864,policy,"경남도, 스마트공장 도입기업 현장 목소리 듣는다",2026-09-14,"경남도, 스마트공장 도입기업 현장 목소리 듣는다 누리일보","경남도, 스마트공장 도입기업 현장 목소리 듣는다 누리일보",https://news.google.com/rss/articles/CBMiXEFVX3lxTE5lV1NuQTI2aGdrY0poR2ZoWVpvdlNBNGFfQTFTQkF0TF81YVN3Y3A2SjJ1YkhxTjduLWJtRVlUdFZsV0t2UTk4MFJhdVg0Z21jS0pDTmpUaUU1dDAy?oc=5,누리일보,,스마트공장,2026-09-19T15:38:10.090473+09:00,False,False,live
ART-00865,policy,"""스마트공장 지원사업은 중소기업에 한줄기 빛과 같아""",2026-08-27,"""스마트공장 지원사업은 중소기업에 한줄기 빛과 같아"" v.daum.net","""스마트공장 지원사업은 중소기업에 한줄기 빛과 같아"" v.daum.net",https://news.google.com/rss/articles/CBMiS0FVX3lxTE02b1NNdzdQc1MxYl9iSUNlUkNnTmJPYUg5bzRUeGxXR2dlOFpKSGlzd0JFV25QeGJiWXpPeHlqYVN6NWtJVVF3a1Flcw?oc=5,v.daum.net,,스마트공장,2026-09-19T15:38:10.090473+09:00,False,False,live
ART-00866,policy,"삼성, 전남광주 제조기업 스마트공장 지원",2026-08-28,"삼성, 전남광주 제조기업 스마트공장 지원 에너지경제신문","삼성, 전남광주 제조기업 스마트공장 지원 에너지경제신문",https://news.google.com/rss/articles/CBMiW0FVX3lxTFBIRVZUSERkQUZVUWxLLXlNWGVOYzJHR0xyVHVPSWxEdThxUnlIdlpuV0lJRGpBcjJaMVg0STBoRlEyWC1GSi05aDl6TGMwY0RGbWJXNFpHUWNBLVk?oc=5,에너지경제신문,,스마트공장,2026-09-19T15:38:10.090473+09:00,False,False,live
ART-00867,policy,"삼성전자, 전남광주 제조기업 17곳 스마트공장 전환 지원",2026-08-27,"삼성전자, 전남광주 제조기업 17곳 스마트공장 전환 지원 연합뉴스","삼성전자, 전남광주 제조기업 17곳 스마트공장 전환 지원 연합뉴스",https://news.google.com/rss/articles/CBMiW0FVX3lxTE1xRVN2M2FFXzFTTmx0X3ZQOTI4MWRFV0pxdjhzXy1jSmYtM05BdXEzbXBjQmZPQzV2ckFZRVdPcGRZU09xVll1NEY0RVFXSG9nVFV4RDB0SU5xRnPSAWBBVV95cUxOM0YzeXBhc3VBRkxXZmhfMjU1WHk0VzBXd2dwZ09fUnRmdmdreXRVSm42Q1JGUl9TQnpuNjFxQnJhcTNnaHh2cDRKaUc0aVRTcVE4RS1KX2xKY2FYc3JZeUg?oc=5,연합뉴스,,스마트공장,2026-09-19T15:38:10.090473+09:00,False,False,live
ART-00868,policy,전남테크노파크 '지역특화형 스마트공장' 지원기업 모집,2026-06-22,전남테크노파크 '지역특화형 스마트공장' 지원기업 모집 v.daum.net,전남테크노파크 '지역특화형 스마트공장' 지원기업 모집 v.daum.net,https://news.google.com/rss/articles/CBMiT0FVX3lxTE1GUmRMckV0aDdyMVVoSjVuSXZMZVBlaDVyTFlNZWRsZ212TWxpb2ZXeXlZR2J6RGRGZWIyb182WTZWTzFSRkJ4WDdic29lRzA?oc=5,v.daum.net,,스마트공장,2026-09-19T15:38:10.090473+09:00,False,False,live
ART-00869,policy,"부산TP, 제조DX멘토단과 스마트공장 구축 현장지원 강화",2026-09-11,"부산TP, 제조DX멘토단과 스마트공장 구축 현장지원 강화 gukjenews.com","부산TP, 제조DX멘토단과 스마트공장 구축 현장지원 강화 gukjenews.com",https://news.google.com/rss/articles/CBMibkFVX3lxTE1CWGJyRUFSWUxRMnJiaE9Mc2xzVTN4Rzd1N0RTcHB2OWc2UnhXNDM1NFJYSFNTbzRyOWJzODUyUG1lbDJQVGExd3FnbWRoMG04ZFlRR0VQdGhaT0hQMUVTNzZEd3BkWGVydFdMdzNn?oc=5,gukjenews.com,,스마트공장,2026-09-19T15:38:10.090473+09:00,False,False,live
ART-00870,policy,"휴온스 제천2공장, 스마트공장 구축지원사업 대상자 선정",2026-06-17,"휴온스 제천2공장, 스마트공장 구축지원사업 대상자 선정 히트뉴스","휴온스 제천2공장, 스마트공장 구축지원사업 대상자 선정 히트뉴스",https://news.google.com/rss/articles/CBMia0FVX3lxTE9fLWFhbTNtMDVXM0JiOWo4UFV5dXIwTTBkOGVpaDJueDZpeDZpakNRaEF0S0Z5dFBQa2FTVV92TlZDN1hNdEx1Q0hLWS1YVkk5RE9PM0pPc3g1NVQxdXJBcTlsU2VwTE5wNU93?oc=5,히트뉴스,,스마트공장,2026-09-19T15:38:10.090473+09:00,False,False,live
ART-00871,policy,"중기중앙회, 충주 전통장류 제조업체 ㈜항아골 '스마트공장 벤치마킹' 개최",2026-09-15,"중기중앙회, 충주 전통장류 제조업체 ㈜항아골 '스마트공장 벤치마킹' 개최 inews365.com","중기중앙회, 충주 전통장류 제조업체 ㈜항아골 '스마트공장 벤치마킹' 개최 inews365.com",https://news.google.com/rss/articles/CBMiYkFVX3lxTFBaLTFHSTAwdDZaN2RIdGs3ckl2YlR1UWljbTROOXMxazctR2taTG8xUGhiM2VZaFFFNXp4dHZhanE5aTM3ei02R0VYakVGSDkzcy1uV3dWTEVjQ0JOb3Y5UHdn?oc=5,inews365.com,,스마트공장,2026-09-19T15:38:10.090473+09:00,False,False,live
ART-00872,policy,전남광주 제조기업 17곳 스마트공장 전환…정부·삼성 최대 6000만원 지원,2026-08-29,전남광주 제조기업 17곳 스마트공장 전환…정부·삼성 최대 6000만원 지원 AI타임스,전남광주 제조기업 17곳 스마트공장 전환…정부·삼성 최대 6000만원 지원 AI타임스,https://news.google.com/rss/articles/CBMiakFVX3lxTFB3NE1tNzlIaWJveUNKYjVwRDN3cGdnUXoxY2ZvZHJ2MDNJZ2t2OVdIZ2w4NFlZaE5BVFR6anFJM3l1UFdOYVl6V0ZxWjZiVElXaXMzUGlTSWZEWnFBMVVqamctaE93OU8tZUE?oc=5,AI타임스,,스마트공장,2026-09-19T15:38:10.090473+09:00,False,False,live
ART-00873,policy,"삼성, 전남광주 제조기업 17개사 '스마트공장 전환' 지원",2026-08-27,"삼성, 전남광주 제조기업 17개사 '스마트공장 전환' 지원 전자신문","삼성, 전남광주 제조기업 17개사 '스마트공장 전환' 지원 전자신문",https://news.google.com/rss/articles/CBMiTkFVX3lxTE5zcEU2X0JjOWotVzhnd3pjWXF6b0VFLXVwX25qTk00TGZDT2VhcWVEU0JKSEpieHh2U3VqOUFKSzBDMHdldEM5c0dMV1Jtdw?oc=5,전자신문,,스마트공장,2026-09-19T15:38:10.090473+09:00,False,False,live
ART-00874,policy,"삼성, 전남광주 제조기업 17개사 '스마트공장 전환' 지원",2026-08-27,"삼성, 전남광주 제조기업 17개사 '스마트공장 전환' 지원 v.daum.net","삼성, 전남광주 제조기업 17개사 '스마트공장 전환' 지원 v.daum.net",https://news.google.com/rss/articles/CBMiS0FVX3lxTFBVaDcxVTRrQk4waHNORjFpZ25oejUtX3lWM1U4dktiMWFFbGxnbWZ6cEkyNFdKWjhtaEp5MnJMT1BJdzZDSE9Iem9BRQ?oc=5,v.daum.net,,스마트공장,2026-09-19T15:38:10.090473+09:00,False,False,live
ART-00875,policy,中企·지역과 함께 혁신하고 성장해 온 스마트공장 10주년,2026-09-13,中企·지역과 함께 혁신하고 성장해 온 스마트공장 10주년 Samsung Global Newsroom,中企·지역과 함께 혁신하고 성장해 온 스마트공장 10주년 Samsung Global Newsroom,https://news.google.com/rss/articles/CBMibkFVX3lxTE1PQWswbm1YZ3JWQWtlazdPSHpYUDZ2ZERIMFZndXVXeXdSQlhONVJfZjVYNTROTjFrMnZZWGQtZVJvc3BNWjc2ck9kR2IyblBVSVlNT2Z1aThMWFI1ODVZbmZYMzV6SUo2TkpoM1JB?oc=5,Samsung Global Newsroom,,스마트공장,2026-09-19T15:38:10.090473+09:00,False,False,live
ART-00876,policy,포스코 “중기 경쟁력 강화”…스마트공장 지원사업 확대,2026-05-19,포스코 “중기 경쟁력 강화”…스마트공장 지원사업 확대 서울경제,포스코 “중기 경쟁력 강화”…스마트공장 지원사업 확대 서울경제,https://news.google.com/rss/articles/CBMiUkFVX3lxTE5SVE1qZS1qY01KeFlwdDhkY095bWVYeDNsc3VGSTdTczBqLS1qS3NFbG9wUWJQaExWT1ZWX3E5dlV1VVp6RDd0RTlNV2hRcmdKOGfSAVNBVV95cUxONGUzOWRuUmZUcHl2aWk3WXFnWUh2NjJ5emNlVHNTUUk1QWZkWDlSSzZKYjVxc3R0eFBHVTBlTGVncXhsMl9KNmFhNHRKWnI4YnNPVQ?oc=5,서울경제,,스마트공장,2026-09-19T15:38:10.090473+09:00,False,False,live
ART-00877,policy,"[스마트산업강국 함께 하는 제조혁신 4.0] 삼성전자 제조현장 전문가들, 中企 상주하며 AI전환 돕는다",2026-08-27,"[스마트산업강국 함께 하는 제조혁신 4.0] 삼성전자 제조현장 전문가들, 中企 상주하며 AI전환 돕는다 v.daum.net","[스마트산업강국 함께 하는 제조혁신 4.0] 삼성전자 제조현장 전문가들, 中企 상주하며 AI전환 돕는다 v.daum.net",https://news.google.com/rss/articles/CBMiS0FVX3lxTFBQa1dQY3NpQ0JCYnZSTUVPTm5HbFkwVnRPZ2MxOVdLcl9Ia2kzNjFXWVBaZF9iTlJFVXBySjhtM242b2c2V3VVTC1QTQ?oc=5,v.daum.net,,스마트공장,2026-09-19T15:38:10.090473+09:00,False,False,live
ART-00878,policy,"삼성, 추석 앞두고 1조3000억원 푼다…협력사 넘어 중소기업 판로 지원",2026-09-14,"삼성, 추석 앞두고 1조3000억원 푼다…협력사 넘어 중소기업 판로 지원 더글로벌기빙뉴스","삼성, 추석 앞두고 1조3000억원 푼다…협력사 넘어 중소기업 판로 지원 더글로벌기빙뉴스",https://news.google.com/rss/articles/CBMiVEFVX3lxTE5pNHhNeWdZUWRlWVliWVQ0M3NXX0RFeHhadFlSeG1hSC1iNUl2cTF5dnpVWmI5R1NVTy1ZRTk3T3hidWI2QjhKMmpGZGRtQ3BuODNWYw?oc=5,더글로벌기빙뉴스,,스마트공장,2026-09-19T15:38:10.090473+09:00,False,False,live
ART-00879,policy,"중기중앙회, 삼성전자와 스마트공장 지원사업 공고 … AI 트랙 신설",2026-03-29,"중기중앙회, 삼성전자와 스마트공장 지원사업 공고 … AI 트랙 신설 뉴데일리","중기중앙회, 삼성전자와 스마트공장 지원사업 공고 … AI 트랙 신설 뉴데일리",https://news.google.com/rss/articles/CBMie0FVX3lxTE53dThIMG9TRGhQQjBjSUJZQVdNQS1sZE5palFuUjQ3WXM2aUFDV3FidnB4RUY2WW11TDRtMkhHdU5TMUVhZU0yRWcza3pvTC03dC00WU43eDluVmtuVHpncDd3RDJHNE5GaHZIYV9sdjBRR0pGQm94TG1Sc9IBgAFBVV95cUxPVURqTDVVREdfTUE3OC1CVXIxQk9QM3lLeVlVVVgtMS1sRmEwYmc2YURZN3hRcW0tNnc3U3AxZ2xNeUtTdVpQWGlGMDU2M0VOX2IydG1LRFJKeUU2ejhVdHlBQ3luaGdvWE80ME1tVG9ueEpoVEJ5OUItOUdUd1gyRQ?oc=5,뉴데일리,,스마트공장,2026-09-19T15:38:10.090473+09:00,False,False,live
ART-00880,policy,"공장, 스스로 똑똑하게 만든다…삼성, 전남광주 17개 기업 지원",2026-08-28,"공장, 스스로 똑똑하게 만든다…삼성, 전남광주 17개 기업 지원 서울Pn","공장, 스스로 똑똑하게 만든다…삼성, 전남광주 17개 기업 지원 서울Pn",https://news.google.com/rss/articles/CBMiakFVX3lxTE10b0lPRkhNSHVZRlRJVnBEbElzR2laa01hd0J1RmxEZ1RfMGg5SjgwLUpvR1RueS1qelFNX2dGalZVc0UzVEYycnptb01PSGJaV0h3SG5nTjRPNEJ4UTU0NHhUZWpsVWJUMVE?oc=5,서울Pn,,스마트공장,2026-09-19T15:38:10.090473+09:00,False,False,live
ART-00881,policy,中企·지역과 함께 혁신하고 성장해 온 스마트공장 10주년,2026-09-12,中企·지역과 함께 혁신하고 성장해 온 스마트공장 10주년 Samsung Global Newsroom,中企·지역과 함께 혁신하고 성장해 온 스마트공장 10주년 Samsung Global Newsroom,https://news.google.com/rss/articles/CBMibkFVX3lxTE90X1dHazgtaEJyYXFrZFZlc3AyQkxBXzRDUFlDd1NPbkh1bHQ2TXlQZHdRSGVBWGVJZjZCVEhTSUNaTkxEUU44UHhvbHJYZjZPUFA2U252Y0Fic1hiRHdTVUhMakNpaUdKWlNqem53?oc=5,Samsung Global Newsroom,,스마트공장,2026-09-19T15:38:10.090473+09:00,False,False,live
ART-00882,policy,"경기TP, 스마트제조혁신센터 평가 4년 연속 '최우수' - 머니투데이",2026-09-02,"경기TP, 스마트제조혁신센터 평가 4년 연속 '최우수' - 머니투데이 mt.co.kr","경기TP, 스마트제조혁신센터 평가 4년 연속 '최우수' - 머니투데이 mt.co.kr",https://news.google.com/rss/articles/CBMiakFVX3lxTE96UGVZd0ljNk5UQnVrS1Jic01Kek5NR3lzQkRsbDJKVDRMNVFhLUZNa2hDYWVDR2NNSmgzOS00RExWbEJoTmZvdllzdnlHSDVmRlRJeEI2WGdJRnFCY2swWnM0VzhOSTdZNWfSAW9BVV95cUxNMUd6LW01YjhvN01BcFdJV0RzRlNrZHpWc0QyRjktWTh4RTAyajZubEF1WWtIbG9pY3o3Ylh4c2F3OVpsenZEcktvUHdYbnROUGlheGJPblktZHZRdnZCa3BldzZyZUF4S3VUYm1iZzQ?oc=5,mt.co.kr,,스마트공장,2026-09-19T15:38:10.090473+09:00,False,False,live
ART-00883,policy,"중소 제조기업 AX ‘앰플랩’, 스마트공장 공급기업 등록",2026-09-03,"중소 제조기업 AX ‘앰플랩’, 스마트공장 공급기업 등록 와우테일","중소 제조기업 AX ‘앰플랩’, 스마트공장 공급기업 등록 와우테일",https://news.google.com/rss/articles/CBMiT0FVX3lxTE5vQXUyd0F6SnV6LWh2SWtpZkhXRXkya3dvYm9jWkxsTjFoaDYyTVBfSWMwTFUxdXZFQlpjX0lyMzJBUmYtZWozVWduQnZoR2c?oc=5,와우테일,,스마트공장,2026-09-19T15:38:10.090473+09:00,False,False,live
ART-00884,policy,"[스마트산업강국 함께 하는 제조혁신 4.0] 삼성전자 제조현장 전문가들, 中企 상주하며 AI전환 돕는다",2026-08-27,"[스마트산업강국 함께 하는 제조혁신 4.0] 삼성전자 제조현장 전문가들, 中企 상주하며 AI전환 돕는다 매일경제","[스마트산업강국 함께 하는 제조혁신 4.0] 삼성전자 제조현장 전문가들, 中企 상주하며 AI전환 돕는다 매일경제",https://news.google.com/rss/articles/CBMiVkFVX3lxTE8wV3ktbUZ1eDAzRWJ5VloxR0ZDU1NtZFJWSUJIOXNEWF9KNEZLYkk5TkZ5MmZWSV95WnhMUjVLeXBuMG1qd3M1VEVCZEJKNzVobDBvZTF3?oc=5,매일경제,,스마트공장,2026-09-19T15:38:10.090473+09:00,False,False,live
ART-00885,policy,"부산테크노파크, 스마트공장 선정기업 최대 3개월 밀착지원…정부 85% 부담",2026-09-11,"부산테크노파크, 스마트공장 선정기업 최대 3개월 밀착지원…정부 85% 부담 뉴스타운","부산테크노파크, 스마트공장 선정기업 최대 3개월 밀착지원…정부 85% 부담 뉴스타운",https://news.google.com/rss/articles/CBMibkFVX3lxTE5jNFJCc2JDTVYzUFJMU01zdFdSMUdwaDZhT3c2UFFtX01yVVRfOVFvSmpuNTJUc21FeEpUN3Jjb3ZvNU1HbmUyNWVSY2tDdmJsR2R1cnN6WVI1dC1kVjk3X21aLUNuMTdBZVJkUXhR?oc=5,뉴스타운,,스마트공장,2026-09-19T15:38:10.090473+09:00,False,False,live
ART-00886,policy,"포항TP, 스마트공장 구축지원사업 참여기업 추가 모집",2026-07-05,"포항TP, 스마트공장 구축지원사업 참여기업 추가 모집 경상매일신문","포항TP, 스마트공장 구축지원사업 참여기업 추가 모집 경상매일신문",https://news.google.com/rss/articles/CBMiX0FVX3lxTE9zaU9YRnpRWTh0WjYxWFdGR0R0dEdwNTRTOXFfX2d6N244RGpxV2E1SkZpV2VkRi1FRFBkWldrbzk0V0dZM1RMWXVVTjI5Sk1VVHFVWVkxdDltcEVXanJr?oc=5,경상매일신문,,스마트공장,2026-09-19T15:38:10.090473+09:00,False,False,live
ART-00887,policy,[스마트산업강국 함께 하는 제조혁신 4.0] 맛 좌우하는 원료 배합 … 스마트공장 덕에 성공률 99%로 높아져,2026-09-01,[스마트산업강국 함께 하는 제조혁신 4.0] 맛 좌우하는 원료 배합 … 스마트공장 덕에 성공률 99%로 높아져 v.daum.net,[스마트산업강국 함께 하는 제조혁신 4.0] 맛 좌우하는 원료 배합 … 스마트공장 덕에 성공률 99%로 높아져 v.daum.net,https://news.google.com/rss/articles/CBMiS0FVX3lxTFBhc2tQdjdkakZDM0dJTFRmTlEyYi1YdjRDZWc5YUZZb01jRmdFdzB2MHJvMkFmdEhNSEEzNThtMk9BeTRiQzBuQ0poaw?oc=5,v.daum.net,,스마트공장,2026-09-19T15:38:10.090473+09:00,False,False,live
ART-00888,policy,"슈나이더일렉트릭, 중기부 '스마트공장 지원사업' 공급기업 등록…제조업 디지털 전환 지원",2026-05-15,"슈나이더일렉트릭, 중기부 '스마트공장 지원사업' 공급기업 등록…제조업 디지털 전환 지원 전자신문","슈나이더일렉트릭, 중기부 '스마트공장 지원사업' 공급기업 등록…제조업 디지털 전환 지원 전자신문",https://news.google.com/rss/articles/CBMiTkFVX3lxTE5KOHlLWnhadHJLZmZQZ0JlTlVHeEt5VVMzTi1KVWlGb0VPSHJyek9sZEwwRkozZGVfb3FwYTZpQW5DMWdwNkljZlVaZkhwUQ?oc=5,전자신문,,스마트공장,2026-09-19T15:38:10.090473+09:00,False,False,live
ART-00889,policy,"휴온스 제천2공장, 정부 스마트공장 구축지원사업 선정",2026-06-17,"휴온스 제천2공장, 정부 스마트공장 구축지원사업 선정 경향신문","휴온스 제천2공장, 정부 스마트공장 구축지원사업 선정 경향신문",https://news.google.com/rss/articles/CBMiWkFVX3lxTE8zUXQtejdHdy1QbkVOWUZWY2pveHotY2RDR3ZtODUzTVk1OVc3dkxhSXVNNklzNkY3ZVFfR2kzSDVrcnd6bE54aEZwUFpxX1pQaEp5S3JDN2Nqd9IBX0FVX3lxTFA5QkVPVnFiWE1IY1BIYnVQbzVhZll3R3dvQmxRRlRUT3hlZkl6WmVLN1k4MTR4UzY3d1BSeFJxOU9iM0RUem9SVEpJYlhLZHhvcnFvZHVYb3dabnd2QUJN?oc=5,경향신문,,스마트공장,2026-09-19T15:38:10.090473+09:00,False,False,live
ART-00890,policy,"삼성전자, 전남광주 제조기업 17개사 '스마트공장 전환' 지원 - 보도자료 | 기사",2026-08-27,"삼성전자, 전남광주 제조기업 17개사 '스마트공장 전환' 지원 - 보도자료 | 기사 더팩트","삼성전자, 전남광주 제조기업 17개사 '스마트공장 전환' 지원 - 보도자료 | 기사 더팩트",https://news.google.com/rss/articles/CBMiX0FVX3lxTE1UdjkwUDlPX1g3MlVPUG8tV1U4X2lSNWRPdkhCYmdvX3VyOExPWHdoSDFST2FPTlhTeUg3Wl9xa1FlamNIakNwMHdBbGlkLXJLUVFLYkQtNWlHZ2R4UUhF?oc=5,더팩트,,스마트공장,2026-09-19T15:38:10.090473+09:00,False,False,live
ART-00891,policy,"[특집]삼성전자, AI·데이터 기술 활용…10년간 3600개 중소기업 ‘지능형 공장’ 전환 지원",2026-06-24,"[특집]삼성전자, AI·데이터 기술 활용…10년간 3600개 중소기업 ‘지능형 공장’ 전환 지원 경향신문","[특집]삼성전자, AI·데이터 기술 활용…10년간 3600개 중소기업 ‘지능형 공장’ 전환 지원 경향신문",https://news.google.com/rss/articles/CBMiWkFVX3lxTFBvaTFXVnE0WW1VRXE3NkFReVVhSF9hUEZfQUxXMEdQbkZ4UU5IQm8xblVfQVBIb0Ezak9vM043WlZOLWNqU0Qxd1hrQnNTZ2kwTHpNU3VWR3V1Z9IBX0FVX3lxTE1MRUJyQy1Lb3JJRFlKd1IyNjZpRGZwdnVhZFZHeS0yVGpPVXRYLW5SV1dsZnU4Ri1fS2ZDaFF3NGtvX2VDdHJBYkZRcXQwS3hqYkJLRThKR2NvTWlyLTlZ?oc=5,경향신문,,스마트공장,2026-09-19T15:38:10.090473+09:00,False,False,live
ART-00892,policy,"스마트제조기술기업협회, 베트남서 스마트공장 사업 기회 모색",2026-08-28,"스마트제조기술기업협회, 베트남서 스마트공장 사업 기회 모색 IT조선","스마트제조기술기업협회, 베트남서 스마트공장 사업 기회 모색 IT조선",https://news.google.com/rss/articles/CBMicEFVX3lxTE94YlR4OUZacGZ2WF9IQVAxOElUQzZJeUhzUTJ0dUVUTDN5bUNIS0hzLUVwa3pNUHlHTV91Yi1wM1dzMjdfODZLTjBDNVJRV29ZNnFnN1QwZnZHbThxT1REV0EzWWsxOGVWZUVFNUJ0bFbSAXRBVV95cUxNMUlCNVVYZ0hmNDdfQWwtZDBpWXN4M016VmU3d1B1QW52RjZTcUpWVmFBamZucGtlM3REeTRyc09TR1BSZ2wtd3B2WHp1YW1jVlZUNGtxdk5QcmtoOHRuSFI3by1JZFYtaVZmc3RkOGxBVzJoTw?oc=5,IT조선,,스마트공장,2026-09-19T15:38:10.090473+09:00,False,False,live
ART-00893,policy,"삼성전자, 전남광주 제조사 17곳 '스마트공장 전환' 지원",2026-08-27,"삼성전자, 전남광주 제조사 17곳 '스마트공장 전환' 지원 뉴시스","삼성전자, 전남광주 제조사 17곳 '스마트공장 전환' 지원 뉴시스",https://news.google.com/rss/articles/CBMiYEFVX3lxTE1vNm0zazJsWmJQX2x2U3BIZjFmb1Q3RWFINUxtdE1TYjROX2UxX3p6Qkt6TmJDUlI5TUg3eEhiR2FJUzRqX2lROGhSNGE3Y3M4S052UTI4bF84b0JXWDJHR9IBeEFVX3lxTE1wYm9tS1hZLWxCdE5ZeDZldjRuS0lwcEstSGpqTHNQSXpEVDN0emtvXzZFcUZqYkd0OFpFbm1QSnhobGVhQlkwYmpDTzg5S0RKM2s4cFhtV05tVGlNdE9iS25ZeVNhX1FFSm82dFh4NFBwcHp5YlFFUA?oc=5,뉴시스,,스마트공장,2026-09-19T15:38:10.090473+09:00,False,False,live
ART-00894,policy,"""제조혁신 성공 교과서 만든다""…기정원, 스마트공장 우수사례 공모",2026-07-06,"""제조혁신 성공 교과서 만든다""…기정원, 스마트공장 우수사례 공모 v.daum.net","""제조혁신 성공 교과서 만든다""…기정원, 스마트공장 우수사례 공모 v.daum.net",https://news.google.com/rss/articles/CBMiT0FVX3lxTE5uYlRaWERneEh2TTA0WnRsOWFVOFVHTFVXbGlHUldKQ2IzUmNSSjI2SW9vOVp2STh5YVR4UERLYUJHWTh3a0NKM1dwNG10aWM?oc=5,v.daum.net,,스마트공장,2026-09-19T15:38:10.090473+09:00,False,False,live
ART-00895,policy,"[공공기관·공기업 특집]대중소기업농어업협력재단, 스마트공장 지원사업으로 체질 개선 ‘구사일생’",2026-04-28,"[공공기관·공기업 특집]대중소기업농어업협력재단, 스마트공장 지원사업으로 체질 개선 ‘구사일생’ 경향신문","[공공기관·공기업 특집]대중소기업농어업협력재단, 스마트공장 지원사업으로 체질 개선 ‘구사일생’ 경향신문",https://news.google.com/rss/articles/CBMiWkFVX3lxTE4wX1RERjhPNi03aEc0UEVxQWQ0ay1vckNWQU45YWFORHhaOHlTTEcwMVZOYVc1OWltQXBXT3ZKNEhMZmNhaXh1YVBPbUR5MUFCczVpNFJuOFduUdIBX0FVX3lxTE9GTE5IcUhFNmxzcF9GdG5VcWE2LWZJOUgzeXdOdWxRRFVZLTJqbXJPTGh2VVNJd1N3OFA3VXhaTlpOWGVaSkltR0p2cFI0SmVPZWVMcjF5U1M1dll5YTQw?oc=5,경향신문,,스마트공장,2026-09-19T15:38:10.090473+09:00,False,False,live
ART-00896,policy,"중기중앙회, 식품 제조업 스마트공장 구축 지원…30개사 모집 - 조선비즈",2026-05-10,"중기중앙회, 식품 제조업 스마트공장 구축 지원…30개사 모집 - 조선비즈 Chosunbiz","중기중앙회, 식품 제조업 스마트공장 구축 지원…30개사 모집 - 조선비즈 Chosunbiz",https://news.google.com/rss/articles/CBMikAFBVV95cUxNdEc0X09BMnJObXQyOFBQemRFaEV0R2pKdndWUlF5OHp4UzNiNmNRRlR5WGVOdFl0bk9ZQUducGtXV2JRVWdBcjZaVm1mSW96djU0dk8wMHBudkkwaWdiUWhhMHV6U0VBZTJsMUQ4VmRYYU5iR1lfQUdKRWdMUVFHWFYwdUZiS3UxT1l6SWtXbmPSAaQBQVVfeXFMTVNQZWZnMWNDTkV4RWFiN1kzanZpTjJGN2psUURpSzhPUjcxc1BNMlJBRnJkMElwUEQxSU4zZ2M1LU1qMFhubncxd1Eyb2VUemVWUU05d2VDdmZBekVpR1hJZHpaOW1Ra1Y2Wm95cVpDR1dXZDAwNFZsdnZtZzE5bXc0eVlyNmhOby1kSUx2S3NxZlByenMwRk5qMkYtQTFTZUpLTGk?oc=5,Chosunbiz,,스마트공장,2026-09-19T15:38:10.090473+09:00,False,False,live
ART-00897,policy,"아이브이웍스, 중기부 ‘제조AI특화 스마트공장 구축 지원사업’ 선정",2026-08-14,"아이브이웍스, 중기부 ‘제조AI특화 스마트공장 구축 지원사업’ 선정 와우테일","아이브이웍스, 중기부 ‘제조AI특화 스마트공장 구축 지원사업’ 선정 와우테일",https://news.google.com/rss/articles/CBMiT0FVX3lxTE5EM1hnRlhUQlE2dkdjUDlLTXdwTy1DdERfdnZYWHZELUxsM2FWTDhNVVNpbFFseDZZYnoycng0YXlvQVFLM2dvQUlDUHJ1dm8?oc=5,와우테일,,스마트공장,2026-09-19T15:38:10.090473+09:00,False,False,live
ART-00898,policy,"경기테크노파크, 경기북부 스마트공장 확산 포럼 개최",2026-08-03,"경기테크노파크, 경기북부 스마트공장 확산 포럼 개최 매일일보","경기테크노파크, 경기북부 스마트공장 확산 포럼 개최 매일일보",https://news.google.com/rss/articles/CBMiZEFVX3lxTE5pS01sQmFMNGtudV9YSng2LWhfU0hYMFZWbHJ0TjlmRkhVclEtdW55QnNCaHN5T0xJaWE4RnRfU1lBWHktQXBldGFuZi0wQk9rcWJRZmc5QjdiTkdTUHBBczJNQUHSAWhBVV95cUxNQzVXdk5LZmxSanlKTUtKRkktMTBIaktFaVZKOTFTVHBpX01fQUNGcmJaWDg1Mml1WmU1Nzk1WDR2cDZxdUM1dUY3OUZkUGZ0eHpwYXY2MW9mWXZoTDBJdGMyVGZWYkYtZA?oc=5,매일일보,,스마트공장,2026-09-19T15:38:10.090473+09:00,False,False,live
ART-00899,policy,"포스코, 스마트공장 구축 632건 지원……AI 컨설팅까지 한단계 점프",2026-05-20,"포스코, 스마트공장 구축 632건 지원……AI 컨설팅까지 한단계 점프 이코노미톡뉴스","포스코, 스마트공장 구축 632건 지원……AI 컨설팅까지 한단계 점프 이코노미톡뉴스",https://news.google.com/rss/articles/CBMibEFVX3lxTE1Tdy01R245YkdBM1RNUjBhd3JDTU45d3pNblRMRjJwemlUdGVPbDFDY3E3QUJfVEZLNFJIS3B1bU84S3dNRFk3LUk3TjI4S3VGUXA2eEVZSnk0SFV6a0oxaWo0bFdXc0l1OWN4bQ?oc=5,이코노미톡뉴스,,스마트공장,2026-09-19T15:38:10.090473+09:00,False,False,live
ART-00900,policy,"삼성전자, 전남광주 제조기업 17곳 스마트공장 전환 지원",2026-08-27,"삼성전자, 전남광주 제조기업 17곳 스마트공장 전환 지원 매일경제 마켓","삼성전자, 전남광주 제조기업 17곳 스마트공장 전환 지원 매일경제 마켓",https://news.google.com/rss/articles/CBMiUkFVX3lxTE1wbFdGUG5FMjlGR3JSazY5TDktYnNlcnVaRnlzdEN6QW1MQnZ1MGY5S1owdHhvM3B1Vm5xOEE1RW5ZZ2JfUFdZZlZxS2Nnb1dHY3c?oc=5,매일경제 마켓,,스마트공장,2026-09-19T15:38:10.090473+09:00,False,False,live
ART-00901,policy,"전남테크노파크, ‘2026년 지역특화형 스마트공장’지원기업 모집",2026-06-17,"전남테크노파크, ‘2026년 지역특화형 스마트공장’지원기업 모집 뉴스깜","전남테크노파크, ‘2026년 지역특화형 스마트공장’지원기업 모집 뉴스깜",https://news.google.com/rss/articles/CBMiakFVX3lxTFBYT3A0Q3R1NmQzRWUxMXBkZXhjeFR1TVpocGlHbGp5UXJLcU85WEJLaG5NaXRWdEpkNzRrdzdVZHlpazBRUjNCZDRxVzR5dTVXSGNIUWNTUmtrcV9QQTlrQzFaSlN2UUpheHc?oc=5,뉴스깜,,스마트공장,2026-09-19T15:38:10.090473+09:00,False,False,live
ART-00902,policy,"삼성, 전남광주 중소기업 17곳 스마트공장 전환 지원",2026-08-27,"삼성, 전남광주 중소기업 17곳 스마트공장 전환 지원 데일리한국","삼성, 전남광주 중소기업 17곳 스마트공장 전환 지원 데일리한국",https://news.google.com/rss/articles/CBMib0FVX3lxTE5uQmNCSnJub1NuUk9RR283TUJBd0dEeDhzQTNicEN2WGFSUFRYeFVweS1hYm5TTjl5d3RJOGFXUlhVT0RaSHBxZTZsNEdYTDFDTFBMVFBxSnpPVGtzbVB6ZGd3R3piV21ieGhiSTFZQdIBc0FVX3lxTE03SkJQdFJHa0hiN2NRaWZlUTVTUThBVkFzOGRCeWt4U2J2SWZVMUNJMWU4OTE5WXg0Y2ZjMmJ1bWpwQWFHQjM1V2d5anhkMU9PcXR3OVNyZ1Bfc2NNVGNiTC1fa0ZUYk95TmtNVkkwcE5Sb1E?oc=5,데일리한국,,스마트공장,2026-09-19T15:38:10.090473+09:00,False,False,live
ART-00903,policy,"삼성, 10년간 3600개사에 ‘스마트공장’ 지원… 매출 24%·고용 26%↑",2026-05-28,"삼성, 10년간 3600개사에 ‘스마트공장’ 지원… 매출 24%·고용 26%↑ 서울신문","삼성, 10년간 3600개사에 ‘스마트공장’ 지원… 매출 24%·고용 26%↑ 서울신문",https://news.google.com/rss/articles/CBMiggFBVV95cUxQZE5RUU5hQzlxeC1JalBPMElrRXJDM203a3d4MGt3SXJYSVB1U0ZxdWFuZHN0WnM3UkI4ZFA2LUc0WEJzUGlwSk9nOTJFWXNVTkNkWjl1Q0RPSkZVaTY1Q2g0dFFMdXVQRzV2MDJZNERtOHdPcmlUV0RkTTJYYUpRVzFR?oc=5,서울신문,,스마트공장,2026-09-19T15:38:10.090473+09:00,False,False,live
ART-00904,policy,"삼성, 전남광주 제조기업 17곳 스마트공장 전환 지원",2026-08-27,"삼성, 전남광주 제조기업 17곳 스마트공장 전환 지원 아시아경제","삼성, 전남광주 제조기업 17곳 스마트공장 전환 지원 아시아경제",https://news.google.com/rss/articles/CBMiYEFVX3lxTE1kRkpzYXkwTTQ5d2ZfeU1kb2Fid2FSUlI0SG0ydzF3WjlJMTlRQjI0dHVpYVNURDBWQXVjMVpyejFXTDhvZnZtVEZZOTNUQ0tUTVZKTld3LUZJT0NDYy15cA?oc=5,아시아경제,,스마트공장,2026-09-19T15:38:10.090473+09:00,False,False,live
ART-00905,policy,"전남광주 제조기업 17곳, 삼성과 손잡고 ‘스마트공장화’",2026-08-28,"전남광주 제조기업 17곳, 삼성과 손잡고 ‘스마트공장화’ news.mtn.co.kr","전남광주 제조기업 17곳, 삼성과 손잡고 ‘스마트공장화’ news.mtn.co.kr",https://news.google.com/rss/articles/CBMiZEFVX3lxTE8tOEtwd1NiazBKcDB2Ui1qbGVrT1pkNmdVYXVLeG5wMWdGcllPQ2ZlOHQ4ejhwT1JvU014R1FYd1hVVEp4SU8wbzlkaV9XUTV6TTBtSTVCNy12cGFReThpYmFKME4?oc=5,news.mtn.co.kr,,스마트공장,2026-09-19T15:38:10.090473+09:00,False,False,live
ART-00906,policy,"포스코, 상생형 스마트공장 구축 사업확대···中企 '제조AI 전환' 지원",2026-05-19,"포스코, 상생형 스마트공장 구축 사업확대···中企 '제조AI 전환' 지원 증권일보","포스코, 상생형 스마트공장 구축 사업확대···中企 '제조AI 전환' 지원 증권일보",https://news.google.com/rss/articles/CBMiYEFVX3lxTFBSeGpnTmVZXzNVTkJmUVh5cFZydlBINXVaRzhfYk0tMlAwQ2NKVmV1WWJUTEwyd2FqdVF2NXJyc0VjNkJWdDEwR0dEdVRPMFJxWVBCWFZvVUd1bm5UM2hsWg?oc=5,증권일보,,스마트공장,2026-09-19T15:38:10.090473+09:00,False,False,live
ART-00907,policy,"전남광주 제조기업 17곳, 삼성전자와 스마트공장 전환 본격화",2026-08-27,"전남광주 제조기업 17곳, 삼성전자와 스마트공장 전환 본격화 hdnews.co.kr","전남광주 제조기업 17곳, 삼성전자와 스마트공장 전환 본격화 hdnews.co.kr",https://news.google.com/rss/articles/CBMia0FVX3lxTE1UUnBVRW9jVEtSMmFiaXdUS2Y0TkVMd1VYTVB4aVBSNEFrNlVFQzFyTTlWVC1QSzRwT2JYbGlqOXNUVFZjd2ZDVkp2STJ2RU5kdjlPcVVuSmVaNGdvX3JJVk51aTJVOGtVTmY4?oc=5,hdnews.co.kr,,스마트공장,2026-09-19T15:38:10.090473+09:00,False,False,live
ART-00908,policy,[상생경영 특집] 中企 스마트공장 고도화… AI로 생산성 ‘껑충’,2026-08-26,[상생경영 특집] 中企 스마트공장 고도화… AI로 생산성 ‘껑충’ 세계일보,[상생경영 특집] 中企 스마트공장 고도화… AI로 생산성 ‘껑충’ 세계일보,https://news.google.com/rss/articles/CBMiWEFVX3lxTE1CTm5FOUt2V0xXbG5ZWVRlZ0poaDRLeGhLT3pvcTN5NWxCV2NyWThfVXJWTGh2VjlRTENSM3d2SGFLdlljdFlQVVo0aE1rY1k2dW80bS1qQU3SAVRBVV95cUxPR2ZjUTE2ZWhsSWpOd1NjYVJ4V0hIdXQzVElIODBTRk5fdXc0YmR5OERDMmZCRi1Tbi1uTUpsZjdYYmx0LW15R0pxVTk2V0VfV3FjR1c?oc=5,세계일보,,스마트공장,2026-09-19T15:38:10.090473+09:00,False,False,live
ART-00909,policy,"안산시·경기도, 스마트공장 구축에 최대 5천만원 지원",2026-02-19,"안산시·경기도, 스마트공장 구축에 최대 5천만원 지원 경기일보","안산시·경기도, 스마트공장 구축에 최대 5천만원 지원 경기일보",https://news.google.com/rss/articles/CBMiW0FVX3lxTE12cFo0aWJsX3FJeDZaYjdlZmM3YTZqYmxOT1hRRU9EU3hrbk5XT1M0MlEzLU91ekhsRXV5WUk2NGlEaFJ6b0FvMlRiNUhrSVBLajh3dm02UnBsX0k?oc=5,경기일보,,스마트공장,2026-09-19T15:38:10.090473+09:00,False,False,live
ART-00910,policy,"""함께 미래로""… 삼성전자, 中企 스마트공장 전환 지원",2026-02-18,"""함께 미래로""… 삼성전자, 中企 스마트공장 전환 지원 v.daum.net","""함께 미래로""… 삼성전자, 中企 스마트공장 전환 지원 v.daum.net",https://news.google.com/rss/articles/CBMiT0FVX3lxTE5OZ2VYOVNxVW4tZ2Z2VHgzN1RYWUFxQlpHSWgybVZMeEY1QmMtdHA5b2tnMFN2Si1vX3BrQVhQb1l6eVhhSXRnSEQ4YzFic1k?oc=5,v.daum.net,,스마트공장,2026-09-19T15:38:10.090473+09:00,False,False,live
ART-00911,policy,6월 10일~12일 코엑스 ‘AI+ 똑똑한 공장 SHOW’... 화장품 스마트 공장 구축 지원,2026-06-09,6월 10일~12일 코엑스 ‘AI+ 똑똑한 공장 SHOW’... 화장품 스마트 공장 구축 지원 cncnews.co.kr,6월 10일~12일 코엑스 ‘AI+ 똑똑한 공장 SHOW’... 화장품 스마트 공장 구축 지원 cncnews.co.kr,https://news.google.com/rss/articles/CBMiYkFVX3lxTE9aUlFGaHhfY3c3eHRmdThaemQ0Yzc1dnZEWHd5MmxtUThfcE03QldxMkRyVlFmek5melA2bld5bFVkT0VMZ1BRejdLRExLLVV5a1VXaERCV3RMNTRsZ1UxRzlB?oc=5,cncnews.co.kr,,스마트공장,2026-09-19T15:38:10.090473+09:00,False,False,live
ART-00912,policy,"슈나이더일렉트릭 코리아, 중기부 ’스마트공장 지원사업’ 공식 공급기업 선정",2026-05-15,"슈나이더일렉트릭 코리아, 중기부 ’스마트공장 지원사업’ 공식 공급기업 선정 인더스트리뉴스","슈나이더일렉트릭 코리아, 중기부 ’스마트공장 지원사업’ 공식 공급기업 선정 인더스트리뉴스",https://news.google.com/rss/articles/CBMickFVX3lxTE5kYkRtLVVxXzZxZHQ1cWNpQkZkVFAwelplM2h1OWM4cGJxXzg3eUJYbzhRR01lMnlncGk0V211Y2ZpSmhRR3NrMW1RTEN6TFpEelhWR2tfYk5DVTZTeVpBaEhXOXphaGdzOGRseHZMMndudw?oc=5,인더스트리뉴스,,스마트공장,2026-09-19T15:38:10.090473+09:00,False,False,live
ART-00913,policy,"[행복한 동행]삼성전자, ‘스마트공장’ 노하우 전수…AI가 결정 내리는 ‘자율형’ 단계까지 지원",2026-04-29,"[행복한 동행]삼성전자, ‘스마트공장’ 노하우 전수…AI가 결정 내리는 ‘자율형’ 단계까지 지원 경향신문","[행복한 동행]삼성전자, ‘스마트공장’ 노하우 전수…AI가 결정 내리는 ‘자율형’ 단계까지 지원 경향신문",https://news.google.com/rss/articles/CBMiWkFVX3lxTE1vczAxcE12LVVjc3VCLVMzNkZYUi1WOHNSVkIyblZkYUNJVENxc3llN185Vi1HU2J4aEhTR1F4V2VDX2tXUFlsQzgwOUtEeVdwME5Ic01XMEp4QdIBX0FVX3lxTE1fQkxSZG5yM1N0RUVqc2E4SDFqYXpUOXJpd2FQbE9Xb1MweERwbnNzQy0wMEpGRkptUnNrTFg1WlB3NlJHRXk1ZWxBd21lcXNVN0J3dGhLTGpycUlzc1lJ?oc=5,경향신문,,스마트공장,2026-09-19T15:38:10.090473+09:00,False,False,live
ART-00914,policy,"전남광주 제조사 232곳, 삼성형 스마트공장 전환…생산성 44% 향상",2026-08-27,"전남광주 제조사 232곳, 삼성형 스마트공장 전환…생산성 44% 향상 뉴스핌","전남광주 제조사 232곳, 삼성형 스마트공장 전환…생산성 44% 향상 뉴스핌",https://news.google.com/rss/articles/CBMiXEFVX3lxTE1QUVhaMV8tSWUwTkVzc29RVl9zVUpwb0kzLVhjZkRxekN3a1dNbk5LUlRSVGt5UXhVZGZ1MGU0VVpYSnZiUU91OS1MNVZaQjBDTWtxeU96QU9NcW52?oc=5,뉴스핌,,스마트공장,2026-09-19T15:38:10.090473+09:00,False,False,live
ART-00915,policy,"삼성전자 베트남, 현지 기업 2곳 스마트공장 구축 지원",2026-07-22,"삼성전자 베트남, 현지 기업 2곳 스마트공장 구축 지원 PRESS9","삼성전자 베트남, 현지 기업 2곳 스마트공장 구축 지원 PRESS9",https://news.google.com/rss/articles/CBMiZkFVX3lxTE51cHJCTldfbV9mMHBkeVJxdnd3cjg2bTM0YmFYck9PclJianBlT201ZTd6eWZ6ZXRsd05FbVE4QnQzb3g3QXA1Ymh4amZVTFF0QkE0eGdDSWtDUnFBNzFmR0E2MkZCQQ?oc=5,PRESS9,,스마트공장,2026-09-19T15:38:10.090473+09:00,False,False,live
ART-00916,policy,"항만공사, 중소기업 스마트공장 구축 지원",2026-07-27,"항만공사, 중소기업 스마트공장 구축 지원 KBS 뉴스","항만공사, 중소기업 스마트공장 구축 지원 KBS 뉴스",https://news.google.com/rss/articles/CBMiW0FVX3lxTE53RTVoamVpWDhrV3JHZ1M4aEMtbktrYmIxbk1SR2hLLWNGMU1CWTdTelBaU0lTdVQyOVBpMnhQQ1IzZzVxakJmSmZpTkFuZXFJRTVUejNYenlSVWc?oc=5,KBS 뉴스,,스마트공장,2026-09-19T15:38:10.090473+09:00,False,False,live
ART-00917,policy,"삼성, 전남광주 제조기업 17개사 ‘스마트공장 전환’ 지원",2026-08-29,"삼성, 전남광주 제조기업 17개사 ‘스마트공장 전환’ 지원 뉴스21 통신","삼성, 전남광주 제조기업 17개사 ‘스마트공장 전환’ 지원 뉴스21 통신",https://news.google.com/rss/articles/CBMiVkFVX3lxTE9zai03OVZPYWhwS1gwcVhjTmE4amwwNnJzR3M2ekZwN2lzc3h3SXBxOVZLNUlFd1d3T09LRVZjZ2UyQ3Ryd1RfWV8tdVVwQ2tDb2JIUVln?oc=5,뉴스21 통신,,스마트공장,2026-09-19T15:38:10.090473+09:00,False,False,live
ART-00918,policy,"삼성, 전남광주 제조기업 17개사 ‘스마트공장 전환’ 지원",2026-08-27,"삼성, 전남광주 제조기업 17개사 ‘스마트공장 전환’ 지원 안동데일리","삼성, 전남광주 제조기업 17개사 ‘스마트공장 전환’ 지원 안동데일리",https://news.google.com/rss/articles/CBMibkFVX3lxTE5QczhQOFBjNm82ZkFvcS1HLTdGaEVNN2NYOFp1VnI2QWZvX2taMHBKeXBXMEVEdnNMbjdDSEp3bTAzaDNteEdPSm9aUWhvc2x6ZU5RSDc0cW1hS1cwbzhvaDlBNlN3Z21IaDRZd2Jn?oc=5,안동데일리,,스마트공장,2026-09-19T15:38:10.090473+09:00,False,False,live
ART-00919,policy,"휴온스 제천2공장, 정부 스마트공장 구축지원사업 선정 - 머니투데이",2026-06-17,"휴온스 제천2공장, 정부 스마트공장 구축지원사업 선정 - 머니투데이 mt.co.kr","휴온스 제천2공장, 정부 스마트공장 구축지원사업 선정 - 머니투데이 mt.co.kr",https://news.google.com/rss/articles/CBMiakFVX3lxTE5TdVJYc2JMNmFqdzZfYnBPRTlqUWdqdFp3SXdpMHlpN1NxQlpIeGgyQXB5RU1iS1FxZ19lYnJ1WWFnb1Uxc1IwZjQxYkpwbjZOd2toNkh5T0J0N05SeDJjMUt1Ulc3V0dNV3fSAW9BVV95cUxNeTZ0ODdvcnBkOTZHTVVxNzA5S3lBLTBwU192NlE3cUFyM01TcThkcG14QUlQdVV6TmQydjQ0NUNEZDRxLVE5TjZobHRqbWpoakpwS1o3XzlUV0JEbUdlbVZ3WGtDdEhzeFRuOXhSWWM?oc=5,mt.co.kr,,스마트공장,2026-09-19T15:38:10.090473+09:00,False,False,live
ART-00920,policy,"삼성, 전남광주 제조기업 17곳 스마트공장 전환 지원…최대 6천만원",2026-08-27,"삼성, 전남광주 제조기업 17곳 스마트공장 전환 지원…최대 6천만원 글로벌경제신문","삼성, 전남광주 제조기업 17곳 스마트공장 전환 지원…최대 6천만원 글로벌경제신문",https://news.google.com/rss/articles/CBMibEFVX3lxTE9BcHQ1aElBWlVZY19kQWtQYWRBdE1UNzV5QTlaUVdYNV9XR05TaU5wM2Z2X0J4Wi1EeFQwbFJkZEZoNGpvN1pxdnQ4YlQ1SzJxbmUxLWc1X0NRLS1ieGhSNVRVLVdhX0xMLWl0RNIBcEFVX3lxTE9lWm1RSEFBNXV6NFVqZDNMczJmcGpudFJYMHZPYzBtSWktZ3g2MjVlNHZIazRwc2hOX05LQU9DekZYc3dxYXBmR1FuMjBNMFltR0l6S3kyRjlfa25qaUxsWHhWeFBGbEo5SVh2R1c4VXM?oc=5,글로벌경제신문,,스마트공장,2026-09-19T15:38:10.090473+09:00,False,False,live
ART-00921,policy,"삼성, 전남광주 제조기업 17개사 '스마트공장 전환' 지원",2026-08-27,"삼성, 전남광주 제조기업 17개사 '스마트공장 전환' 지원 아이뉴스24","삼성, 전남광주 제조기업 17개사 '스마트공장 전환' 지원 아이뉴스24",https://news.google.com/rss/articles/CBMiS0FVX3lxTE1KcGpIWG96RjNiX01kSG42VUE5am9SY1k5T25iUmZWWE5hbDYtQWNscXJGSzNmWExaYzdaMlVLRTZkM3pmZWlZa2hwMA?oc=5,아이뉴스24,,스마트공장,2026-09-19T15:38:10.090473+09:00,False,False,live
ART-00922,policy,"포스코, 상생형 스마트공장 구축 지원사업 확대… 제조 현장 AI화 추진",2026-05-19,"포스코, 상생형 스마트공장 구축 지원사업 확대… 제조 현장 AI화 추진 dnews.co.kr","포스코, 상생형 스마트공장 구축 지원사업 확대… 제조 현장 AI화 추진 dnews.co.kr",https://news.google.com/rss/articles/CBMic0FVX3lxTFAxQ081T01QeE90aUVSX2FRTmgtRW9nbm01OHVqQWVfamtUc0xhUkp0Y1EtODNVTGxnRThray1NTGZ1YkxxcWUzMmN1d21NRHdiTVc1UFFmaW5EZ2FINDZ2anBVUnZUWDJldEd6VzB5bXYtQ3M?oc=5,dnews.co.kr,,스마트공장,2026-09-19T15:38:10.090473+09:00,False,False,live
ART-00923,policy,"슈나이더일렉트릭 코리아, 중기부 ’스마트공장 지원사업’ 공식 공급기업 선정",2026-05-18,"슈나이더일렉트릭 코리아, 중기부 ’스마트공장 지원사업’ 공식 공급기업 선정 FA저널","슈나이더일렉트릭 코리아, 중기부 ’스마트공장 지원사업’ 공식 공급기업 선정 FA저널",https://news.google.com/rss/articles/CBMia0FVX3lxTE5EeHJldklENHhhS2t5ZWI1emxRb2dMVUZZcXJWSEJLUGZyR3p2R19Zb1A0eTNhNkxaZGo4MDZaMUd4VVhyaFJ1bWE1WEZ5ZGhucExtUFhPeWpxQ09aMHlNVnlSVmRpREhNN3F3?oc=5,FA저널,,스마트공장,2026-09-19T15:38:10.090473+09:00,False,False,live
ART-00924,policy,"울산항만공사, 스마트공장 구축 지원사업 참여기업 모집",2026-07-21,"울산항만공사, 스마트공장 구축 지원사업 참여기업 모집 ujnews.co.kr","울산항만공사, 스마트공장 구축 지원사업 참여기업 모집 ujnews.co.kr",https://news.google.com/rss/articles/CBMibkFVX3lxTE1EZF9BZDk4ak1mODhjeGN3OGJEQkJ5QW5jeUhfeDFheTR3Z3V3MXpRa1dQb1BDLWNUQWplQm9KYzg1Nlo0bUJ0RHRVZUVsbm52cjhVZWNWN21nM2ZzbEdBZmowNFA5dk81UWFYaG9B?oc=5,ujnews.co.kr,,스마트공장,2026-09-19T15:38:10.090473+09:00,False,False,live
ART-00925,policy,"휴온스 제천2공장, 정부 스마트공장 구축지원사업 선정",2026-06-17,"휴온스 제천2공장, 정부 스마트공장 구축지원사업 선정 intn.co.kr","휴온스 제천2공장, 정부 스마트공장 구축지원사업 선정 intn.co.kr",https://news.google.com/rss/articles/CBMiakFVX3lxTFBqUE40U3hOa2J3UkRmNGI3c1YyaV9ERnczWm1jWEoxRG5WUWNqUnlKcERrNUQzVXgwbl9IRWJ6N0phZEo2NGZYU3NLSVJ3aFhCWlZVcW5rZ0dVS3hTc0tBWEd6SkdhSlV3ZVE?oc=5,intn.co.kr,,스마트공장,2026-09-19T15:38:10.090473+09:00,False,False,live
ART-00926,policy,"삼성, 전남광주 제조기업 17개사 ‘스마트공장 전환’ 지원",2026-08-27,"삼성, 전남광주 제조기업 17개사 ‘스마트공장 전환’ 지원 곡성투데이","삼성, 전남광주 제조기업 17개사 ‘스마트공장 전환’ 지원 곡성투데이",https://news.google.com/rss/articles/CBMiQkFVX3lxTE8tMzBhUnVwdmtReVRSMjFQd0lLY0t2Ull4akpwckpzeXNjUGZQaHE3RTg0SC1kZXdRYVdFb2dHS0VWZw?oc=5,곡성투데이,,스마트공장,2026-09-19T15:38:10.090473+09:00,False,False,live
ART-00927,policy,"삼성, 전남광주 제조기업 17개사 '스마트공장 전환' 지원",2026-08-27,"삼성, 전남광주 제조기업 17개사 '스마트공장 전환' 지원 이뉴스투데이","삼성, 전남광주 제조기업 17개사 '스마트공장 전환' 지원 이뉴스투데이",https://news.google.com/rss/articles/CBMicEFVX3lxTE1VUWRzQ2p5VEZBR09teHlQZ3VGd0pXekZOWDRyMlJ4UlBTNW5JNUxHWDhRTVo3Zmxkaml6cFYyNV9wVVB5Vk80U19TS09lWlBOOEIyN0FuMDRFd29pa2pLTWZzNzR6Y1M0VnU3MlBzaWfSAXRBVV95cUxQdWdMOXNxVG9OeUNCbVdXdEtpa09fZDJ4UTl3VFRONEJRU21zYkcxQkZ4OFpocXg2cS13MzhDMWh2TFUwNERqMk5sS0ZSbXNaai11bl96MmVKQjhidXpEY01YcmlXNzY1bG9nLTMxY3NWYkFKeA?oc=5,이뉴스투데이,,스마트공장,2026-09-19T15:38:10.090473+09:00,False,False,live
ART-00928,policy,"기정원, 스마트공장 우수기업에 포상금·해외투어·금리우대 제공한다",2026-07-06,"기정원, 스마트공장 우수기업에 포상금·해외투어·금리우대 제공한다 인더스트리뉴스","기정원, 스마트공장 우수기업에 포상금·해외투어·금리우대 제공한다 인더스트리뉴스",https://news.google.com/rss/articles/CBMickFVX3lxTFBBdnd4emdEb2swUlBYSlhYZDlSZ2V3NDY0WTlUSTRtOHhqYXh6MGhtTUR3bTNNZlNEeFliYUtQQzN3aENZem9SZTJ0eW51VjF5QW9rZXpxWVVmTzNzVUpqLWdaWkhvNmp5aXZlRGlwNEhmQQ?oc=5,인더스트리뉴스,,스마트공장,2026-09-19T15:38:10.090473+09:00,False,False,live
ART-00929,policy,"[기업이야기] 포스코, 상생형 스마트공장 구축 지원 확대…중소기업의 '제조AI 전환' 돕는 데 앞장",2026-05-29,"[기업이야기] 포스코, 상생형 스마트공장 구축 지원 확대…중소기업의 '제조AI 전환' 돕는 데 앞장 생글생글","[기업이야기] 포스코, 상생형 스마트공장 구축 지원 확대…중소기업의 '제조AI 전환' 돕는 데 앞장 생글생글",https://news.google.com/rss/articles/CBMiW0FVX3lxTE55b1VCSGIweDF0S09zY21Kclp5LVF1WjZJOFRQN3pLOTBYLURGODBhd0x4aGtyLTFUOVkzREM0Mi02Sk95ZloyejVycXRYeDlHU2c2Mkk2UXcyc1k?oc=5,생글생글,,스마트공장,2026-09-19T15:38:10.090473+09:00,False,False,live
ART-00930,policy,"한독, 로봇활용 제조혁신 지원사업 선정…스마트 팩토리 고도화",2026-05-13,"한독, 로봇활용 제조혁신 지원사업 선정…스마트 팩토리 고도화 로봇신문","한독, 로봇활용 제조혁신 지원사업 선정…스마트 팩토리 고도화 로봇신문",https://news.google.com/rss/articles/CBMibEFVX3lxTE5OQXV2amtCWi10Qm40X2pWRkNhMGQ5LXVBazhGVUpEZnFYeFVBTlN4bVZaOHpJV0hlWThzMW9rR3Qwc0lkTlZ4Nkt5NXlOaTJPSUdMaFU0WUZkMm1VbE12TzM0X1dtTGdjRU1uQQ?oc=5,로봇신문,,스마트공장,2026-09-19T15:38:10.090473+09:00,False,False,live
ART-00931,policy,10여년간 中企 3600곳 스마트공장 지원… 생산성 향상,2026-04-30,10여년간 中企 3600곳 스마트공장 지원… 생산성 향상 조선일보,10여년간 中企 3600곳 스마트공장 지원… 생산성 향상 조선일보,https://news.google.com/rss/articles/CBMijwFBVV95cUxQeDBhVE5kdy1nUEZndTlZNENfSWoyZk9MOWh6WUp3S21tck9yUU1ud1lkWGJRN1JLX2Y4bkplTlN0R0hBeFd4QmlRSzJ0NlRFSG8wM3lRRWlubDBhbHR6d2QyamdzcDdhUk1ZVDZNVWFCSWJJaW9QelFlaUhQeDFZQTRvMDJoRmRqRUpuRW9FVQ?oc=5,조선일보,,스마트공장,2026-09-19T15:38:10.090473+09:00,False,False,live
ART-00932,policy,'대·중소 상생형 스마트공장' 참여 기업 150곳 모집…AI트랙 첫 도입,2026-03-28,'대·중소 상생형 스마트공장' 참여 기업 150곳 모집…AI트랙 첫 도입 전자신문,'대·중소 상생형 스마트공장' 참여 기업 150곳 모집…AI트랙 첫 도입 전자신문,https://news.google.com/rss/articles/CBMiTkFVX3lxTE5yY3pfMG1BemtucEFkOXJBUjJlUzdsMmlicDBlQWxBQm9ER3ZoTU01VmlwY1A4ZHBiNkFhZm1sQ0tvYTlqUFR1OTF1d0Vidw?oc=5,전자신문,,스마트공장,2026-09-19T15:38:10.090473+09:00,False,False,live
ART-00933,policy,"중기중앙회, 식품업 스마트공장 구축 지원…업체당 최대 2억원",2026-05-09,"중기중앙회, 식품업 스마트공장 구축 지원…업체당 최대 2억원 연합뉴스","중기중앙회, 식품업 스마트공장 구축 지원…업체당 최대 2억원 연합뉴스",https://news.google.com/rss/articles/CBMiW0FVX3lxTE1YNlpuZkhkOUVxcXkxQmRJb3pWcjl1Qjd6aHEydU1ZY0o0cktjQVV3VlpuXzdpZFBlRUI5WFV1akZ1cGdUUlBkYVRLWDVHSXNmU3dYczRtcm85ZW_SAWBBVV95cUxNQVp4MUMxdWFLQ0hYbmc3T1dFZEEwSVhXdTV2YmIybmlELUdxN0RZaklfLXVzbjhCRm1vVm9iWXdkWFdKWHdsSDFwRVk0RS02Nkc4WWZucXA0a0RWZUlEbTk?oc=5,연합뉴스,,스마트공장,2026-09-19T15:38:10.090473+09:00,False,False,live
ART-00934,policy,"삼성, 전남광주 제조기업 17개사 스마트공장 전환 지원",2026-08-27,"삼성, 전남광주 제조기업 17개사 스마트공장 전환 지원 시민의소리","삼성, 전남광주 제조기업 17개사 스마트공장 전환 지원 시민의소리",https://news.google.com/rss/articles/CBMibEFVX3lxTE5DdTZoY1NLRUN6cXpSdGRBem1zWEtTUlpWdUxLRnd3SjlKOVNkYmxtRGpmaWNGcm9oZVl6MkFCbVhYTk8zZFVaTXhvSDlxWWNLOUs2SnZ6ci1Pb1Y4aTNBR3dQWFBxbk0tSXdrVdIBcEFVX3lxTE5wWTlPeHpTTlZEdnV3clJ4NExoSjQyZ3F6TzRYRG0tckZRMHl5MjJVUGl0VXdqejR3dy15b3U1d3J2UERPVEhMaGpVWjVSOHF4VUQzRUVuMExkUV85eGNMd1VlZUg1SFlZY3FWS01tMV8?oc=5,시민의소리,,스마트공장,2026-09-19T15:38:10.090473+09:00,False,False,live
ART-00935,policy,"[스마트산업강국 함께 하는 제조혁신4.0] 두차례 스마트공장 업그레이드 …""까다로운 해외 인증도 뚫었죠""",2026-07-20,"[스마트산업강국 함께 하는 제조혁신4.0] 두차례 스마트공장 업그레이드 …""까다로운 해외 인증도 뚫었죠"" 매일경제","[스마트산업강국 함께 하는 제조혁신4.0] 두차례 스마트공장 업그레이드 …""까다로운 해외 인증도 뚫었죠"" 매일경제",https://news.google.com/rss/articles/CBMiVkFVX3lxTE15eHNqTnQ5U016MUJWNFRXWXpuS0tzbDlycWl1ZER3UWMzbkFoYWt4U0o4bm9zVDF0TUM2QXVIT0VNZnd6cFFHYmU2cUhJaVRkOXpzb3JR?oc=5,매일경제,,스마트공장,2026-09-19T15:38:10.090473+09:00,False,False,live
ART-00936,policy,"휴온스 제천2공장, 정부 '스마트공장 구축지원사업' 선정",2026-06-17,"휴온스 제천2공장, 정부 '스마트공장 구축지원사업' 선정 뉴스1","휴온스 제천2공장, 정부 '스마트공장 구축지원사업' 선정 뉴스1",https://news.google.com/rss/articles/CBMiYEFVX3lxTE9mZXNEb2pycGl4Q1BfZk43YWctTVNQcldfRUt5Skl0UEFoVk9uM1R5Y3JYVFZabnVfVTE2X0J3WXBaRVU2UjlQbGNRSTlZaFdfUTMyWlpSam5rMHlLNnZZcNIBZkFVX3lxTE15NVVjQkVZaGc3elFMcUNLNEZ0Z0x1VjdlSTFGeHlNV2xCMG9Wa2JZSVY2MnhsODYwZXdlNGxBMEFJSXcxeEl0cVhkTjltdmR2VHY0NWQ3YWozZmRCcUFLRkhqbTBRQQ?oc=5,뉴스1,,스마트공장,2026-09-19T15:38:10.090473+09:00,False,False,live
ART-00937,policy,"삼성전자, 전남광주 제조기업 17곳 스마트공장 전환 지원",2026-08-27,"삼성전자, 전남광주 제조기업 17곳 스마트공장 전환 지원 파이낸셜뉴스","삼성전자, 전남광주 제조기업 17곳 스마트공장 전환 지원 파이낸셜뉴스",https://news.google.com/rss/articles/CBMiWkFVX3lxTE9VdDZmSUVEal9BS3FSVDAwYm9nLTQ5RGhZSHdmUUZwUzZFZXUzWlI4Q1FEaG1MbXJrbWJCY2Y2Wm55ZHdPNHBwMF9vVWsxLVNKLVhYN0FreHZLdw?oc=5,파이낸셜뉴스,,스마트공장,2026-09-19T15:38:10.090473+09:00,False,False,live
ART-00938,policy,"포스코, 중소기업 스마트공장 지원 확대…제조AI 전환 돕는다",2026-05-19,"포스코, 중소기업 스마트공장 지원 확대…제조AI 전환 돕는다 ER 이코노믹리뷰","포스코, 중소기업 스마트공장 지원 확대…제조AI 전환 돕는다 ER 이코노믹리뷰",https://news.google.com/rss/articles/CBMibEFVX3lxTE1VYzAxeXZJMDJqRzA2WXZlQldlTEEycnVMS19jd2dsYm9LUC1IS3htVWJYUFFqQld2NlFwUWJNUFhnMzlPZHZRQjhTUjZqRVp1eHJTWHEwU1Zfa2R0RXhpR2t1LWRQcHdicFZhaw?oc=5,ER 이코노믹리뷰,,스마트공장,2026-09-19T15:38:10.090473+09:00,False,False,live
ART-00939,policy,"경북TP, 지역스마트제조혁신센터 성과평가서 7년 연속 '최고등급' 달성",2026-08-10,"경북TP, 지역스마트제조혁신센터 성과평가서 7년 연속 '최고등급' 달성 전자신문","경북TP, 지역스마트제조혁신센터 성과평가서 7년 연속 '최고등급' 달성 전자신문",https://news.google.com/rss/articles/CBMiTkFVX3lxTE5YSWxrTXNQcUFxemJEVkdYTHNrNTEydGlGdjdtT0JXd0JIV0pZRzVGbElWcE1Eb3B1d1NVeVF5c05tTDBnRl9WVXgtU1pPZw?oc=5,전자신문,,스마트공장,2026-09-19T15:38:10.090473+09:00,False,False,live
ART-00940,policy,"경남도 ""스마트공장 도입 기업, 매출·고용 늘고 산재 줄어""",2026-06-16,"경남도 ""스마트공장 도입 기업, 매출·고용 늘고 산재 줄어"" 연합뉴스","경남도 ""스마트공장 도입 기업, 매출·고용 늘고 산재 줄어"" 연합뉴스",https://news.google.com/rss/articles/CBMiW0FVX3lxTFBqZFpDa3c3ZTZQV0dYSTduWi0wY2Y3WXlicy1lUEZORmxicktXUHJtTVY4RUVMSkVxN0RDeUdhN0FTSDI1QmE4VUdWRFlyTlgySlc3Q3psWmpsVW_SAWBBVV95cUxPUHZudTYtQmtLV3FrUzNVeGprNVVneGdZYll5ZDREOW1McGJGZENXOUJWekVreXR5aFVFNFJHanVhRVFlVnY5QW1fWWJNalNZSzZKSE9XUTFzTVlYNktNYWU?oc=5,연합뉴스,,스마트공장,2026-09-19T15:38:10.090473+09:00,False,False,live
ART-00941,policy,"복지부, 5극3특 전략산업과 연계한 2단계 사업 준비",2026-09-19,"복지부, 5극3특 전략산업과 연계한 2단계 사업 준비 한국의약통신","복지부, 5극3특 전략산업과 연계한 2단계 사업 준비 한국의약통신",https://news.google.com/rss/articles/CBMia0FVX3lxTE9YenJFSXhvR1VZYThyTTloX2VlRUwzY0ZqRm9vekxqaWtjUnVoRnhoMW5rOU1JTUR4Zk1UZXBKMG9CV2M2WU81TUZZMV9ZdXJiNmxlbnYxbDI3ZzdnSzZlWHA0Y0VrQTNua0pR?oc=5,한국의약통신,,R&D,2026-09-19T15:38:10.090473+09:00,False,False,live
ART-00942,policy,연구 격차도 줄인다…지역 국립대병원 '2기 R&D 사업' 채비,2026-09-18,연구 격차도 줄인다…지역 국립대병원 '2기 R&D 사업' 채비 청년의사,연구 격차도 줄인다…지역 국립대병원 '2기 R&D 사업' 채비 청년의사,https://news.google.com/rss/articles/CBMib0FVX3lxTE9jMDBfSXVDSWpnUGdVbGNOeWtEWXh6Ql9jM0Q2bHIxN0trYjdFNlpWLVpYSXBFM3NILTllaWVkZ0JYaDBBRmpCS2UtZUJmVzhybzJZT3U4UjVCLW5lay1zVFQ3YnRzV1FEdDZQeGpVRdIBc0FVX3lxTE1ycFBkZW9LUTM1MUN3RGpvYVRtcmk1SU9qZGhFN3FMU0Nib2lneTBFeUFPd0pnTW9HUjBydEw3MW92WjQtV0c4ZnlmdUVxZTNJaU9CMjNra0hvQ0JQYVZfQ05mOGVfZHFrLVhsby1GakdySms?oc=5,청년의사,,R&D,2026-09-19T15:38:10.090473+09:00,False,False,live
ART-00943,policy,"지역의료 R&D지원, 2028년 지역국립대병원 9곳 전체로 확대 추진",2026-09-18,"지역의료 R&D지원, 2028년 지역국립대병원 9곳 전체로 확대 추진 v.daum.net","지역의료 R&D지원, 2028년 지역국립대병원 9곳 전체로 확대 추진 v.daum.net",https://news.google.com/rss/articles/CBMiT0FVX3lxTE1xQ2lyVGVSMmpsM1MySnpfQWlUX3ZFa1JBUXAwOU0tQ2Z1MEQtOFpMM0Z3U3FfMzBmbEpQNWpuczROcy11Z2gtTGZWVzRBSDA?oc=5,v.daum.net,,R&D,2026-09-19T15:38:10.090473+09:00,False,False,live
ART-00944,policy,지역 국립대병원 R&D 5곳→9곳 확대…2028년 2기 추진,2026-09-18,지역 국립대병원 R&D 5곳→9곳 확대…2028년 2기 추진 서울경제,지역 국립대병원 R&D 5곳→9곳 확대…2028년 2기 추진 서울경제,https://news.google.com/rss/articles/CBMiUkFVX3lxTE5jMEc3cGRxZVZMUUljd0ZVdC1wRU14UzBvR1U1bUNXVFdRc3hxUXU5VEJRLXIxOXdOVDRDZjJDNEJoZHZtcV9mQjFrWlJZcnd1Y3fSAVNBVV95cUxQcUFaYUlPc0VGY0dkblFqaVN0N0VzaVFZRjBuVUtmV1NSdllCWHF3MWlwVVpEbW9fcU10X2dGQm5wX3JPUnQwVlEySDB1QWZWMklHSQ?oc=5,서울경제,,R&D,2026-09-19T15:38:10.090473+09:00,False,False,live
ART-00945,policy,‘2026 전북자치도 지역 R&D사업 연구단 모집’ 고부가가치 산업의 기반 구축 나선다,2026-09-14,‘2026 전북자치도 지역 R&D사업 연구단 모집’ 고부가가치 산업의 기반 구축 나선다 전북도민일보,‘2026 전북자치도 지역 R&D사업 연구단 모집’ 고부가가치 산업의 기반 구축 나선다 전북도민일보,https://news.google.com/rss/articles/CBMihwFBVV95cUxNc0VqMUxtZnVGci1yeW45VnR1azJIZHFjQmZPT2FWNTl1WVZSRnN5cUdXSWx5NVBqV0c5Y0hBYVZUOTBvZU5mSWZ5WWI3Y3lxQzhYTTZyNF8zLVEzNW9NUW05QmhHdkxrMlY3TjdGRTFkTkZ0al9vUWdRY3RIc0NRSjdPMUU0TTQ?oc=5,전북도민일보,,R&D,2026-09-19T15:38:10.090473+09:00,False,False,live
ART-00946,policy,"R&D 과제 서류 절반으로…""연구자 행정부담 줄었다""",2026-09-17,"R&D 과제 서류 절반으로…""연구자 행정부담 줄었다"" 대전일보","R&D 과제 서류 절반으로…""연구자 행정부담 줄었다"" 대전일보",https://news.google.com/rss/articles/CBMib0FVX3lxTE1DMEZQNHlLMjNkWHlfQ1E4MWtjREh5MkREYUxVWWUxVW9QMWdiQURkZXVzNHpvQm1idktHUF9wcUdEREtBQ09BSHVaNkNSXzYtQVU2dU5KUlFTZWhCMjBqX1ZEb3Izb2pMYlI0TWM4MA?oc=5,대전일보,,R&D,2026-09-19T15:38:10.090473+09:00,False,False,live
ART-00947,policy,"전남광주특별시, 호남권 자율 R&D 본격화",2026-09-17,"전남광주특별시, 호남권 자율 R&D 본격화 에너지경제신문","전남광주특별시, 호남권 자율 R&D 본격화 에너지경제신문",https://news.google.com/rss/articles/CBMiW0FVX3lxTE1BcmRyN2hCMTFNb1BHbGZjQUJGbzFSZ2o5Ym5GbG5YNm1LYVVQY0liNWdWMFBNNE1zM1VMblBEU2pFME9PbW9Zalc3YkExczliZzRWOUpkMTBpN0k?oc=5,에너지경제신문,,R&D,2026-09-19T15:38:10.090473+09:00,False,False,live
ART-00948,policy,"전남광주특별시, '호남권 지역 자율 R&D' 본격 가동...올해 131억 투입",2026-09-17,"전남광주특별시, '호남권 지역 자율 R&D' 본격 가동...올해 131억 투입 스트레이트뉴스","전남광주특별시, '호남권 지역 자율 R&D' 본격 가동...올해 131억 투입 스트레이트뉴스",https://news.google.com/rss/articles/CBMic0FVX3lxTE9ac1d4VlcyYjA0WllKYTN1NFJUanU2RFg3Q0Q0SWZOTVNCby01OU8tNlA0TW4tR2NBZG9Lb2tXWDNXQVVXWk5rc1hhMl9UYVBxbDVXZF9LVGVjYkIxQ3J1OUEza0NSTDkxM1ZlckNSblYxYWPSAXdBVV95cUxPYi1NejY0M2ZGOVNmRV9tbzRadF9kbEV0X19taXM4S3ItSUQxaXRtV3N6WDdsb1MxNWtwNWNfZWRrSEJ1M0xpblhyeU1JVkJzXzMwcDRQT2t3cGIySmRsb1NUNXhaelNDaTItbzZzZEZNUDhhelpPUQ?oc=5,스트레이트뉴스,,R&D,2026-09-19T15:38:10.090473+09:00,False,False,live
ART-00949,policy,[서용철 교수의 지역혁신 대전환] 〈1〉수도권 일극을 넘어 기술 분권으로,2026-09-14,[서용철 교수의 지역혁신 대전환] 〈1〉수도권 일극을 넘어 기술 분권으로 전자신문,[서용철 교수의 지역혁신 대전환] 〈1〉수도권 일극을 넘어 기술 분권으로 전자신문,https://news.google.com/rss/articles/CBMiU0FVX3lxTFBOTC1ueFZpMHNjbFpCaDBlQmpvMFk0cTdBREhwbUk4cVE4c0lDeXJQSktEa3ViY0tReW1QYWtoSE1leUdjOFRMUWc3Y2oyNVNtSGkw?oc=5,전자신문,,R&D,2026-09-19T15:38:10.090473+09:00,False,False,live
ART-00950,policy,"에기평, ‘국민공감대상’ R&D·혁신경영 부문 동시 수상",2026-09-18,"에기평, ‘국민공감대상’ R&D·혁신경영 부문 동시 수상 중앙일보","에기평, ‘국민공감대상’ R&D·혁신경영 부문 동시 수상 중앙일보",https://news.google.com/rss/articles/CBMiVkFVX3lxTE5QSzRZb0s4dEVnSm5nNXY4UVpwUXNzdnVKaGJMUUstY0NzMEJ0ckQyLUlIaXkwU3M0M2FXQU1PZkMtT25nX2xfM2swMVFiclRRamR3QUt3?oc=5,중앙일보,,R&D,2026-09-19T15:38:10.090473+09:00,False,False,live
ART-00951,policy,"중기·산업, 내년 R&D사업에 7조 7000억 원 투자…역대 최대",2025-12-22,"중기·산업, 내년 R&D사업에 7조 7000억 원 투자…역대 최대 대한민국 정책브리핑","중기·산업, 내년 R&D사업에 7조 7000억 원 투자…역대 최대 대한민국 정책브리핑",https://news.google.com/rss/articles/CBMibEFVX3lxTFBuc1pyUkE3enFRNVloUDl3MnVPaVpFM2xKWGEwaS0zRmxaM1JPOTY2YW95SmZUTG8wc1BtMzJwR2EwUUYxNlhIS3JOWWxxT1JxWFBDRFVEM29KWEZhNDdqb1R1VW5DZnBLSWdrZg?oc=5,대한민국 정책브리핑,,R&D,2026-09-19T15:38:10.090473+09:00,False,False,live
ART-00952,policy,R&D→매출→재투자로 ‘성장 선순환’ 구축,2026-09-17,R&D→매출→재투자로 ‘성장 선순환’ 구축 동아일보,R&D→매출→재투자로 ‘성장 선순환’ 구축 동아일보,https://news.google.com/rss/articles/CBMidkFVX3lxTFBQUGdWNDZhRWVXMFJxeWhHbVZueFVKRi1obVpTUG1EMXVxVW9BYzI2R1FiRl9BZ3BxMl9TNUVZZlAtQjAzeWhLQmk5TXkzQko3cXR3REhzN0xXR1kwS2s3SldlUUhqVFJ2aVlsaS03NTY5UGxDVlHSAWZBVV95cUxNeTBLQkxJMGE3YTVERmpFck9kd3pPZURFSFY0ZC1VYWtVRm4teV90RHM3QmVpalFfTE5MbXBvR1NJMUEyZmV4azdha1ZsM2NsV2NSY29EZGpheG13T01mTS1rQnpDWkE?oc=5,동아일보,,R&D,2026-09-19T15:38:10.090473+09:00,False,False,live
ART-00953,policy,바이오벤처에도 약가우대 길 … '도약형' 되려면 R&D 최소 50억 투자해야,2026-09-18,바이오벤처에도 약가우대 길 … '도약형' 되려면 R&D 최소 50억 투자해야 뉴데일리,바이오벤처에도 약가우대 길 … '도약형' 되려면 R&D 최소 50억 투자해야 뉴데일리,https://news.google.com/rss/articles/CBMie0FVX3lxTE1wVldEdnZJTnBocHdGQ3YyRFppbDJEWUI1OHV5b3piY3VOMlNoMEJ0bjl5bVNDSkduVUFjVnpZXzY5cE8yRUd1RVBqTHpyNWxmRll1TWo5TlhORk5XQXlOeHZ3M3lna19XVFBYUVVlREh5NTZYaktZMkZOQdIBgAFBVV95cUxNSVNvM0dIVXNzNnVyMFMxXzFCQm9uT3BacTVRcEM0dHdwaDBKR3VYN1FXS3R4STFHYWlFX2VSOUhBZUVVYlBQU2VGa29QOFNjY3JPdFBGUjlnLWtNX0x3bjFMeklyV0x5Q0MxUkgwRTZ5Nk5Jc05BaFRoeEFnNi1aZA?oc=5,뉴데일리,,R&D,2026-09-19T15:38:10.090473+09:00,False,False,live
ART-00954,policy,충남대·충북대병원 등 지역의료 R&D지원…2028년 9곳으로 확대,2026-09-18,충남대·충북대병원 등 지역의료 R&D지원…2028년 9곳으로 확대 v.daum.net,충남대·충북대병원 등 지역의료 R&D지원…2028년 9곳으로 확대 v.daum.net,https://news.google.com/rss/articles/CBMiT0FVX3lxTFA4X1o5T1R6R2hMMVNTbldYdHRDZ3dKRnlWS2dDb2FScG1FMmh3VzV3VWtadXZheHBFcGlTblBUd1VLN1o5MkJNQV9JZ1RDR1E?oc=5,v.daum.net,,R&D,2026-09-19T15:38:10.090473+09:00,False,False,live
ART-00955,policy,"GIST, '호남권 지역자율 R&D 사업' 연구단 모집…반도체·에너지·모빌리티 등 3개 분야",2026-09-13,"GIST, '호남권 지역자율 R&D 사업' 연구단 모집…반도체·에너지·모빌리티 등 3개 분야 전자신문","GIST, '호남권 지역자율 R&D 사업' 연구단 모집…반도체·에너지·모빌리티 등 3개 분야 전자신문",https://news.google.com/rss/articles/CBMiTkFVX3lxTFBhQ1QzMl96NHZ4RXQ4NWtzT29mQ0xBQVBqNl9OSnZ6TUQ0YlhDWWlnWGdOR3lXWThEbVNaZDR5ZTJhNXBIWlV0d1ZjREIzZw?oc=5,전자신문,,R&D,2026-09-19T15:38:10.090473+09:00,False,False,live
ART-00956,policy,"전남대, '지역의료 R&D 생태계' 중심축 부상",2026-09-18,"전남대, '지역의료 R&D 생태계' 중심축 부상 스트레이트뉴스","전남대, '지역의료 R&D 생태계' 중심축 부상 스트레이트뉴스",https://news.google.com/rss/articles/CBMic0FVX3lxTE9TbDdCZENtc1NJVEJjbjQtV1d2dnZsQXRZejMyRm1VdXZIT3ZPNG83cHdJNGdxSTRUZXpkLVNkYTRXeTVSaUE4dnNySXAzUzd4Z3ExeEEzdk5aNXNaTVNPUHQ0OUhXY0t4M2xqU3QtNnVrMzjSAXdBVV95cUxQbnpUalh6T0tjamFSaHVrX3RtSW5FemVKYWdRLUhpeFFmTzJsRjVpUDlPamE3X1VwSVlKak9QOXRPX3BpRGw3RzYwR3VvZkMwRFNrdTdsaFBDU0QtTm5kcEU0eHR4VkpzeEFjVVRNTkVPZ3k1WThlTQ?oc=5,스트레이트뉴스,,R&D,2026-09-19T15:38:10.090473+09:00,False,False,live
ART-00957,policy,혁신형 제약기업 ‘선도형·도약형’ 이원화 추진…R&D 기준·지원 차등화,2026-09-18,혁신형 제약기업 ‘선도형·도약형’ 이원화 추진…R&D 기준·지원 차등화 한국의약통신,혁신형 제약기업 ‘선도형·도약형’ 이원화 추진…R&D 기준·지원 차등화 한국의약통신,https://news.google.com/rss/articles/CBMia0FVX3lxTE9JY0ZFc2REWTBNLXhSQy1YNnA3Y3hZTmhJX2FnSGlPSU1lajFERTFyT3RIcjFwbmRiODVDU1g4TkJpVTBJN1JwaUtydDdFeU1uYVVubHRyWUpwa0VDVnBYUnZCb2pORXcxQkFJ?oc=5,한국의약통신,,R&D,2026-09-19T15:38:10.090473+09:00,False,False,live
ART-00958,policy,"과기정통부, 4극 3특 자율형 R&D 가동…“지역이 직접 미래 성장동력 찾는다”",2026-08-07,"과기정통부, 4극 3특 자율형 R&D 가동…“지역이 직접 미래 성장동력 찾는다” 전자신문","과기정통부, 4극 3특 자율형 R&D 가동…“지역이 직접 미래 성장동력 찾는다” 전자신문",https://news.google.com/rss/articles/CBMiTkFVX3lxTE9PcVdYTmRscmFMV2FuMnZUNEh1TTZjME5VYUJIZ3pPbzZfZ2ZVQUVBTTNjR0ZzVlBXVFhTZS1INDZtTE5wTW9SRkctLWdhdw?oc=5,전자신문,,R&D,2026-09-19T15:38:10.090473+09:00,False,False,live
ART-00959,policy,"경과원, ‘2026년 R&D 지원사업’ 추진…44개 과제에 55억 지원",2026-05-28,"경과원, ‘2026년 R&D 지원사업’ 추진…44개 과제에 55억 지원 v.daum.net","경과원, ‘2026년 R&D 지원사업’ 추진…44개 과제에 55억 지원 v.daum.net",https://news.google.com/rss/articles/CBMiT0FVX3lxTE14ZDNOdVpMZlQwSk9sSE8zUktOcVpBM3JuaTc0OVhrLTlTNm85aTM4a1NGR3ozTGxEcFRGaXlXSWpyalR4c29XLWJEWVV1SDQ?oc=5,v.daum.net,,R&D,2026-09-19T15:38:10.090473+09:00,False,False,live
ART-00960,policy,2026년도 우주기술실용화촉진지원사업(R&D) 신규과제 공고,2026-03-13,2026년도 우주기술실용화촉진지원사업(R&D) 신규과제 공고 우주항공청 누리집,2026년도 우주기술실용화촉진지원사업(R&D) 신규과제 공고 우주항공청 누리집,https://news.google.com/rss/articles/CBMivAFBVV95cUxQSE9fcEk1cWM0RDY2bEIwcE8zb3dMRnRGZVYtSXFuaXRvTENrcFFwYXRvWkpOcUJXV3F0bF8zSmVydmdVSE10RmJsczZDa0UyNG9TRWhvT3pXcFpUb19OdV84bmJDamUxSFBUOGF4aURnQ0VQaWZvZ204SlhHTEN4ck40Wm1mUEtWZHZnVUtENUNFN3k5UHRub1luSWhGbkFFWTYyWFVjNjhiWExNVGZ0eXRFVTZySV8wZHRjVg?oc=5,우주항공청 누리집,,R&D,2026-09-19T15:38:10.090473+09:00,False,False,live
ART-00961,policy,혁신형 제약기업 '선도형·도약형'으로 쪼갠다…R&D 문턱·지원도 차등,2026-09-18,혁신형 제약기업 '선도형·도약형'으로 쪼갠다…R&D 문턱·지원도 차등 메디팜스투데이,혁신형 제약기업 '선도형·도약형'으로 쪼갠다…R&D 문턱·지원도 차등 메디팜스투데이,https://news.google.com/rss/articles/CBMiaEFVX3lxTE5SamMwVWZMT2FEQlBmNVoyOXdjdzFwbndxcXF5MVgta0ticzM5Tl8tOWdwYl82cWFZQXR6MUl3am1GWFJaSHVGOFBkN05Oa094U2ZxNkpmSXNrTXBiTWhVMHlGQjU0c2Mx?oc=5,메디팜스투데이,,R&D,2026-09-19T15:38:10.090473+09:00,False,False,live
ART-00962,policy,"[지원사업] 중기부, '기술사업화 패키지' 사업 신설 … R&D 성과의 사업화 본격 지원",2026-02-18,"[지원사업] 중기부, '기술사업화 패키지' 사업 신설 … R&D 성과의 사업화 본격 지원 헬로티","[지원사업] 중기부, '기술사업화 패키지' 사업 신설 … R&D 성과의 사업화 본격 지원 헬로티",https://news.google.com/rss/articles/CBMiX0FVX3lxTFB5R3RGUmtrV181dDQwUVRFeEJjTG5KS2Zpck5VQWM2aFFoRWRPcUx1aDU0dGVDS0lUeXlkRDhGLUc0bTJNMnNmRXR1RnM0eFB5VVlYR3lWTEQ5a0ljZ2xn?oc=5,헬로티,,R&D,2026-09-19T15:38:10.090473+09:00,False,False,live
ART-00963,policy,혁신형 제약기업 ‘선도형·도약형’ 이원화…65점 미만도 인증 길 열린다,2026-09-18,혁신형 제약기업 ‘선도형·도약형’ 이원화…65점 미만도 인증 길 열린다 MEDI:GATE NEWS,혁신형 제약기업 ‘선도형·도약형’ 이원화…65점 미만도 인증 길 열린다 MEDI:GATE NEWS,https://news.google.com/rss/articles/CBMiV0FVX3lxTE40ODR2OThJdDNaUjNxaTJ5VGFKbXJXczJCcFpFWlRjOWVJN1ZrX18xejV6US1XYldDamU2RHlTOTNLMEpvSG5yZXdGZFhWb29pMnBmbGRUSQ?oc=5,MEDI:GATE NEWS,,R&D,2026-09-19T15:38:10.090473+09:00,False,False,live
ART-00964,policy,"산업부, 중견기업 R&D 지원사업 공고... 655억원 지원, '지역발전·제조·인공지능 전환' 지원 강화",2026-02-02,"산업부, 중견기업 R&D 지원사업 공고... 655억원 지원, '지역발전·제조·인공지능 전환' 지원 강화 인공지능신문","산업부, 중견기업 R&D 지원사업 공고... 655억원 지원, '지역발전·제조·인공지능 전환' 지원 강화 인공지능신문",https://news.google.com/rss/articles/CBMiZ0FVX3lxTE1uLVo2SUNQODUtQ3BFV3VUOXRUckJSOHIwelFnSDJBVF9zaF91bXBzRm9raEM4dy1YU2xUYmRhVmZtSWpiNzZnaVQzQ0YzUEJheWdTWTV3QUhxRGhtZENMcHYtUUtsV2M?oc=5,인공지능신문,,R&D,2026-09-19T15:38:10.090473+09:00,False,False,live
ART-00965,policy,"기보, 지원조직 잇단 신설…M&A·R&D 지원 전진배치",2026-09-03,"기보, 지원조직 잇단 신설…M&A·R&D 지원 전진배치 조세금융신문","기보, 지원조직 잇단 신설…M&A·R&D 지원 전진배치 조세금융신문",https://news.google.com/rss/articles/CBMiY0FVX3lxTFAwVUU3ZWY5VHNLTXZ3czdhb25JdUthdEZKLVppOVhqMTZFRlpDeTU2NGFLYlVtSjA2VmlfZGtpS0U5VmRGYTRNS3F4TW1fZV9GQlowQ0MyU2dDVmR6aDJYbHQwTQ?oc=5,조세금융신문,,R&D,2026-09-19T15:38:10.090473+09:00,False,False,live
ART-00966,policy,"전남광주, 반도체·에너지·모빌리티 R&D에 '131억' 투입",2026-09-17,"전남광주, 반도체·에너지·모빌리티 R&D에 '131억' 투입 신아일보","전남광주, 반도체·에너지·모빌리티 R&D에 '131억' 투입 신아일보",https://news.google.com/rss/articles/CBMicEFVX3lxTFBMWk5qd05BTl9MSndxc1B3S3J3WkdKREJ0M3cyV3R1ZURyR2ZXbHVBN1dmRnM3dHNmQWZ4Z1FoUHhadlJBVGpXMjJFcmVCc2FSY1VlOTg0YXZSMWZ3ZFMxLUs0SWczcHlCR1hkVXh3WGs?oc=5,신아일보,,R&D,2026-09-19T15:38:10.090473+09:00,False,False,live
ART-00967,policy,구미에 14년 기다린 첫 삽…‘K-푸드 R&D 거점’ 들어선다,2026-09-17,구미에 14년 기다린 첫 삽…‘K-푸드 R&D 거점’ 들어선다 에너지경제신문,구미에 14년 기다린 첫 삽…‘K-푸드 R&D 거점’ 들어선다 에너지경제신문,https://news.google.com/rss/articles/CBMiW0FVX3lxTE5oeDlUNktJbXpkQXJsZnJUX3pxVUNlMG9hT0h1ZW83TTFpeHV3RWZWUllEMl9wWEg3LXFBdEdLZmRyUHgyTnpYYV9Mak5YVlEyQWpvTTFDdmNpV00?oc=5,에너지경제신문,,R&D,2026-09-19T15:38:10.090473+09:00,False,False,live
ART-00968,policy,(해설)‘R&D를 넘어 산업화로… 전북의 피지컬AI 미래’,2026-09-16,(해설)‘R&D를 넘어 산업화로… 전북의 피지컬AI 미래’ jnv.co.kr,(해설)‘R&D를 넘어 산업화로… 전북의 피지컬AI 미래’ jnv.co.kr,https://news.google.com/rss/articles/CBMiZkFVX3lxTE44d2o0UFNXRlk5TEFsaGEybUF2SThZc0l5ZDlWd0hUUlBUak5zcjJSZThFNFFpVWlBM01WM2VHSVctalFBUlB1cHg0emNwRE8zZkw3Yk1OSGx1RlF3VjRlZWN6aEh4Zw?oc=5,jnv.co.kr,,R&D,2026-09-19T15:38:10.090473+09:00,False,False,live
ART-00969,policy,"한국제지, 70년 노하우 디지털 자산화…AI 연구혁신",2026-09-18,"한국제지, 70년 노하우 디지털 자산화…AI 연구혁신 매일일보","한국제지, 70년 노하우 디지털 자산화…AI 연구혁신 매일일보",https://news.google.com/rss/articles/CBMiZEFVX3lxTE1JRldCUUhyN21qSDBzcS1WMlByakpSUVpEZnZoV3I5Z1o1dWEyRGNqVTJveGMtYnhlRFh3WThVX3lBNTdia2JqNEtnN3ZDZS1FajY4SEpMV3VnbnBfdTJ2amQwWHHSAWhBVV95cUxNTFp0Ul9fTWIxSUU0bF9JSzM4bGJZVDk2VktJT1RGUlU5elZ6c1VHaEtZVDBSdnZFRGhUaTBXUzdmQmhZemwycnNuU19DQWYtcFNJSVpQZWdWR2w5MFhEMkJGcFBxYVljTw?oc=5,매일일보,,R&D,2026-09-19T15:38:10.090473+09:00,False,False,live
ART-00970,policy,"'세계 2위' K뷰티, 1위 도약 전략 연내 나온다…범부처 TF 가동",2026-09-18,"'세계 2위' K뷰티, 1위 도약 전략 연내 나온다…범부처 TF 가동 매일경제 마켓","'세계 2위' K뷰티, 1위 도약 전략 연내 나온다…범부처 TF 가동 매일경제 마켓",https://news.google.com/rss/articles/CBMiUkFVX3lxTE5TeFRjRy0tWHFsTExnRmo1Q2dsQXl0czlQU3Y0VHZ2LTMxWDZFYmpzQUxtX1AzdndScVNHWkRid1pqbzVpeTFZRUxsaWZvX0V6ZWc?oc=5,매일경제 마켓,,R&D,2026-09-19T15:38:10.090473+09:00,False,False,live
ART-00971,policy,"중기부, 정부 R&D 기술 확보 기업에 후속 사업화 지원",2026-04-28,"중기부, 정부 R&D 기술 확보 기업에 후속 사업화 지원 지디넷코리아","중기부, 정부 R&D 기술 확보 기업에 후속 사업화 지원 지디넷코리아",https://news.google.com/rss/articles/CBMiVkFVX3lxTE9BZldBQ2ZucmRIMjdOOHFmbTA2ZG5JWDBOakNkTEVZZW9mcG1MeENjOWFlc3Q1LWE5bjZoU25xZWNFcER0ZGZvOG43M0NfaW5abUtPdVh3?oc=5,지디넷코리아,,R&D,2026-09-19T15:38:10.090473+09:00,False,False,live
ART-00972,policy,"중기부·복지부, 제약바이오 R&D부터 임상·투자까지 잇는다…프론티어기업 육성 추진",2026-09-17,"중기부·복지부, 제약바이오 R&D부터 임상·투자까지 잇는다…프론티어기업 육성 추진 벤처스퀘어","중기부·복지부, 제약바이오 R&D부터 임상·투자까지 잇는다…프론티어기업 육성 추진 벤처스퀘어",https://news.google.com/rss/articles/CBMiT0FVX3lxTE9HZ3JmeUlUVHBmLUVpcXJXWXJNNWVEazBaeDNVYkxldmY2dFdNWlpfY2RjdzNIZjVreGdINmVPSDZHN2dTbHZ1Q2FwbDI4Z0E?oc=5,벤처스퀘어,,R&D,2026-09-19T15:38:10.090473+09:00,False,False,live
ART-00973,policy,지역 국립대병원 연구지원 5곳→9곳…R&D 판 키운다,2026-09-18,지역 국립대병원 연구지원 5곳→9곳…R&D 판 키운다 데일리안,지역 국립대병원 연구지원 5곳→9곳…R&D 판 키운다 데일리안,https://news.google.com/rss/articles/CBMigwJBVV95cUxOZEVsLWRXOGltb1k1aV9fM09hNk9sMWpRRldhM0QzWDJjWXFBTEdtMURCbHdycUZkUldOZWtiOVBIQV9jdzRHdXBxMHNyTmlRTS1uQ3hHenRTSkFiRGNqT3N4Z0Q2T3draEJSVEo2LWtGUGRwcHpJNUxmb2lrTk1nWXlUMjJ1ajdtRmJXdGtpTXRuR2J6bnNNeUNOVWFFNElBVk9hVzM1Sk9kUzdIUk5KLUVTM2h0YTJOSU5LNFJHam9idUhSSGpOUDZZcWlfMXN2UnkyY0dKeVE4NEFrSHB1V0pPdVR2aGhBUk9WZjdWZEJWYXVkTVROaDgwa09tc0pTWi1V?oc=5,데일리안,,R&D,2026-09-19T15:38:10.090473+09:00,False,False,live
ART-00974,policy,"대전시, R&D부터 양산까지 잇는다…방산 소부장 803만㎡ ‘전주기 공급망’ 구축",2026-09-18,"대전시, R&D부터 양산까지 잇는다…방산 소부장 803만㎡ ‘전주기 공급망’ 구축 뉴스워커","대전시, R&D부터 양산까지 잇는다…방산 소부장 803만㎡ ‘전주기 공급망’ 구축 뉴스워커",https://news.google.com/rss/articles/CBMicEFVX3lxTE5Eek5lOHRaRzhTODgwbXV4dkZTSmU2S3hpMVdKaGkycmJ6UEpQZUFVLUh0UUNELVNYVHY4dXBLbzl5MG1nRlNoYkJPVlF3S1ZmLXB1eVg2c1VlNUVBTmVUaklhNmpDTHJZeEw2TExoOTHSAXRBVV95cUxPbDUxRnJraGd1ZEhyM2xDOVdONUNQa2Z6QWdnZTVQa2V4a2NJWnVKb1lkNk93czVQVXY1cDVTdWcwcHBtcTRyMW5OdHJEaWgtbWlpNWd0QVFjRDJwUnlORnNVSWlhYmdyemtwSWE5dGVVeWZNaQ?oc=5,뉴스워커,,R&D,2026-09-19T15:38:10.090473+09:00,False,False,live
ART-00975,policy,"R&D·이전기술 산업현장 안착에 3,400억 원 금융지원 신설… ‘중소기업기술혁신법’ 개정안 공포",2026-05-21,"R&D·이전기술 산업현장 안착에 3,400억 원 금융지원 신설… ‘중소기업기술혁신법’ 개정안 공포 기계신문","R&D·이전기술 산업현장 안착에 3,400억 원 금융지원 신설… ‘중소기업기술혁신법’ 개정안 공포 기계신문",https://news.google.com/rss/articles/CBMiZ0FVX3lxTFA0amxyRnF1S2NsNDlSdTlmazJENlNCY3JrekRwOUVsTG4yOTNndGFqb3B4VmxPaGpBWEdCRmJYdlJQenliVmd3UDQtdy1SQlk3a3BjNjF2R1c4M1lwQUhFOFdwMGxWNnM?oc=5,기계신문,,R&D,2026-09-19T15:38:10.090473+09:00,False,False,live
ART-00976,policy,"중소기업 R&D 성과, ‘혁신제품’ 지정으로 공공조달 첫걸음 뗀다",2026-07-29,"중소기업 R&D 성과, ‘혁신제품’ 지정으로 공공조달 첫걸음 뗀다 드론저널","중소기업 R&D 성과, ‘혁신제품’ 지정으로 공공조달 첫걸음 뗀다 드론저널",https://news.google.com/rss/articles/CBMibEFVX3lxTE1sUndKbDZraGNzRFJnMUtMdU1ReEdPQlpZdlZ2b0g5d21BV1lkd2ZMdkhnVkJ3WWdjVmZXaVhPLThtZTdESE0tQnBMaUh4WFpYaTZVTEZ5RlhPTmRIZEVjUG1rOU9DWUdKNDRyUA?oc=5,드론저널,,R&D,2026-09-19T15:38:10.090473+09:00,False,False,live
ART-00977,policy,서울형 R&D 지원사업에 425억 투입…작년보다 15억 늘어,2026-01-28,서울형 R&D 지원사업에 425억 투입…작년보다 15억 늘어 연합뉴스,서울형 R&D 지원사업에 425억 투입…작년보다 15억 늘어 연합뉴스,https://news.google.com/rss/articles/CBMiW0FVX3lxTE1ueVp2TFdDZUZPSHdJVU9naG8ycmxqeTJBU0UxeEhJSFZaQ1VzTVM3ZTliSWxfa0dGVmlWNWtBNWp3TlpPOVgzV0o5V3M2bEFxLXFIblNBRlRWWXfSAWBBVV95cUxNZXhTQ0pXeG44Nmk3TjdnR29McEwyUkNfWjlqb0FDRDh3QjR3WnlUR1lnVEwxUWczdHgwZ1FLTG1rRGdpcXczOFZOOFo3NGRGSmZxOHVpby1BNUNXVDFNZlA?oc=5,연합뉴스,,R&D,2026-09-19T15:38:10.090473+09:00,False,False,live
ART-00978,policy,첨단기술 개발부터 특허·사업화까지…산업 R&D 지원체계 강화,2026-09-01,첨단기술 개발부터 특허·사업화까지…산업 R&D 지원체계 강화 에너지신문,첨단기술 개발부터 특허·사업화까지…산업 R&D 지원체계 강화 에너지신문,https://news.google.com/rss/articles/CBMickFVX3lxTFBuc3FocmdBMzNDX0IzWmM5dng0LWJ3eFJSWTFSQWZhN1B4Y3I0V0g3YmtEcVFVdzlRYzRIdVc5VWktR3RNMXAwRUdfOVVIaDBhMzRvVGlSRTRSUV9TY0xwZVZSV3h4bmd0ak9BcGdzQ0tKUQ?oc=5,에너지신문,,R&D,2026-09-19T15:38:10.090473+09:00,False,False,live
ART-00979,policy,"TIPA, R&D 지원사업 진입 장벽 낮춰 ‘불법 브로커’ 차단",2026-02-18,"TIPA, R&D 지원사업 진입 장벽 낮춰 ‘불법 브로커’ 차단 파이낸셜뉴스","TIPA, R&D 지원사업 진입 장벽 낮춰 ‘불법 브로커’ 차단 파이낸셜뉴스",https://news.google.com/rss/articles/CBMiWkFVX3lxTE92VnBvcWg1WlJnYVFsd0xjcTFYWXh0bEhwb1VBY1BERE5jaDF6bmR5MlRSODc0aTdoZjJPNmVNUmllLVY4Z0UwTDJTb0w2LTB0Sjkta1FnWVM3QQ?oc=5,파이낸셜뉴스,,R&D,2026-09-19T15:38:10.090473+09:00,False,False,live
ART-00980,policy,‘팁스(TIPS)’ 민간 연계로 R&D 지원 다각화…스타트업 자금 부담 낮춰,2026-08-27,‘팁스(TIPS)’ 민간 연계로 R&D 지원 다각화…스타트업 자금 부담 낮춰 약업신문,‘팁스(TIPS)’ 민간 연계로 R&D 지원 다각화…스타트업 자금 부담 낮춰 약업신문,https://news.google.com/rss/articles/CBMiZkFVX3lxTE54WW5hbG9ETnNCZ0NRN21mSU9qNHV5bFFmUVpiZmxMZzZsLXVoVzRaQy1nTjRvd1FIM3hyN3oyZGh4dHM3N3ZVTkJhRVVycGpTbjFEVWJFS0dWU1l1WlFQa0h6a0w1QQ?oc=5,약업신문,,R&D,2026-09-19T15:38:10.090473+09:00,False,False,live
ART-00981,policy,"대구디지털혁신징흥원, AX혁신기술개발사업 이끌 프로그램 매니저 위촉",2026-09-18,"대구디지털혁신징흥원, AX혁신기술개발사업 이끌 프로그램 매니저 위촉 매일신문","대구디지털혁신징흥원, AX혁신기술개발사업 이끌 프로그램 매니저 위촉 매일신문",https://news.google.com/rss/articles/CBMiYkFVX3lxTFBwT2Q2Si1QSFplN2NpX2ZtRzhseW9TTTgxMl9uNGJZcDhOOTl2STYxVDlyV2lCQU43cWZnaHo4V25UWElVNzdwS2toa1lneC1WQU4yRWFra0RETHZueThzWnlB?oc=5,매일신문,,R&D,2026-09-19T15:38:10.090473+09:00,False,False,live
ART-00982,policy,"인천시, 2026년 인천 R&D·지식재산 지원사업 합동설명회 개최",2026-02-25,"인천시, 2026년 인천 R&D·지식재산 지원사업 합동설명회 개최 인천광역시","인천시, 2026년 인천 R&D·지식재산 지원사업 합동설명회 개최 인천광역시",https://news.google.com/rss/articles/CBMigwFBVV95cUxOUzVCeU5jS3E4Uzkzd0E0enZnelhNZkw5d0NRZGlFUkVvTm9PVUpiR2UyNXdETUxPR05ZQUROWGRBVlpwTVpqUFJ5d2hnNnJzOUxqTEFCeXpYR0V2RmpncFlLU1FXc0RtdDJadEs5ekVxRGRSUzkzbWgyQWhfSjhDTGxlYw?oc=5,인천광역시,,R&D,2026-09-19T15:38:10.090473+09:00,False,False,live
ART-00983,policy,국립한국교통대 '글로컬R&D지원사업' 선정…AI 기반 밀리미터파 안테나 자동설계 기술 개발,2026-08-28,국립한국교통대 '글로컬R&D지원사업' 선정…AI 기반 밀리미터파 안테나 자동설계 기술 개발 베리타스알파,국립한국교통대 '글로컬R&D지원사업' 선정…AI 기반 밀리미터파 안테나 자동설계 기술 개발 베리타스알파,https://news.google.com/rss/articles/CBMibEFVX3lxTFBFRkx1OGl5TlpKNWpsUmlkVHV3czRNSE1RVXRPeFpvUHQ5cFBuWFVZT2hQZTduYlFkclB2cnByVVZUM25oUWgwR1Zic1duV05sLWt1dExKSzdSc0VUUFkzMXgzRHBQbVlfcFlReQ?oc=5,베리타스알파,,R&D,2026-09-19T15:38:10.090473+09:00,False,False,live
ART-00984,policy,"중기부, 이달 정책자금·R&D 지원사업 심사 개선방안 발표",2026-04-03,"중기부, 이달 정책자금·R&D 지원사업 심사 개선방안 발표 연합뉴스","중기부, 이달 정책자금·R&D 지원사업 심사 개선방안 발표 연합뉴스",https://news.google.com/rss/articles/CBMiW0FVX3lxTFBZTHNiZk1oR0dKdzk3Vmo5dVFQNFNaSEdVVTFGSDJhYnRjQmJoYVp1alQwY01VX2ZheXRGNTI4Ul9HekozRXQ1clpuUW9BeGs3Nno3cHhjekE5N2PSAWBBVV95cUxPTzhUSUhJUkdwbDZHdy1kcUFMYXg0d2xUQ1FFa3dnTEZzUThLcFl1b21kQmcyQ01ZTXlmRmdTaHdVRXdXZTc2My1RY3lxVk54Q0hFbXJSR3VHM21MUGgyLUM?oc=5,연합뉴스,,R&D,2026-09-19T15:38:10.090473+09:00,False,False,live
ART-00985,policy,"중기부, R&D 후속 사업화에 최대 1억5천만원 지원",2026-04-27,"중기부, R&D 후속 사업화에 최대 1억5천만원 지원 v.daum.net","중기부, R&D 후속 사업화에 최대 1억5천만원 지원 v.daum.net",https://news.google.com/rss/articles/CBMiT0FVX3lxTE5nam52S3RBN3pvUDVBb3F0ODJ1SkticEZyQTRweThWSHZWdjNpaV9HNXhZa1FKSmFHVTktajl0UWJxYlFhNy04ek1oTHR0MVU?oc=5,v.daum.net,,R&D,2026-09-19T15:38:10.090473+09:00,False,False,live
ART-00986,policy,"순천향대, 기초·학술연구지원사업 28개 과제 선정",2026-09-10,"순천향대, 기초·학술연구지원사업 28개 과제 선정 데일리한국","순천향대, 기초·학술연구지원사업 28개 과제 선정 데일리한국",https://news.google.com/rss/articles/CBMib0FVX3lxTE8tbk1hcWNZNzJUcVFVZjVvUjg3NmRmdzdqemFKX21kbjlucmwyRzVIajlqaUtsUmhfLWhEWVZTalhnTXNjMDA0MHFuOW1SdU9vdE95cGlkZXlFbmxOMG9PSExCblctUG50azJ1aEo5UdIBc0FVX3lxTE9Wckd2eWhTQjNOT2NOV2lOQzI5RU5NczN5R2xyLTQ0TjJBSmhtclI0UmczT0ZYYWNtMDdZSWFOVGY1X0N1ZFgweWZJMG5McjZYdnVISnFYbGZuYW5KTDdXcnBBQ0NHNVRDbXQtVzFiMk9GU28?oc=5,데일리한국,,R&D,2026-09-19T15:38:10.090473+09:00,False,False,live
ART-00987,policy,딥테크 챌린지 본격 개막···최대 10억 투자·R&D 지원,2026-06-04,딥테크 챌린지 본격 개막···최대 10억 투자·R&D 지원 헬로디디,딥테크 챌린지 본격 개막···최대 10억 투자·R&D 지원 헬로디디,https://news.google.com/rss/articles/CBMiakFVX3lxTFBid29odDV3bVBmNnB3ZG9JZHdWaWxHS3FpTnRHN0RJRjhzaDBLc3E0Q09NMVRIV3RDRVRjNzByNVF2QTNXRVVraGZXRGZlUmctbmdDNWtSQ1o2MnkwY19pS2VCQTVtSUpSRmc?oc=5,헬로디디,,R&D,2026-09-19T15:38:10.090473+09:00,False,False,live
ART-00988,policy,"중기부, 과제당 최대 200억원 R&D 지원사업 시행계획 공고",2026-01-07,"중기부, 과제당 최대 200억원 R&D 지원사업 시행계획 공고 세무사신문","중기부, 과제당 최대 200억원 R&D 지원사업 시행계획 공고 세무사신문",https://news.google.com/rss/articles/CBMibkFVX3lxTE9fZXhzdG84YmxEd2FkVFh2YkFOSTdWNUtQV1ZsTWlONjhyazNIa1lHb1VDY0ZCVjVsVDNwdVotaHl5azBpYzdvZEVvNkJRMjZHdXdwdTBxUWtuRk9vYlF3TUtNYmtWWVlJNS1IUWFB?oc=5,세무사신문,,R&D,2026-09-19T15:38:10.090473+09:00,False,False,live
ART-00989,policy,[K-뷰티 도약 전략] 세계 2위 넘어 1위로…R&D·수출·규제혁신 전방위 지원,2026-09-18,[K-뷰티 도약 전략] 세계 2위 넘어 1위로…R&D·수출·규제혁신 전방위 지원 코리아포스트 한글판,[K-뷰티 도약 전략] 세계 2위 넘어 1위로…R&D·수출·규제혁신 전방위 지원 코리아포스트 한글판,https://news.google.com/rss/articles/CBMibkFVX3lxTE9keWoxZ01ybjRZS2t4RG5XbVVubUlJMG5pN2p6ZzBCTzB4OWY2ZnZqTWhENmQwRUNzblZySkZDY19sVzNRMEVCcVF0OTFxbEZ3bWduYl90VGx4YkNxRUdXRXNYdzEzY2R6am5vblJ3?oc=5,코리아포스트 한글판,,R&D,2026-09-19T15:38:10.090473+09:00,False,False,live
ART-00990,policy,"[뉴스1 초대석] 허태정 대전시장 ""민선 9기 미래전략 핵심은 R&D 실증화""",2026-09-17,"[뉴스1 초대석] 허태정 대전시장 ""민선 9기 미래전략 핵심은 R&D 실증화"" v.daum.net","[뉴스1 초대석] 허태정 대전시장 ""민선 9기 미래전략 핵심은 R&D 실증화"" v.daum.net",https://news.google.com/rss/articles/CBMiT0FVX3lxTE44VnVMWjhrNkRJQWR0LWlEY2RxWkJYckozSGJ6YUFDdlJTSFZGTVZvempTWmNZXzFuTUo5LTFJeEtKS0RzVEhYTUJDUnJEcUU?oc=5,v.daum.net,,R&D,2026-09-19T15:38:10.090473+09:00,False,False,live
ART-00991,policy,"전남광주특별시, 131억 규모 ‘호남권 지역 자율 R&D’ 본격 가동 > 뉴스",2026-09-17,"전남광주특별시, 131억 규모 ‘호남권 지역 자율 R&D’ 본격 가동 > 뉴스 더코리아","전남광주특별시, 131억 규모 ‘호남권 지역 자율 R&D’ 본격 가동 > 뉴스 더코리아",https://news.google.com/rss/articles/CBMicEFVX3lxTE96d3ZySHVzZGlRUlhENEtPUERTYzlwdXNQQ2dPN2trYy1lZXFmTWVFcEttSTFsTW9jMFhOUTZvbW9vcldxRm9YSzhWWGNJLXhCZTlyZW8wWE41VGwtYXYwdDZpcjNzT0xlVDFDNTdqVmI?oc=5,더코리아,,R&D,2026-09-19T15:38:10.090473+09:00,False,False,live
ART-00992,policy,"건양대, 교육부 글로컬 R&D 6억 수주…김병용·서수환 교수 신규과제 선정",2026-09-08,"건양대, 교육부 글로컬 R&D 6억 수주…김병용·서수환 교수 신규과제 선정 goodmorningcc.com","건양대, 교육부 글로컬 R&D 6억 수주…김병용·서수환 교수 신규과제 선정 goodmorningcc.com",https://news.google.com/rss/articles/CBMickFVX3lxTE9QcHNDTW9aVnVFMUhhYWN5VDBPNEVpTTI5RTRsbDRtOFM2bFR2RC1sWnlxY016WWlhSXVDcENLTjlvVHBrVU4ya2FjNDlGVmFwQV9TaFd1QU80anBEY0RSSkMyZWlnbzIwc3JIeXM0aEgyUQ?oc=5,goodmorningcc.com,,R&D,2026-09-19T15:38:10.090473+09:00,False,False,live
ART-00993,policy,"국립공주대 RISE사업단,‘2026년도 R&D 지원사업 협약식’개최",2026-06-30,"국립공주대 RISE사업단,‘2026년도 R&D 지원사업 협약식’개최 ccmessage.kr","국립공주대 RISE사업단,‘2026년도 R&D 지원사업 협약식’개최 ccmessage.kr",https://news.google.com/rss/articles/CBMia0FVX3lxTE9QeVhnMHBJYWRlT2FhWExWdzEyQWhsSTFtMVNINGowbFdfTzhzR241X3pSckE3YU5HOV93c0FuS2xOdDlFWkFLYnNKcWQ0MXNBZGFSRDZqZjJYV08xNDJWUlBkQVpGUmlTWklN?oc=5,ccmessage.kr,,R&D,2026-09-19T15:38:10.090473+09:00,False,False,live
ART-00994,policy,대전 방산 소부장 특화단지 지정… R&D 넘어 실증·양산 거점으로,2026-09-18,대전 방산 소부장 특화단지 지정… R&D 넘어 실증·양산 거점으로 뉴스프리존,대전 방산 소부장 특화단지 지정… R&D 넘어 실증·양산 거점으로 뉴스프리존,https://news.google.com/rss/articles/CBMic0FVX3lxTE5Cb29EWi1HY3VpRUozWTJpTG1yUE9BSXdHVEJRaENpRFhVbS1BbDlrbkl5cks3dnJJRGhqaXk1cWdzV0dHcU44di1ndHhLZUc4dWlPSEJ0Q3UyVk5CYklEclBkd2JHRTViMVJiZ0dTWmZ3aDDSAXdBVV95cUxQVzBfTEJnX0w2SU5rOHF0NDVIS2tIUU91TFJMRmpucjB2Q1VDSm00LTNNN0pvcDg3QURIV3BXSERveG8tSnVNSDVScVpNVU9GbzUzb2dYWGdGdUdkSHdZV0x0UFBiMk9URXp0WVozZ25lcURSUXZVYw?oc=5,뉴스프리존,,R&D,2026-09-19T15:38:10.090473+09:00,False,False,live
ART-00995,policy,[테크비즈코리아 2026]정부 R&D 및 지원사업 설명...'연구 사업 성과 연결' 역점,2026-04-02,[테크비즈코리아 2026]정부 R&D 및 지원사업 설명...'연구 사업 성과 연결' 역점 전자신문,[테크비즈코리아 2026]정부 R&D 및 지원사업 설명...'연구 사업 성과 연결' 역점 전자신문,https://news.google.com/rss/articles/CBMiTkFVX3lxTE43UmdOVVFfaW1LaEJKNDczYW9MYnBnTHB6MWFVS0RlUkxXV19LTGFIQ0hzVnRvRkhBVVcwNWFPT3lVbVhEeGJ6ZVFLdWV6dw?oc=5,전자신문,,R&D,2026-09-19T15:38:10.090473+09:00,False,False,live
ART-00996,policy,"중소기업 R&D 성과, ‘혁신제품’ 지정으로 공공조달 첫걸음 뗀다",2026-07-16,"중소기업 R&D 성과, ‘혁신제품’ 지정으로 공공조달 첫걸음 뗀다 헬로티","중소기업 R&D 성과, ‘혁신제품’ 지정으로 공공조달 첫걸음 뗀다 헬로티",https://news.google.com/rss/articles/CBMiYkFVX3lxTE5UZUpZT3ZrbVl4cHJoRm5CQWotNnB3bmtMNm9fRkpsanpsQ0dkOHdjQzFBNE9WOFB5cTFtZEQ1Mnc2Rng0bDFoSmprQTFval9kQUR0RTNPbEU5Tzh0WWRrbktR?oc=5,헬로티,,R&D,2026-09-19T15:38:10.090473+09:00,False,False,live
ART-00997,policy,185억 투입한 항공부품 R&D…957억 신규 수주 따냈다,2026-09-16,185억 투입한 항공부품 R&D…957억 신규 수주 따냈다 v.daum.net,185억 투입한 항공부품 R&D…957억 신규 수주 따냈다 v.daum.net,https://news.google.com/rss/articles/CBMiT0FVX3lxTE1sbWVRLWVHdGdkNGcxLVh0bHVDeUl0RXpWOUctUDhqMlVxSlNGSlU5TXdseUxteWg0WVZycXdtYWFpZDVESkhDdElaSUszMEU?oc=5,v.daum.net,,R&D,2026-09-19T15:38:10.090473+09:00,False,False,live
ART-00998,policy,"차바이오텍, 과기부 ‘K-HERO 육성·지원사업’ 후속 R&D 과제 선정",2026-08-25,"차바이오텍, 과기부 ‘K-HERO 육성·지원사업’ 후속 R&D 과제 선정 더바이오","차바이오텍, 과기부 ‘K-HERO 육성·지원사업’ 후속 R&D 과제 선정 더바이오",https://news.google.com/rss/articles/CBMibEFVX3lxTE1RVGVZU1l0UkhoRzcyUTVmd3o2bm5rUTRkSVNlUmgtR01tandXOXpPeERDa2ZMaFFZSkliQ0QxUXI3NVd2VWZYMWVwVUdIYXNObW9UOVp4djBMaHMwOVZBZ2hGMHBZLUxfd0l1WdIBcEFVX3lxTE0xbjc0dXJUWkt0c0JTZW9HOF83RjNWNXl6Z1VoVHlGRy1EWlhsWVI5Vnp5NWtkSXpLSHQ4TWVUSTNDNTlnRERsT2FkbExzdG9WQ3ZSWmNqWnBoeGZfOUQ1RzloQXVSOUc3a3lCcnBEVE0?oc=5,더바이오,,R&D,2026-09-19T15:38:10.090473+09:00,False,False,live
ART-00999,policy,"서울시, AI 중심 '서울형 R&D'에 425억 투입…최근 5년 내 최대 규모",2026-01-28,"서울시, AI 중심 '서울형 R&D'에 425억 투입…최근 5년 내 최대 규모 세계환경신문","서울시, AI 중심 '서울형 R&D'에 425억 투입…최근 5년 내 최대 규모 세계환경신문",https://news.google.com/rss/articles/CBMiX0FVX3lxTE1yODZwdGg4ZHVZOFNPTUxlVWI1a0lqSlJkM1VKWm1WWnZRZzQ5dl9VN3Q4NjRuaWY2bW9CWTF4dlFzZEFrUnpoc0ZncXpEVkx5YWgxTUIyZW81UThzSEdV?oc=5,세계환경신문,,R&D,2026-09-19T15:38:10.090473+09:00,False,False,live
ART-01000,policy,"태양광 산업경쟁력 강화 위원회 출범, 기술 중심 재편이 일상에 미칠 변화",2026-09-18,"태양광 산업경쟁력 강화 위원회 출범, 기술 중심 재편이 일상에 미칠 변화 얼리어답터뉴스","태양광 산업경쟁력 강화 위원회 출범, 기술 중심 재편이 일상에 미칠 변화 얼리어답터뉴스",https://news.google.com/rss/articles/CBMiSkFVX3lxTE5WeU9RRFFYTDNsaGI0SXRzMGlzZVF4OHF2UmVNeFV2Ri1wVnltS2hJZ3FudWpLeWUxak12bHlTWnBIazFLWlBNS0NR?oc=5,얼리어답터뉴스,,R&D,2026-09-19T15:38:10.090473+09:00,False,False,live
ART-01001,policy,9개 지방 국립대병원 연구역량 키운다…'5극3특' 바이오·AI와 맞손,2026-09-18,9개 지방 국립대병원 연구역량 키운다…'5극3특' 바이오·AI와 맞손 뉴스1,9개 지방 국립대병원 연구역량 키운다…'5극3특' 바이오·AI와 맞손 뉴스1,https://news.google.com/rss/articles/CBMiXEFVX3lxTE04V1UwaENPZ05fcVZwZ1RKQWpSQjNBVEtuZ0dVUFNIc3Y3ZzdqVzlsOUZaMzFMd1M3LTQ5OEpTUUdoV0xJdEJaTWp1ZFBWN3VyNDA1aUNyRHFpWndv0gFiQVVfeXFMTVRhai1jdFlwX2IwWkZITjlwR2dFUVppRnJoRFNpOEpZdW13U3BEajJ0Smo1cmoyZE5Kcm8wVE5yNjNFN0cxMXVSeWprOVBJdnh3NGR2QzE1a3RYdl8xUGJjYXc?oc=5,뉴스1,,R&D,2026-09-19T15:38:10.090473+09:00,False,False,live
ART-01002,policy,"광주특별시, 131억원 규모 '호남권 지역 자율 R&D 사업' 주도한다",2026-09-17,"광주특별시, 131억원 규모 '호남권 지역 자율 R&D 사업' 주도한다 파이낸셜뉴스","광주특별시, 131억원 규모 '호남권 지역 자율 R&D 사업' 주도한다 파이낸셜뉴스",https://news.google.com/rss/articles/CBMiWkFVX3lxTFBSSGwyWF9MUEpib0g5ZmZ5a3B3VDQyeXZ0TGFUOFJqcXVfc3doSHB2dGFGOURJLWNNN0ZFa3lTWG5xSG40UnFqTlNJMF8zSkFpZkVVZHB0TEU2UQ?oc=5,파이낸셜뉴스,,R&D,2026-09-19T15:38:10.090473+09:00,False,False,live
ART-01003,policy,"GIST, 131억 '4극3특 호남권 지역자율R&D' 본격 시동…반도체·에너지·모빌리티 3대 중점기술",2026-08-30,"GIST, 131억 '4극3특 호남권 지역자율R&D' 본격 시동…반도체·에너지·모빌리티 3대 중점기술 전자신문","GIST, 131억 '4극3특 호남권 지역자율R&D' 본격 시동…반도체·에너지·모빌리티 3대 중점기술 전자신문",https://news.google.com/rss/articles/CBMiTkFVX3lxTE5ndEwyYW94TFBJUW42dmJtNkNRT1JrU2QtRVZQZEpkLTNFSC1aZnhUaDVOcHNFMjhOM25VcUJ4czBGUS0wSXpxcUpEcmVCQQ?oc=5,전자신문,,R&D,2026-09-19T15:38:10.090473+09:00,False,False,live
ART-01004,policy,혁신형 제약기업 ‘선도형·도약형’ 이원화…중소·벤처 지원 확대,2026-09-18,혁신형 제약기업 ‘선도형·도약형’ 이원화…중소·벤처 지원 확대 쿠키메디,혁신형 제약기업 ‘선도형·도약형’ 이원화…중소·벤처 지원 확대 쿠키메디,https://news.google.com/rss/articles/CBMiY0FVX3lxTE14LUhVNjZoTk5DY0EzZmZEXzk4b3dWcXNraVRrWWh1MHFFaU5oOXZIWHgtX2w3ek5WdnNRRDM3MmdPWXRsaUtFSjJyRGltNF94NUNXMmMzTWpTdjhiblpNNUNHbw?oc=5,쿠키메디,,R&D,2026-09-19T15:38:10.090473+09:00,False,False,live
ART-01005,policy,“실패 두려워않는 혁신 계속”…‘한계도전 R&D’ 사업화 지원 확대,2026-07-28,“실패 두려워않는 혁신 계속”…‘한계도전 R&D’ 사업화 지원 확대 헤럴드경제,“실패 두려워않는 혁신 계속”…‘한계도전 R&D’ 사업화 지원 확대 헤럴드경제,https://news.google.com/rss/articles/CBMiVkFVX3lxTE9OYVh0YldwVWd2RU5kVk1CNDNfRVMtdXQ3TG1OUFEzVjcwemtmZWlfZG9wa3N3T2MzdjliRXdHdjRxdzBuSU1qVTRzS3FNZkQ5ak9JRkp3?oc=5,헤럴드경제,,R&D,2026-09-19T15:38:10.090473+09:00,False,False,live
ART-01006,policy,"‘2026년 중소기업기술혁신 R&D 사업’ 상반기 참여기업 모집...중기부, 223억원 지원 70개사 선정",2026-01-08,"‘2026년 중소기업기술혁신 R&D 사업’ 상반기 참여기업 모집...중기부, 223억원 지원 70개사 선정 인공지능신문","‘2026년 중소기업기술혁신 R&D 사업’ 상반기 참여기업 모집...중기부, 223억원 지원 70개사 선정 인공지능신문",https://news.google.com/rss/articles/CBMiZ0FVX3lxTE14WWN1aGdrbWw5Sm91Y3I5Y1loMTF3RVpXMzVEbmN0Y1NTWnVFdXVKNVBDOXFFd1dMTTJUUmJPMDhtemtnYUhrVkxERW1MbExDZVBDWHV6VEpNX3R3VHhGUTF1akY4bGc?oc=5,인공지능신문,,R&D,2026-09-19T15:38:10.090473+09:00,False,False,live
ART-01007,policy,"기술이 ‘돈이 되도록’ 지원한다...중기부, '2026년 기술사업화 패키지' 제2차 공고, 총 150개사 최대 1.5억원 지원",2026-04-27,"기술이 ‘돈이 되도록’ 지원한다...중기부, '2026년 기술사업화 패키지' 제2차 공고, 총 150개사 최대 1.5억원 지원 인공지능신문","기술이 ‘돈이 되도록’ 지원한다...중기부, '2026년 기술사업화 패키지' 제2차 공고, 총 150개사 최대 1.5억원 지원 인공지능신문",https://news.google.com/rss/articles/CBMiZ0FVX3lxTE5wRW45WWdoY1kya25pc2NBVjA3UmNrVlk4R3FqeS11Unl0SkYzd2t4Y0pUdlVHU2FrWk5ZNVRoN0VURGZXVEM2bEREOUI1UlJhc2l3ZUxGdEM0ZC1ocG15MmRrVEF1R2c?oc=5,인공지능신문,,R&D,2026-09-19T15:38:10.090473+09:00,False,False,live
ART-01008,policy,"""최고 경쟁률 27.8대 1""…경기도 연구개발 사업 열기",2026-05-28,"""최고 경쟁률 27.8대 1""…경기도 연구개발 사업 열기 한국경제","""최고 경쟁률 27.8대 1""…경기도 연구개발 사업 열기 한국경제",https://news.google.com/rss/articles/CBMiWkFVX3lxTE9rRGdhc2hpUFVLZTlPVm5kVlJjME82U21KczRsTEZvcWpleldObFVENHY2ZXZTTTM2Qnc2alpTRk91eEg4QmVPN2tRTWo5eHVib2FYLVRtaWNVZw?oc=5,한국경제,,R&D,2026-09-19T15:38:10.090473+09:00,False,False,live
ART-01009,policy,"연구개발부터 수출까지, K-뷰티 전주기 지원 위해 청년 기업인 목소리 듣는다",2026-09-18,"연구개발부터 수출까지, K-뷰티 전주기 지원 위해 청년 기업인 목소리 듣는다 서울Pn","연구개발부터 수출까지, K-뷰티 전주기 지원 위해 청년 기업인 목소리 듣는다 서울Pn",https://news.google.com/rss/articles/CBMiYkFVX3lxTE1VNGZ4S1JpcFFTRmgyNUxnSkFRbWFDNmtiZHBYbkxWMFpNZzFSR2liZkwtLXd0TWlWcmlORlVUcU01bTctMm9lNWNIaGxwdV85bE9OWnVBamZlblNkRlFSQmRB?oc=5,서울Pn,,R&D,2026-09-19T15:38:10.090473+09:00,False,False,live
ART-01010,policy,"전북도, '첨단바이오육성 R&D 지원사업' 추진…16억원 규모 12개 과제 지원",2026-05-06,"전북도, '첨단바이오육성 R&D 지원사업' 추진…16억원 규모 12개 과제 지원 전자신문","전북도, '첨단바이오육성 R&D 지원사업' 추진…16억원 규모 12개 과제 지원 전자신문",https://news.google.com/rss/articles/CBMiTkFVX3lxTE9PTlZxTDJCTEhHYzNtTldiZGhrcGZXX1hwV1JmZjdwbHIxa1AyWHRucUFuTktNdnJUbjdsVjlObnB1M0NCUVp4RW95RzlVdw?oc=5,전자신문,,R&D,2026-09-19T15:38:10.090473+09:00,False,False,live
ART-01011,policy,"순천향대, 기초·학술 연구지원사업 선정됐다…28개 과제",2026-09-10,"순천향대, 기초·학술 연구지원사업 선정됐다…28개 과제 뉴시스","순천향대, 기초·학술 연구지원사업 선정됐다…28개 과제 뉴시스",https://news.google.com/rss/articles/CBMiYEFVX3lxTE5kMFR6TnJTTGsydTlHZ2N5ek0tTjRsbnkyLWRreElwM2VtNVpwVlpPMGlpTVRGSjBYV2ZCLVNzdll3QTZXdXY4bTJLS2tkVGtRUlc3UlB1X3l5VjdOem5EctIBeEFVX3lxTE9nZFdfOV82M1RqYUJfRDF5dGY1ekJQdUhlMzhWaWZaSDBZVWpGbUVDSHZIWUVBV0VmSDdBMDJOUXdIRWVpZ2c0YTNfQnJsMlhYWXYxcVlacWFNT0Zrbk12T0RScUpwRXhtanRnY2lRelZvSnpXRENlRQ?oc=5,뉴시스,,R&D,2026-09-19T15:38:10.090473+09:00,False,False,live
ART-01012,policy,"씨지인사이드, '2026년 서울형 R&D 핀테크 기술사업화 지원사업' 최종 선정",2026-08-12,"씨지인사이드, '2026년 서울형 R&D 핀테크 기술사업화 지원사업' 최종 선정 전자신문","씨지인사이드, '2026년 서울형 R&D 핀테크 기술사업화 지원사업' 최종 선정 전자신문",https://news.google.com/rss/articles/CBMiTkFVX3lxTE5HbW9Oelh2Vzd1WTgyNDZZR0pjc2tYc1YxOHBlX0JCMFJpZVliekFiV24zOWJCVWRwdlRTZ2dYNWZuRXppMm93bE9WeDIxUQ?oc=5,전자신문,,R&D,2026-09-19T15:38:10.090473+09:00,False,False,live
ART-01013,policy,"순천향대, 기초·학술연구지원사업 ‘28개 과제’ 선정",2026-09-11,"순천향대, 기초·학술연구지원사업 ‘28개 과제’ 선정 usline.kr","순천향대, 기초·학술연구지원사업 ‘28개 과제’ 선정 usline.kr",https://news.google.com/rss/articles/CBMiZkFVX3lxTE5OX0tHdTRuRGdoanRNM21PUTZzUTV4cW5FVGMzR25ycHc4REx0Nm9wUk9WWHVCQjdKcjU2SzBNQjVjcEtCd3BLZkxtWjkwX1JhVi1ocllqZFcyV3p1Z1dQTlFtN3FaQdIBaEFVX3lxTE5XczZjc1k3cnhDMDg1LXc3NFBuTkV6R2J3c2F6LUVYS1A0eTBUcmJ6dklyMXYtSUxFYWlqUmNjMFBsUWNSS1R4WW9yQ0pOMGRhVmJkSjNwYUZzcnZ3ZDdSUzZtVDlMWFlS?oc=5,usline.kr,,R&D,2026-09-19T15:38:10.090473+09:00,False,False,live
ART-01014,policy,"중기부, 2026년 수출형 R&D 지원…7월 22일까지 신청",2026-06-22,"중기부, 2026년 수출형 R&D 지원…7월 22일까지 신청 동행일보","중기부, 2026년 수출형 R&D 지원…7월 22일까지 신청 동행일보",https://news.google.com/rss/articles/CBMiaEFVX3lxTFBNTlo0Z2FCZnhNTlJWMUxkWUEtZjBELXNUMEZPb0tVSVEzcUJpOVhkOTVMZHBzRml5bzJyY1VodlUzM3NiM0lsSW13T093U0M2ckI1X0MyS3h2cDVtRHNvb0tBdFpSYUlG?oc=5,동행일보,,R&D,2026-09-19T15:38:10.090473+09:00,False,False,live
ART-01015,policy,"GIST, 호남권 지역자율R&D 사업 설명회…국비 131억 시범사업 닻 올린다",2026-08-30,"GIST, 호남권 지역자율R&D 사업 설명회…국비 131억 시범사업 닻 올린다 아주경제","GIST, 호남권 지역자율R&D 사업 설명회…국비 131억 시범사업 닻 올린다 아주경제",https://news.google.com/rss/articles/CBMiWkFVX3lxTE5lbUtpWUVNUllzUjVsS1FyRmxTOE05RmVBUDd3cExzWnJyWlF0UTBWTmlMMWF2OEpwNlRKY1lySlAtWHUxbVJrV2dnYU9PSlZoZDJBQ1Y2MWhwUdIBWEFVX3lxTE1GTmtZekJTSG5sNGtRejhTN1c2SWViazhOV3Z0eV92RmZNT2pwcFlJN2x5bWJPV2NxWW9QdEtQTjNNTDV3SklWdVlLaWdWdzRJOUNhdmV6N0o?oc=5,아주경제,,R&D,2026-09-19T15:38:10.090473+09:00,False,False,live
ART-01016,policy,"중기부, 수출·도약·소부장 R&D에 156억원 지원…참가사 모집(~6월15일)",2026-05-14,"중기부, 수출·도약·소부장 R&D에 156억원 지원…참가사 모집(~6월15일) 와우테일","중기부, 수출·도약·소부장 R&D에 156억원 지원…참가사 모집(~6월15일) 와우테일",https://news.google.com/rss/articles/CBMiT0FVX3lxTE8tSHFicm5IS09iVzgxMlJ4SFhVWHNGSkZTa2J6LTVwMC12ek51VjhmNlV3eGc2OGdLTU5mUHcwWWgxaXpiLUtnQ19qLTZ0bUU?oc=5,와우테일,,R&D,2026-09-19T15:38:10.090473+09:00,False,False,live
ART-01017,policy,"서울형 R&D 지원사업, 우수기업 사례로 성과 공유…서울시 “체계적 지원 이어갈 것”",2025-12-18,"서울형 R&D 지원사업, 우수기업 사례로 성과 공유…서울시 “체계적 지원 이어갈 것” 동아일보","서울형 R&D 지원사업, 우수기업 사례로 성과 공유…서울시 “체계적 지원 이어갈 것” 동아일보",https://news.google.com/rss/articles/CBMib0FVX3lxTE12SkpJYkNpbENQXzh2R1JZcDNUYzNtZnJHRFBnUjQ4OXRQX3JHNVFUYkxkRnhhTlIxeFdyWjRIODdPMWdhR1dRVzJ2VU1Oc1E0ZXlyQTNidEVzVkltUnlYel9rakJNZzVHUloxTWFYNNIBZkFVX3lxTE14bkgybU9EeE9VNjdLcWRiODJ2RHJweUdzSXlWN3F4emZCVEphTC1Od1RicU1ZTk1oSUFrMUxXcEx5ZG5uY3YxTFh6OW9la0pwX29BOXZaZG91V3BDM1ozcXB6WUF1dw?oc=5,동아일보,,R&D,2026-09-19T15:38:10.090473+09:00,False,False,live
ART-01018,policy,R&D부터 양산까지 대전에서…803만㎡ 방산벨트 구축,2026-09-18,R&D부터 양산까지 대전에서…803만㎡ 방산벨트 구축 cctoday.co.kr,R&D부터 양산까지 대전에서…803만㎡ 방산벨트 구축 cctoday.co.kr,https://news.google.com/rss/articles/CBMibkFVX3lxTE9RNldtSU1oV2p4VTNPcWwzakNMcmxpSy1lYU96Rk9uam5UaFU3Zmc3Y3FqeGFXWVY2R1M0ZG5MWmN1Rm9QSFpIMkt5cnpXYkdFbC1lYnkyMGF4TnJvQ0NBUHJBRU9NczBDbVZrOVZB?oc=5,cctoday.co.kr,,R&D,2026-09-19T15:38:10.090473+09:00,False,False,live
ART-01019,policy,"화웨이, 어센드 R&D 투자 확대…올해·내년 무선사업 투자 웃돌 전망",2026-09-18,"화웨이, 어센드 R&D 투자 확대…올해·내년 무선사업 투자 웃돌 전망 스포탈코리아","화웨이, 어센드 R&D 투자 확대…올해·내년 무선사업 투자 웃돌 전망 스포탈코리아",https://news.google.com/rss/articles/CBMiggFBVV95cUxOaTFzelpBRHdWdDhQc25wcTk4S0VERFpoNUV3RHlwV0RibVlZM3NPc09FVGZFbnQ2RjRXbDhrV2Z0NFFjcHI5WktKNzE0SWFjLXlXS1gyX0NqMmNJZlRyeUJmUmNwMEwzajM0ekxjeGg1em1OYUxFUF9UZURSNjFDMi1n?oc=5,스포탈코리아,,R&D,2026-09-19T15:38:10.090473+09:00,False,False,live
ART-01020,policy,"전북지역산업진흥원, '지역혁신선도기업육성(R＆D) 킥 오프·R&D기관 역량강화 교육' 성료",2026-07-03,"전북지역산업진흥원, '지역혁신선도기업육성(R＆D) 킥 오프·R&D기관 역량강화 교육' 성료 전자신문","전북지역산업진흥원, '지역혁신선도기업육성(R＆D) 킥 오프·R&D기관 역량강화 교육' 성료 전자신문",https://news.google.com/rss/articles/CBMiTkFVX3lxTFB4UFpCay0zMWcxa2ttVHlUeFhXckRfSjNwMUhnWHItSWk0U0xkV0pqYnM4dEZtR1hTcmFyMlNwVW1jWDhBT2RSV2xvOThxUQ?oc=5,전자신문,,R&D,2026-09-19T15:38:10.090473+09:00,False,False,live
ART-01021,policy,"주빅, 특허전략개발원 'IP-R&D 전략지원 사업' 선정 - 머니투데이",2026-09-08,"주빅, 특허전략개발원 'IP-R&D 전략지원 사업' 선정 - 머니투데이 mt.co.kr","주빅, 특허전략개발원 'IP-R&D 전략지원 사업' 선정 - 머니투데이 mt.co.kr",https://news.google.com/rss/articles/CBMibEFVX3lxTE5ZLTdMMjhxY2tmVjNmSFFidkZSSnlKNUZxZ3NKYzVGaDJDMnlCdXg3alZTVzJ0LTVLNzRUZVl0Z0QtdmVQdy1WdThxZk9GRDRRRHhBMzZ2dURBWldsalBURVNJNFBEYndMWGlJa9IBckFVX3lxTE1JWHFIcXAtQkNEUWRKTWpxNFN0N19aM3lOeG5IQnY4ZHFSZUNBU2R3TkRUcnJmVVhKbG1aQXAtRVRiV2NrUnBLSW9vZjNtWGZpZGNweXlQb0NmWmRJajU5dXF1TW4xckZpTmhfNkRsMkJZQQ?oc=5,mt.co.kr,,R&D,2026-09-19T15:38:10.090473+09:00,False,False,live
ART-01022,policy,"중기부 R&D 성과물, 이달부터 혁신제품 지정 신청…공공조달 수의계약 6년 보장",2026-08-10,"중기부 R&D 성과물, 이달부터 혁신제품 지정 신청…공공조달 수의계약 6년 보장 조달경제신문","중기부 R&D 성과물, 이달부터 혁신제품 지정 신청…공공조달 수의계약 6년 보장 조달경제신문",https://news.google.com/rss/articles/CBMibkFVX3lxTE1ick9yME1JRVlDNktNRkstWXAzOE1kcG5WdlpXeGVtTzZta1NjVV9KbDFSeWlFbXNhU25HVkNSdmdGUFYxYm9Ba0NHZS05MF9UQnBJcm91N01ad2RfVFFtMmhaeW9SM0c3aF9IN3FR?oc=5,조달경제신문,,R&D,2026-09-19T15:38:10.090473+09:00,False,False,live
ART-01023,policy,"부산시, ‘연구개발장비 공동활용 지원사업’ 시행… 기업 R&D 역량 극대화",2026-05-28,"부산시, ‘연구개발장비 공동활용 지원사업’ 시행… 기업 R&D 역량 극대화 기계신문","부산시, ‘연구개발장비 공동활용 지원사업’ 시행… 기업 R&D 역량 극대화 기계신문",https://news.google.com/rss/articles/CBMiZ0FVX3lxTE5JOEpjTkhZUXQ1a2lMMmxNMkZwTUlTaW9PUjZuOGZsSG5jd3RyUmw2WlRyeEZCUHRKS2pTMHFqVHh5NF9xVGRGdGJqV0Qtck53aVIzcnE4VUIxZHlPYl9GRExiT0REUEk?oc=5,기계신문,,R&D,2026-09-19T15:38:10.090473+09:00,False,False,live
ART-01024,policy,"중기부, 총 100억 지원 기술사업화 R&D ‘구매연계·상생협력’ 과제 모집(~6월29일)",2026-05-26,"중기부, 총 100억 지원 기술사업화 R&D ‘구매연계·상생협력’ 과제 모집(~6월29일) 와우테일","중기부, 총 100억 지원 기술사업화 R&D ‘구매연계·상생협력’ 과제 모집(~6월29일) 와우테일",https://news.google.com/rss/articles/CBMiT0FVX3lxTE9abkl6dmx5TWNqTVFMc0E3ekhKQVJOSlBNUHlkSWVOcC11UUJYTU9uODhrd2V2M19uTFpBdk4ycHBQMHVTbDRJUUktV2Z5UXc?oc=5,와우테일,,R&D,2026-09-19T15:38:10.090473+09:00,False,False,live
ART-01025,policy,"산업부, 중견기업 R&D 지원사업에 655억원 투입…예산 20%↑",2026-02-02,"산업부, 중견기업 R&D 지원사업에 655억원 투입…예산 20%↑ 마켓인","산업부, 중견기업 R&D 지원사업에 655억원 투입…예산 20%↑ 마켓인",https://news.google.com/rss/articles/CBMic0FVX3lxTE5TTHlTdFQwUmRrMjB6cnFYaFI0bmpqM0N3OGtxTnJRdFFKa1NNc3RqVzJvZy1BbEUxckNCY01CVHNDMVVlTWFSNXBiQ0NRQnVIRHEwMHJ1Y1VzOEd0UFp6TmRxVXpMZ25wODBGRUV2V3J0UVE?oc=5,마켓인,,R&D,2026-09-19T15:38:10.090473+09:00,False,False,live
ART-01026,policy,"정부, 중견기업 R&D 655억원 투입…지역·제조 AX 전면에",2026-02-02,"정부, 중견기업 R&D 655억원 투입…지역·제조 AX 전면에 매일신문","정부, 중견기업 R&D 655억원 투입…지역·제조 AX 전면에 매일신문",https://news.google.com/rss/articles/CBMiYkFVX3lxTE5qRmdkWVhEWW5rWENmY1JoZ0ctNXVkVU11QzVGeHFKTzlCc1BjWW9QbFFndng1Q3VNUWlzdkZySTFObDJpcl94RC1xYk90T1N0Q2J0dlg4ZXZnVzdGamZVZEFn?oc=5,매일신문,,R&D,2026-09-19T15:38:10.090473+09:00,False,False,live
ART-01027,policy,"대구TP, 2026년 지역혁신선도기업육성(R&D) 지원사업 참여기업 모집",2026-02-24,"대구TP, 2026년 지역혁신선도기업육성(R&D) 지원사업 참여기업 모집 전자신문","대구TP, 2026년 지역혁신선도기업육성(R&D) 지원사업 참여기업 모집 전자신문",https://news.google.com/rss/articles/CBMiTkFVX3lxTE84S1BTb2txdmU2aEZYU1A1ejAyUWUxMVdDVTVuVmhFOVJRb1M0b1JOTDFrNzY3SzVQRWlMN0VLRXZYRXA0NWgwUDVqVjVsdw?oc=5,전자신문,,R&D,2026-09-19T15:38:10.090473+09:00,False,False,live
ART-01028,policy,"과기정통부·중기부, 내년 투자형 R&D 가동…“회수·재투자로 선순환 구축”",2026-07-21,"과기정통부·중기부, 내년 투자형 R&D 가동…“회수·재투자로 선순환 구축” 전자신문","과기정통부·중기부, 내년 투자형 R&D 가동…“회수·재투자로 선순환 구축” 전자신문",https://news.google.com/rss/articles/CBMiTkFVX3lxTFBuMWxDTGtsendtc2lLczFzbHB0dHJlWHlzc3hRLS1sWi1MVHZ2bHV6R2N4Mkkyb1JKazJLTFhqUWdLZUdBXzd5THlIbHRzUQ?oc=5,전자신문,,R&D,2026-09-19T15:38:10.090473+09:00,False,False,live
ART-01029,policy,"특허가 ‘제품’이 된다... 지식재산처, IP사업화 R&D로 최대 11억 지원",2026-03-05,"특허가 ‘제품’이 된다... 지식재산처, IP사업화 R&D로 최대 11억 지원 특허뉴스","특허가 ‘제품’이 된다... 지식재산처, IP사업화 R&D로 최대 11억 지원 특허뉴스",https://news.google.com/rss/articles/CBMiSEFVX3lxTFBka0hJRGZSWXMxc0k3MmNkalBJMVdINGt1NEtLOFhFbUExSXc2TUZ0YzVmZi0wLVV1dEdNQnM5U0twY1FKVGtrOA?oc=5,특허뉴스,,R&D,2026-09-19T15:38:10.090473+09:00,False,False,live
ART-01030,policy,"[대학·기업 손잡고 국가 혁신, OIRC]〈1〉KAIST, AI반도체 개발 전주기 지원...테스트베드 상시 개방",2026-07-21,"[대학·기업 손잡고 국가 혁신, OIRC]〈1〉KAIST, AI반도체 개발 전주기 지원...테스트베드 상시 개방 전자신문","[대학·기업 손잡고 국가 혁신, OIRC]〈1〉KAIST, AI반도체 개발 전주기 지원...테스트베드 상시 개방 전자신문",https://news.google.com/rss/articles/CBMiTkFVX3lxTE5qd1hybFc3SnlmTnBFRDFXOTdfWTZnMHNMcVVTNmJkMXVPTmx2OGZVcnd3eEo1ajFBS0lyYTFFOWdLb3A5UE1fRW16LWlWdw?oc=5,전자신문,,R&D,2026-09-19T15:38:10.090473+09:00,False,False,live
ART-01031,policy,혁신형 제약기업 문턱 낮춘다…‘선도형·도약형’으로 이원화,2026-09-18,혁신형 제약기업 문턱 낮춘다…‘선도형·도약형’으로 이원화 서울경제,혁신형 제약기업 문턱 낮춘다…‘선도형·도약형’으로 이원화 서울경제,https://news.google.com/rss/articles/CBMiUkFVX3lxTE1CV1RfVnVuM2o5ankzdURNb1YxT25kUkJ5aWk3ckRuSmZTVjdyQk5ZUEhybWVHSFBYZVJSZ1JFbGozODlXOTUwR3M3N2FlMERnanfSAVNBVV95cUxQUHd0M1dLcVhva2x6cUx1TWI1M210enVsZGZtb0dwckViNGN0YnVCMVA2S2FjLXZQenRLd3gxMzR2SFRSLTJWQTg0aHhGby1vZ2ktbw?oc=5,서울경제,,R&D,2026-09-19T15:38:10.090473+09:00,False,False,live
ART-01032,policy,"경쟁률 '27.8대 1'…경과원, 중소기업 R&D에 55억 지원 본격화 - 머니투데이",2026-05-28,"경쟁률 '27.8대 1'…경과원, 중소기업 R&D에 55억 지원 본격화 - 머니투데이 mt.co.kr","경쟁률 '27.8대 1'…경과원, 중소기업 R&D에 55억 지원 본격화 - 머니투데이 mt.co.kr",https://news.google.com/rss/articles/CBMiakFVX3lxTE9nUmdyNS14UW9VcUxqWW1BMWY0a2oyZmhKQVRZRkJYV0JCV2ZOaVpuSzRFZk9ZNHVvbWcxRHdoOW9KcnNpdVBjTThLNlU5N1B4bEtQeU8xUjExSHlPT3ExbEZ4ZVplczVLSnfSAW9BVV95cUxQSWEyS0JqYzJhQks0RDhCdzZjeUxHN3hsaW01Vl80TnJRQmpDWFZmeWc1M0p0Y3VtX2c1QVdFT2JjRDZMbWZpRjh5RUVITUpzVHIxVm1SdWhESE84SW5ES2lDb01nWS11Uy10ZDFEUXM?oc=5,mt.co.kr,,R&D,2026-09-19T15:38:10.090473+09:00,False,False,live
ART-01033,policy,"전북특별자치도, 4극3특 지역자율 R&D 사업으로 지역주도 과학기술 생태계 구축",2026-09-10,"전북특별자치도, 4극3특 지역자율 R&D 사업으로 지역주도 과학기술 생태계 구축 전북도민일보","전북특별자치도, 4극3특 지역자율 R&D 사업으로 지역주도 과학기술 생태계 구축 전북도민일보",https://news.google.com/rss/articles/CBMia0FVX3lxTE85UUNHSWtXRUtZaUstUGRLYWxHSlpyZ3VwbFJIdkwtb0E0SHRxNGRGaDFvVlBja3pJU0M0TjlsTzlkQmowVWlyZmpPWEVfQ3RkZ2JMX3REem9pY0tKX2JqRzlpTlRFZy1ZQzFr?oc=5,전북도민일보,,R&D,2026-09-19T15:38:10.090473+09:00,False,False,live
ART-01034,policy,"충남도, 소부장 연구개발부터 사업화까지 단계별 지원",2026-08-27,"충남도, 소부장 연구개발부터 사업화까지 단계별 지원 대전일보","충남도, 소부장 연구개발부터 사업화까지 단계별 지원 대전일보",https://news.google.com/rss/articles/CBMib0FVX3lxTFBBekh4X3cyTFBNNzNHdW8xTUxIVVlOOWRnalFWQnBUcHVNTE5sREVBcTBJa1g4UnNxV0t2WVVQWU5ZT2NpYlhNOXNheUdNWXdCc19EdGV5a1JoakxzRDMtWHNRc2lmYWdFN1ZCRmhka9IBc0FVX3lxTE4xX2pMSzVObzZ6cnNScEhCUWJjM0ZCMGozekxQTy1hWkFnS2g2UGdTbk9VX1A0VTVlOHNfLUJiRllsajNVaTFIWkJmOXZPX01wRURJR3VxdmQ0ZTMxZTQwX2xDQjNUa245R0t6Zm02Y1h4Ulk?oc=5,대전일보,,R&D,2026-09-19T15:38:10.090473+09:00,False,False,live
ART-01035,policy,"중기부, K-뷰티 중소기업 기술혁신 R&D 사업 신설... 10개사×최대 5억원 지원",2026-01-09,"중기부, K-뷰티 중소기업 기술혁신 R&D 사업 신설... 10개사×최대 5억원 지원 cncnews.co.kr","중기부, K-뷰티 중소기업 기술혁신 R&D 사업 신설... 10개사×최대 5억원 지원 cncnews.co.kr",https://news.google.com/rss/articles/CBMiZEFVX3lxTE05SUFTWHdiUEs3ZmVmSUZLUFJnVC16YjQwMUx0M0dpQnF3RDNVS2dKRmlxaFhfendGN3hJSWJvaXp6WDBYeEFxd3RFTURGTlVGc2dGR2poaFpuM21Cb2FxRk02S3g?oc=5,cncnews.co.kr,,R&D,2026-09-19T15:38:10.090473+09:00,False,False,live
ART-01036,policy,"FITI시험연구원-경과원, 경기도 R&D 기업 기술사업화 지원 강화",2026-05-14,"FITI시험연구원-경과원, 경기도 R&D 기업 기술사업화 지원 강화 한국섬유신문","FITI시험연구원-경과원, 경기도 R&D 기업 기술사업화 지원 강화 한국섬유신문",https://news.google.com/rss/articles/CBMiaEFVX3lxTE1YcTBpTXNHT191TGpjZDU1NjVXVF9uaWRzNmNvWThQSXFLUWU4MjI0QkRPX1lybnVwcEpMeF9SSkRYSHdzM1lxLU9mX0JZYnF5ekdtSnktMWxoRVFXRm5Pc05PYWZzTjZ0?oc=5,한국섬유신문,,R&D,2026-09-19T15:38:10.090473+09:00,False,False,live
ART-01037,policy,"정부, 수출·도약·소부장 맞춤형 기술혁신 R&D에 156억 지원한다",2026-05-14,"정부, 수출·도약·소부장 맞춤형 기술혁신 R&D에 156억 지원한다 news.mtn.co.kr","정부, 수출·도약·소부장 맞춤형 기술혁신 R&D에 156억 지원한다 news.mtn.co.kr",https://news.google.com/rss/articles/CBMiZEFVX3lxTE02d1JYOUxHZnI2dU4yQkNnajlRYU12ekdrY2pVVGxZTU5CSHFWRlNnN0hGN0pfSFhaSDVIOFZScC1sTVpMcGZ1OUI5ZFB1WVc0NjA5QUtxX3ctX1pLOVRKRnVTa1Q?oc=5,news.mtn.co.kr,,R&D,2026-09-19T15:38:10.090473+09:00,False,False,live
ART-01038,policy,"전북, 대한민국 반도체 산업 핵심 거점 급부상",2026-09-18,"전북, 대한민국 반도체 산업 핵심 거점 급부상 목포타임즈","전북, 대한민국 반도체 산업 핵심 거점 급부상 목포타임즈",https://news.google.com/rss/articles/CBMiaEFVX3lxTFB1VTAxckliZ2Rfb0tISktDYUdMQU5CYy03RXhXVkE5dnJsQTVmM2IxaVdJejl5eVFMUlRKeGMtR3hJUTlmbnRKNklWbHJzZ29oZEFRZUlQNE5veHA5OUh1d1djS2NXN2xu?oc=5,목포타임즈,,R&D,2026-09-19T15:38:10.090473+09:00,False,False,live
ART-01039,policy,4극3특 호남권 지역자율R&D 시동,2026-08-30,4극3특 호남권 지역자율R&D 시동 지디넷코리아,4극3특 호남권 지역자율R&D 시동 지디넷코리아,https://news.google.com/rss/articles/CBMiVkFVX3lxTE80aVVNQ2VyQTBhbUgzTTFVb3FQRURHenB6SlMyQk43cWpQR09hWHN4Z0VjZUh1RlhMelBMMmdSb2FueHdWdFRKUGtHakRnWWwwYzhsSWx3?oc=5,지디넷코리아,,R&D,2026-09-19T15:38:10.090473+09:00,False,False,live
ART-01040,policy,"중기부, '혁신제품 신규 지정' 공모…""中企 공공시장 진입 지원""",2026-07-09,"중기부, '혁신제품 신규 지정' 공모…""中企 공공시장 진입 지원"" 연합뉴스","중기부, '혁신제품 신규 지정' 공모…""中企 공공시장 진입 지원"" 연합뉴스",https://news.google.com/rss/articles/CBMiW0FVX3lxTE9XalphUTlEV29RbGw3TmdlNE91VXBpTDNyMVp0YTlmUGt3RWdUV1ZOWXpkc0xhampULUloUEhIOVRfUU9rM1ZXRGg2ZVE4eVZOMF93SlZsMHVjZ1nSAWBBVV95cUxOWThsemkxMEhPd0pyZ2k4RHBtUWtCaGJjSnlMTV94OFh6MDgxWWlsRkVaVHhVam13Nmd6VEVrcHdyQlJHSmpVZ3QtTU1DSzh2MUhKOUlMNHAxZWNrcWxDdUE?oc=5,연합뉴스,,R&D,2026-09-19T15:38:10.090473+09:00,False,False,live
ART-01041,policy,"""장애인 창업지원 사후관리 강화해야""",2026-09-14,"""장애인 창업지원 사후관리 강화해야"" 경남매일","""장애인 창업지원 사후관리 강화해야"" 경남매일",https://news.google.com/rss/articles/CBMiakFVX3lxTE8zUWx0RzF3TUFOYmdNZ1gtckNKQ2FvYjZ3eEtVTDA0YTRsT0dqY28wZXBVd0xBdUo2SklBWUVkS0FIUVlocTZ3REc0aEFJYVJMcmxVelNndkVFamxjQi1XUzBUckxjNU5Senc?oc=5,경남매일,,사업화 자금,2026-09-19T15:38:10.090473+09:00,False,False,live
ART-01042,policy,장애인 창업자금 연 12억 지원…5년 생존율 51% 그쳐,2026-09-14,장애인 창업자금 연 12억 지원…5년 생존율 51% 그쳐 newfilenews.com,장애인 창업자금 연 12억 지원…5년 생존율 51% 그쳐 newfilenews.com,https://news.google.com/rss/articles/CBMibkFVX3lxTE83SzNtaklkUmtxakNkY29ZaTBNUXdtUUZTd3hDcTZHYXlmTHBIQ2hfZ1JVY1lNT09yTjAtN0tRTWJnVmNOMHkyZTl6TEo4dlpNNXBhZ2pMZEFBYnNXWnZvbTd4ZG43NlV1RWJwWHdn?oc=5,newfilenews.com,,사업화 자금,2026-09-19T15:38:10.090473+09:00,False,False,live
ART-01043,policy,"공공데이터 활용 스타트업 모집...중기부, 사업화에 최대 1억 지원",2026-09-15,"공공데이터 활용 스타트업 모집...중기부, 사업화에 최대 1억 지원 울산일보","공공데이터 활용 스타트업 모집...중기부, 사업화에 최대 1억 지원 울산일보",https://news.google.com/rss/articles/CBMibkFVX3lxTE1sbElNRmdoRkx1UDZkeldLUmYxV2taTl9wYzJMTHplcFdsQUViSzNRc3JvcVBEVFJ0ekVMX3pJNkNHWHVwMm1udHB1RFUtZVFVMWVLb2JvQnRYanRYMjBfZXd2LUpSSGNfbFJuUVl3?oc=5,울산일보,,사업화 자금,2026-09-19T15:38:10.090473+09:00,False,False,live
ART-01044,policy,"옥천군, 면 지역 창업청년 사업자금 지원…""최대 90% 검토""",2026-09-14,"옥천군, 면 지역 창업청년 사업자금 지원…""최대 90% 검토"" 뉴시스","옥천군, 면 지역 창업청년 사업자금 지원…""최대 90% 검토"" 뉴시스",https://news.google.com/rss/articles/CBMiYEFVX3lxTE9HWTlrcVZBUEM2OS1YN1RjdnRVdXMtVmZ6UlZReTdtM2NoVnNEVlVNSWJyeDZvNU81VFZJMHAyVTRHWTAyYk5SMU90Q2txWmVybnNMeENXVkxJX2kwd25MT9IBeEFVX3lxTFA4alJOQVFXakJ4a2xhX0FLQ29ldTZlVTctUFVacGVwaVFaT1lJUGtOSGh6U3VmM1VwcThMdXlGUHEzX2UyWEQyVWdDNk55QWo3NGFQZ19XeHRoVEdjV2pJMmVYZHExRGx0WWQ0eHo4S2VOQTVkcm1Ecg?oc=5,뉴시스,,사업화 자금,2026-09-19T15:38:10.090473+09:00,False,False,live
ART-01045,policy,공공데이터 활용 스타트업 20곳 모집…사업화 자금 최대 1억원,2026-09-14,공공데이터 활용 스타트업 20곳 모집…사업화 자금 최대 1억원 서울뉴스통신,공공데이터 활용 스타트업 20곳 모집…사업화 자금 최대 1억원 서울뉴스통신,https://news.google.com/rss/articles/CBMia0FVX3lxTE5FeXZFblZfMTB5aS11ZEJ0QVNsZjlTa3VBc1lTWXlBbC1hd0xKNDVWbGQtQk51cE5aYms4TlBRdkVkanpKaHFVT2NpN1lsVmxOeDQ1TS1VN3Y0eTVDWUh1Q3FTOWxPRWwwZGpJ?oc=5,서울뉴스통신,,사업화 자금,2026-09-19T15:38:10.090473+09:00,False,False,live
ART-01046,policy,허성무 “장애인기업 창업지원 사후관리 강화해야”…5년 생존율 51.3%,2026-09-14,허성무 “장애인기업 창업지원 사후관리 강화해야”…5년 생존율 51.3% ppss.kr,허성무 “장애인기업 창업지원 사후관리 강화해야”…5년 생존율 51.3% ppss.kr,https://news.google.com/rss/articles/CBMiZEFVX3lxTE5ocExhZllDbUExTjNUZEdlM3lsbjBtQUJ4U0Q3Uy05dUJVQ3IwUWxCelQyWXVFdW1tS1JTeXA3T2dvV3JoNVlqR1NlSFZTOGNwakdsZG9IMHEtSlV4Z0doS2o5S2Y?oc=5,ppss.kr,,사업화 자금,2026-09-19T15:38:10.090473+09:00,False,False,live
ART-01047,policy,"KB국민카드, 지역 청년 창업·정착 지원…8개 청년마을에 2억원 투입",2026-09-13,"KB국민카드, 지역 청년 창업·정착 지원…8개 청년마을에 2억원 투입 Korea IT Times","KB국민카드, 지역 청년 창업·정착 지원…8개 청년마을에 2억원 투입 Korea IT Times",https://news.google.com/rss/articles/CBMicEFVX3lxTE5ORDgtNXF1VzYzdmJGcm4xSDljcWxNd1VCVHZKS1B2cUJ5MEZLc1dkcjVYY3F0Vk5OZTd1cVgzTGpnU1c3LUJBM2FrMmVBZUZOaDR3cUtPLUZZX2o2S1E5SmdQQVE5NGVVd2JSbUZCM3Y?oc=5,Korea IT Times,,사업화 자금,2026-09-19T15:38:10.090473+09:00,False,False,live
ART-01048,policy,"신세계아이앤씨, 사회연대경제기업 8곳 사업화자금 9천만원 지원",2026-09-01,"신세계아이앤씨, 사회연대경제기업 8곳 사업화자금 9천만원 지원 연합뉴스","신세계아이앤씨, 사회연대경제기업 8곳 사업화자금 9천만원 지원 연합뉴스",https://news.google.com/rss/articles/CBMiW0FVX3lxTE9NcmhhZC1LUkhBU3lYdE9EMk1yR1JrekJvQTFuZktBNDhBT3Q2TXZXVjJ3d3JmZ1E3bGc1anBmMGJlSFFubE1rbkZ4VDU0QzhkbWx4VTgtRWNYUjTSAWBBVV95cUxOSlJaNG9icGlibktLYnpsSkVONnV4SXN0WUdBZHA5QzBSUlAtNTRfd3hRWGgwOENXX0l4c0YxMzBfMk9fYVBrTi1FWmpmano5MTd2dWpFa29yS0ZhQkhpNko?oc=5,연합뉴스,,사업화 자금,2026-09-19T15:38:10.090473+09:00,False,False,live
ART-01049,policy,"중기부, 공공데이터 스타트업 모집 15일 개시… 협업자금 최대 1억원·기술개발까지 연계",2026-09-15,"중기부, 공공데이터 스타트업 모집 15일 개시… 협업자금 최대 1억원·기술개발까지 연계 솔루션뉴스","중기부, 공공데이터 스타트업 모집 15일 개시… 협업자금 최대 1억원·기술개발까지 연계 솔루션뉴스",https://news.google.com/rss/articles/CBMia0FVX3lxTE9KVFA3QnpsSmszOVNxWkY5eV92N1RpQWJzQUpzWXBUcHBHU2ktUGpzTEd1blEzWmJnNnNXaTBxWXVid3IzQXZXTjZkRllwQjdzVHVsZ3c1RjdRa2hSQ2ZaUW5aY2dSQUdNTW1R?oc=5,솔루션뉴스,,사업화 자금,2026-09-19T15:38:10.090473+09:00,False,False,live
ART-01050,policy,"행안부-KB국민카드, 청년마을 맞손…사업화 자금 2억 지원 - 머니투데이",2026-09-11,"행안부-KB국민카드, 청년마을 맞손…사업화 자금 2억 지원 - 머니투데이 mt.co.kr","행안부-KB국민카드, 청년마을 맞손…사업화 자금 2억 지원 - 머니투데이 mt.co.kr",https://news.google.com/rss/articles/CBMiakFVX3lxTE8wRUJ3aElRb1phTnhsRk5vTXVRNkRFM2w1amo2aVFKTUFQV25TcElDVEhEWFo5aUpkbGF4dmFoZGljSldYdFg3LVJRaXNvUjdqNzVUdGlnbDdJYjVmbDBqei15YllTODRaTFHSAW9BVV95cUxQcUF0QUFfdi1TV0d1Z2pLUmMwV1prZHp1THNONjA4QUFDSkpPSXY0cXhWUC04OFNtNjlnaGtUVV9MV3BLbHBFVWl5VFZ4WWhjLWtMczB4NlEzb2NITTZPOC1nQzczZElZUXAwRnRkdUE?oc=5,mt.co.kr,,사업화 자금,2026-09-19T15:38:10.090473+09:00,False,False,live
ART-01051,policy,"행안부-KB국민카드, 청년마을 지원 맞손…8곳에 2억원 사업화 자금",2026-09-11,"행안부-KB국민카드, 청년마을 지원 맞손…8곳에 2억원 사업화 자금 뉴스핌","행안부-KB국민카드, 청년마을 지원 맞손…8곳에 2억원 사업화 자금 뉴스핌",https://news.google.com/rss/articles/CBMiXEFVX3lxTFBoWk5hRGxDWDlaVDNQeDVfc1FhaXQwUnZ1dnFJa1hVNlB4NlhRcWdPempkYmNZdTdTWkJJR1BFM0hJSDdMV29nV2ZrM1B1RjZSUHhLdThsZEJHeFRW?oc=5,뉴스핌,,사업화 자금,2026-09-19T15:38:10.090473+09:00,False,False,live
ART-01052,policy,"대전시, 창업도시 프로젝트 참여기업 74개사 모집",2026-09-07,"대전시, 창업도시 프로젝트 참여기업 74개사 모집 굿뉴스365","대전시, 창업도시 프로젝트 참여기업 74개사 모집 굿뉴스365",https://news.google.com/rss/articles/CBMicEFVX3lxTE5xNmMwOV9VR0xmSFlCLW4yRDk1a0N5aFZUZkc0OVFndFVlNmxTYWZGejhGOG5KWXBEVnRWcWZJN0RjVW93ZzJaTWNnWG1EU3AxNzJCSnU1ZkhCeEVvTXh4bDNsTDNSdGFwdVRQOGhEbDg?oc=5,굿뉴스365,,사업화 자금,2026-09-19T15:38:10.090473+09:00,False,False,live
ART-01053,policy,"제주도, 서귀포 창업기업 사업화 지원…기업당 최대 500만원",2026-07-06,"제주도, 서귀포 창업기업 사업화 지원…기업당 최대 500만원 헤드라인제주","제주도, 서귀포 창업기업 사업화 지원…기업당 최대 500만원 헤드라인제주",https://news.google.com/rss/articles/CBMic0FVX3lxTE45SFVlR1RDUFI3cURrT0VMVjZsaWtkWGhBc2dVaUVWTF8yNXdlRFFibVdDU0lrUWZCcXpIeU5BWWIzQzM1VF82Wk4wOHlhVFJxbVZwQUZwV1RuTlkzNWNvZjg1YzRUdzcxTVhJdWRJZHZVSFU?oc=5,헤드라인제주,,사업화 자금,2026-09-19T15:38:10.090473+09:00,False,False,live
ART-01054,policy,장애인기업종합지원센터 “올해 마지막 공고” 최대 2000만 원 창업 사업화 자금 지원,2026-08-04,장애인기업종합지원센터 “올해 마지막 공고” 최대 2000만 원 창업 사업화 자금 지원 문화일보,장애인기업종합지원센터 “올해 마지막 공고” 최대 2000만 원 창업 사업화 자금 지원 문화일보,https://news.google.com/rss/articles/CBMiUEFVX3lxTE9iYmRqSi1iQmNWSE1KTElOMXJuaW5wSURtSko4RnB5WENDeXRIdlE4MGF3U3p3ejNGbGZMbFhCZ3VUTUZlbXlSYzlLczd4dnJL?oc=5,문화일보,,사업화 자금,2026-09-19T15:38:10.090473+09:00,False,False,live
ART-01055,policy,"장애인기업종합지원센터, 장애인 창업자 최대 2천만 원 사업화 자금지원…24일까지 접수",2026-08-04,"장애인기업종합지원센터, 장애인 창업자 최대 2천만 원 사업화 자금지원…24일까지 접수 웰페어뉴스","장애인기업종합지원센터, 장애인 창업자 최대 2천만 원 사업화 자금지원…24일까지 접수 웰페어뉴스",https://news.google.com/rss/articles/CBMib0FVX3lxTFBaQl9yOFlrTHZCNkwzTFQxWUlOalN1RlFHX1QxYS00dzQxZGJIRDNJY0ViTmNZdFdXTVVOSzRtWmlxeURLcmhYcmhndks2aDh4X1pVQ2dsaV9ubzd1SUYwOXNpdHhyc1pmdHdwb09Sdw?oc=5,웰페어뉴스,,사업화 자금,2026-09-19T15:38:10.090473+09:00,False,False,live
ART-01056,policy,"신세계아이앤씨, 사회연대경제기업 8개사에 사업화 자금 지원",2026-09-01,"신세계아이앤씨, 사회연대경제기업 8개사에 사업화 자금 지원 v.daum.net","신세계아이앤씨, 사회연대경제기업 8개사에 사업화 자금 지원 v.daum.net",https://news.google.com/rss/articles/CBMiS0FVX3lxTFBfcENQN3Yxc1Rqa1lHTUhmN3QyZENPSFBHcTdNWWZ0Z2JOYkVOM00yRHROM2NCWV81QmVac1RIbVZud0pxX21NS1kzbw?oc=5,v.daum.net,,사업화 자금,2026-09-19T15:38:10.090473+09:00,False,False,live
ART-01057,policy,"장애인기업종합지원센터, 최대 2천만 원 창업 사업화 자금 지원... “올해 마지막 공고”",2026-08-04,"장애인기업종합지원센터, 최대 2천만 원 창업 사업화 자금 지원... “올해 마지막 공고” 웰페어뉴스","장애인기업종합지원센터, 최대 2천만 원 창업 사업화 자금 지원... “올해 마지막 공고” 웰페어뉴스",https://news.google.com/rss/articles/CBMib0FVX3lxTE5OcnlnYTdwSDJGcm9kM0huSU5CQ0tiTGl5Q3R6dWZWU1FZRENoNXFFdFNKYTl4Z0RkZ2lCU25pSzBUZVYwUy14a1NORlFSN2JfNFFMN1R4SjhMbmxqMVQyXzZlN3lEc0tNR0VBNV9Kbw?oc=5,웰페어뉴스,,사업화 자금,2026-09-19T15:38:10.090473+09:00,False,False,live
ART-01058,policy,"신세계아이앤씨, 혁신기업 8개사에 사업화 자금 9000만원 지원",2026-09-01,"신세계아이앤씨, 혁신기업 8개사에 사업화 자금 9000만원 지원 v.daum.net","신세계아이앤씨, 혁신기업 8개사에 사업화 자금 9000만원 지원 v.daum.net",https://news.google.com/rss/articles/CBMiS0FVX3lxTE9sNXdNYjEzMnM4LXNiaXh1UzNCR0N4Znh1RVh4SlVPWXJ0N2VzYmNjOTNjelAtTVZfeW0yQlJSaUI5TGUwTnBpRHRfZw?oc=5,v.daum.net,,사업화 자금,2026-09-19T15:38:10.090473+09:00,False,False,live
ART-01059,policy,"신세계아이앤씨, 혁신기업 8개사에 사업화 자금 9000만원 지원",2026-09-01,"신세계아이앤씨, 혁신기업 8개사에 사업화 자금 9000만원 지원 헤럴드경제","신세계아이앤씨, 혁신기업 8개사에 사업화 자금 9000만원 지원 헤럴드경제",https://news.google.com/rss/articles/CBMiVkFVX3lxTE5sNG9uRjh0Wk1aZnZVa2FDaS02OFlTazBXOWlZbFhQcXRWbEZxdmJ6QUZ4NjlLMmp5TDdTYi1wYVZ4R0w2cElJTllqY25PV0FPNWpNRVBn?oc=5,헤럴드경제,,사업화 자금,2026-09-19T15:38:10.090473+09:00,False,False,live
ART-01060,policy,"장애인기업종합지원센터, 장애인 창업 초기자금 지원…24일까지 모집",2026-08-04,"장애인기업종합지원센터, 장애인 창업 초기자금 지원…24일까지 모집 서울경제TV","장애인기업종합지원센터, 장애인 창업 초기자금 지원…24일까지 모집 서울경제TV",https://news.google.com/rss/articles/CBMiZEFVX3lxTE1FeU1YenZNOWZxWkxUX3FWS1NQdnpHbHNidFpPdnBlek9hemZnQjBSZUdoUVdNakdXTXRtNjJlMFFIYTBUYmJhaVdIMmhqcnIzdVc3ai1yUUxBZVd6eW9wYUN1WVc?oc=5,서울경제TV,,사업화 자금,2026-09-19T15:38:10.090473+09:00,False,False,live
ART-01061,policy,“소상공인도 AI 시대”…최대 4000만 원 사업화자금 지원,2026-06-30,“소상공인도 AI 시대”…최대 4000만 원 사업화자금 지원 서울경제TV,“소상공인도 AI 시대”…최대 4000만 원 사업화자금 지원 서울경제TV,https://news.google.com/rss/articles/CBMiZEFVX3lxTE9EYlpHaDk0ZWhmTWpnaVNQNXJfdUhvSVhaZ3V1dkloalhxa2ZwTzhJdnJyNU12YlprMXBTeUowY2RJb0lhUGtBaWlCOGdTaTU2VXRycjdnSTRXcTlZamw5WEZkRkc?oc=5,서울경제TV,,사업화 자금,2026-09-19T15:38:10.090473+09:00,False,False,live
ART-01062,policy,"""청년마을 8곳에 사업자금""…KB국민카드, 행안부와 협력",2026-09-13,"""청년마을 8곳에 사업자금""…KB국민카드, 행안부와 협력 중앙이코노미뉴스","""청년마을 8곳에 사업자금""…KB국민카드, 행안부와 협력 중앙이코노미뉴스",https://news.google.com/rss/articles/CBMickFVX3lxTE5EenBSSDRPd09YNmpUM0hDeVlndlM1eG40YjRvdFZHcUF3QjJkY0hDMldsZkNMM2dpYlVIb0NrZHJtNy01d1hvT2JOOGl0RW1ELUppNnVqSlVxZ1hjVWxrMHJheS1ZeDMyVFdxT3RwMGVaQQ?oc=5,중앙이코노미뉴스,,사업화 자금,2026-09-19T15:38:10.090473+09:00,False,False,live
ART-01063,policy,"장애인기업종합지원센터, 창업 사업화 자금 최대 2000만원 지원",2026-08-04,"장애인기업종합지원센터, 창업 사업화 자금 최대 2000만원 지원 v.daum.net","장애인기업종합지원센터, 창업 사업화 자금 최대 2000만원 지원 v.daum.net",https://news.google.com/rss/articles/CBMiS0FVX3lxTFBmeHlyazk3RXJvT0V0VUtLZWxxUURjUU1MRC1JbXB5Y3VNaVpYU25EcHNyTTN5YnpzZFJlN2E3SENKNWNEUnBub0lnTQ?oc=5,v.daum.net,,사업화 자금,2026-09-19T15:38:10.090473+09:00,False,False,live
ART-01064,policy,업데이트 전후 규칙을 대조하는 배팅장 구속 변경 사항,2026-09-12,업데이트 전후 규칙을 대조하는 배팅장 구속 변경 사항 Calgary Roughnecks,업데이트 전후 규칙을 대조하는 배팅장 구속 변경 사항 Calgary Roughnecks,https://news.google.com/rss/articles/CBMimwFBVV95cUxQdXVvRzMyazBKQkNWaEZraFBHR1JDNHFHZUpNR2xFdjE4MU1RcGN0VU8tZjEyZS0tR3NxMzdnajR2VGRBcF9YeWhoakExOG1WcWV4ZnpCLU50VGh1Q2NtbjZ5aXZtazRnOEtvTWkyY0tJV21ZT3U0OXphbEtkRWtjcUc2a1h1Nnp2NmNBVi1WMGdidFR5eDd2ZTZKSQ?oc=5,Calgary Roughnecks,,사업화 자금,2026-09-19T15:38:10.090473+09:00,False,False,live
ART-01065,policy,"장애인기업종합지원센터, 창업 사업화 자금 최대 2천만 원 지원",2026-08-04,"장애인기업종합지원센터, 창업 사업화 자금 최대 2천만 원 지원 한국장애인신문","장애인기업종합지원센터, 창업 사업화 자금 최대 2천만 원 지원 한국장애인신문",https://news.google.com/rss/articles/CBMidEFVX3lxTE5qaV9INUFfa2JEazZXMFZhR1UtaTJjS0EwNjdfZ3d6am9oUGdWMW1PTmhxRXZraHVGcDlBSVpPUGdRVjZLcnRnX3VFeXBrd3g1eHRldmdBWm5yMzJxVExQMlllU3lkdmtPZHgzUVQwRlhMN1Zo0gF4QVVfeXFMTXVvMWhOc1NxM1FxaGlsZVUzWmJuX1hOcFhOS083THByZUlNalVKc1A5R00wdmRNYXoxZ2V5VUwzZWdHT2c5MEdJZkpGa0dUU2FFY1RZdHUtaGZaZHAtU0s3RGg4a01JSjkybEM2eFRxRS05NTNqUlow?oc=5,한국장애인신문,,사업화 자금,2026-09-19T15:38:10.090473+09:00,False,False,live
ART-01066,policy,"광주창조경제혁신센터, '2026 혁신 소상공인 전국오디션 1라운드' 개최…유망 소상공인 발굴",2026-08-31,"광주창조경제혁신센터, '2026 혁신 소상공인 전국오디션 1라운드' 개최…유망 소상공인 발굴 전자신문","광주창조경제혁신센터, '2026 혁신 소상공인 전국오디션 1라운드' 개최…유망 소상공인 발굴 전자신문",https://news.google.com/rss/articles/CBMiTkFVX3lxTE5vZVhUN3pRbHNVSGRxZDhyMmZxOUxnTlpVRXh6NjVybzNpb1hWUGVaU1lXcVpxSWE0bm1zZTR1YkF4alFGMTBySDJJSjRGQQ?oc=5,전자신문,,사업화 자금,2026-09-19T15:38:10.090473+09:00,False,False,live
ART-01067,policy,"대전시, '중기부 창업도시' 참여기업 최다 선정…74곳 모집",2026-06-22,"대전시, '중기부 창업도시' 참여기업 최다 선정…74곳 모집 연합뉴스","대전시, '중기부 창업도시' 참여기업 최다 선정…74곳 모집 연합뉴스",https://news.google.com/rss/articles/CBMiW0FVX3lxTE1tVzhVYkJodFZyZEJpLVBfRGtFUHdBczNKQjc5ZXpaVFdEN0FIYWdHdU1UT2wtWmJ6eTZucjV0R0UzcjFyYlhQQTYxMlN6UldiRksySEVEUThneGPSAWBBVV95cUxNNlZwc25LMVBpVlJmbEJaZGVDemRBM1J6T0o1bVN0Ul9WeUlIYTk5VElQNFFnLVR3UWJuQW5KT3RlYmJuaHpQSENwYXJEZFcxNl9aZ3dhTmhhQVlzWE9qU0k?oc=5,연합뉴스,,사업화 자금,2026-09-19T15:38:10.090473+09:00,False,False,live
ART-01068,policy,"중기부, 기술사업화 패키지 2차…150개사 최대 1.5억 지원",2026-04-27,"중기부, 기술사업화 패키지 2차…150개사 최대 1.5억 지원 뉴스1","중기부, 기술사업화 패키지 2차…150개사 최대 1.5억 지원 뉴스1",https://news.google.com/rss/articles/CBMiXEFVX3lxTE1WQ3JVSTQ4NWtsOE5nUUl2cGVSOUsyVy04Nmg4V3lybHRkcHRJYlRMbEtYR3ltV2xqQ2h1UjRNT3g3RTVvZ1hEbjE0MUFrdkw5RDRRbnBaS0pVTXVG0gFiQVVfeXFMT3o2alFSbGtKbXF5LXpGYXRCSjhUVnpnQzduVkdTcDg5MnMwUVNYWno0azVyQmY3cDhJWTZaR3R3VnJSLXpYbmRLYWx6aFVzVzZjWTQ3Q24xUURWbzM0WUdXWnc?oc=5,뉴스1,,사업화 자금,2026-09-19T15:38:10.090473+09:00,False,False,live
ART-01069,policy,"출연연 기술창업 '성과'…NST 기획창업 플랫폼, 상반기 사업화 자금 33억원 확보",2026-07-28,"출연연 기술창업 '성과'…NST 기획창업 플랫폼, 상반기 사업화 자금 33억원 확보 아시아경제","출연연 기술창업 '성과'…NST 기획창업 플랫폼, 상반기 사업화 자금 33억원 확보 아시아경제",https://news.google.com/rss/articles/CBMiYEFVX3lxTE9GN0JQaUdJU1ppcUtrQk1lYXBOLVJzaWlLZ2tad0lDa29ucHJlb2tVN2ZLcEdIUW45eGhDMEh4ZGJiRERYQ2NlaUZSRGNZVHU4WU1ZV0sxbWRscDM5M3BoRg?oc=5,아시아경제,,사업화 자금,2026-09-19T15:38:10.090473+09:00,False,False,live
ART-01070,policy,"강원혁신센터, 예비창업 지원사업 우수기업 8개 사 추가 사업화 지원",2026-07-28,"강원혁신센터, 예비창업 지원사업 우수기업 8개 사 추가 사업화 지원 전자신문","강원혁신센터, 예비창업 지원사업 우수기업 8개 사 추가 사업화 지원 전자신문",https://news.google.com/rss/articles/CBMiTkFVX3lxTE41MGotNGsxOERvVHZWdWl2eWUtb0RSYTdRWGQ2S1dNaWt2OGw4dkduRjA0ZGV1ZVV3VmppRXFFSy14MWpycC1yU1V0ZGYydw?oc=5,전자신문,,사업화 자금,2026-09-19T15:38:10.090473+09:00,False,False,live
ART-01071,policy,대학 기술 활용 사업화 지원 과제 · 법인 정책자금,2026-09-04,대학 기술 활용 사업화 지원 과제 · 법인 정책자금 브런치,대학 기술 활용 사업화 지원 과제 · 법인 정책자금 브런치,https://news.google.com/rss/articles/CBMiUkFVX3lxTE8zSDNEblhnanVXR3B5Q19lb1VSWE9sWl9VcC1kRkRXYzI3ZXRLc2VBekFmU3hUNzc4SkxGS2I0RkpOWmF6cEx2YkRzUXNSeFdvSUE?oc=5,브런치,,사업화 자금,2026-09-19T15:38:10.090473+09:00,False,False,live
ART-01072,policy,NST 출연연 기획창업 성과 잇따라… 사업화 자금 30억 원 이상 확보,2026-07-28,NST 출연연 기획창업 성과 잇따라… 사업화 자금 30억 원 이상 확보 브릿지경제,NST 출연연 기획창업 성과 잇따라… 사업화 자금 30억 원 이상 확보 브릿지경제,https://news.google.com/rss/articles/CBMiWkFVX3lxTE9iMzNTTi1uY25JWk40dmFhWWJTSGRyeWR0Y05jQk1mV0tveGk5S05sdFVYdE9XQVV3NkhyVEQtbXp2SE96WE9hckZnNzBzXy1rUUVCdmJxZ2VTUQ?oc=5,브릿지경제,,사업화 자금,2026-09-19T15:38:10.090473+09:00,False,False,live
ART-01073,policy,"충남도, 소부장 기업 ‘연구개발-사업화’ 전주기 지원한다",2026-08-27,"충남도, 소부장 기업 ‘연구개발-사업화’ 전주기 지원한다 경남도민뉴스","충남도, 소부장 기업 ‘연구개발-사업화’ 전주기 지원한다 경남도민뉴스",https://news.google.com/rss/articles/CBMiY0FVX3lxTFBoWERpVjhobkJJS3p1NXlsRVM2bDZKTktNbmdKZVlHbTVhQVB6UmtneDY1NEd1MlNUSHQ2WWN1WEZZTnFNWUlmMnUzdVRmdGdLdjJOWF9DZ2p0YlhEcE1HU0ZSUQ?oc=5,경남도민뉴스,,사업화 자금,2026-09-19T15:38:10.090473+09:00,False,False,live
ART-01074,policy,"중기부, 유망 로컬·수출 소상공인 발굴한다",2026-06-22,"중기부, 유망 로컬·수출 소상공인 발굴한다 지디넷코리아","중기부, 유망 로컬·수출 소상공인 발굴한다 지디넷코리아",https://news.google.com/rss/articles/CBMiVkFVX3lxTE5FMXg4ZlM4dG56enl0aDFNUjhMN1FscnZIUFBmX3h0RHJqN3kzVEZ3WWNoS0xGMXlfZTF3a3lYRVBac2YwbmZTODkxWGRibUFMd3pVUENn?oc=5,지디넷코리아,,사업화 자금,2026-09-19T15:38:10.090473+09:00,False,False,live
ART-01075,policy,"중기부, 오픈이노베이션 성과기업 후속 지원… 스타트업 최대 2억원 지원",2026-08-05,"중기부, 오픈이노베이션 성과기업 후속 지원… 스타트업 최대 2억원 지원 ujnews.co.kr","중기부, 오픈이노베이션 성과기업 후속 지원… 스타트업 최대 2억원 지원 ujnews.co.kr",https://news.google.com/rss/articles/CBMic0FVX3lxTE1oRGlxQV85d1lRWFpjYnU0UTJUcVgydnJZQzFxazVXZ21YWDRDR252UkFvOEZoNnAtTTNsOXBDZTJ3eVBLc0ltcW1ieTBUMk9vUWhfSWdiUkd1U0YyaGlBbVgtU3ZldTVVVEdONHpUSmJyTHc?oc=5,ujnews.co.kr,,사업화 자금,2026-09-19T15:38:10.090473+09:00,False,False,live
ART-01076,policy,"광명시, 맞춤형 창업 지원 결실…관내 스타트업 정부 공모사업 잇따라 선정",2026-07-23,"광명시, 맞춤형 창업 지원 결실…관내 스타트업 정부 공모사업 잇따라 선정 경기일보","광명시, 맞춤형 창업 지원 결실…관내 스타트업 정부 공모사업 잇따라 선정 경기일보",https://news.google.com/rss/articles/CBMiW0FVX3lxTFBwUm5hSjV5dTFXR3FkbEdtb3V3Zl9sQ2puVEhpcTZmWExLQWZSTWhQVWh3Y2dIeFpZcFNrU3ZWVEVLSXJEdmtrckhubzZCd1VYVGZaNmRKbkE4N3M?oc=5,경기일보,,사업화 자금,2026-09-19T15:38:10.090473+09:00,False,False,live
ART-01077,policy,대구 등 4대 창업도시 278개사에 최대 4억원 사업화 자금 지원,2026-06-22,대구 등 4대 창업도시 278개사에 최대 4억원 사업화 자금 지원 매일신문,대구 등 4대 창업도시 278개사에 최대 4억원 사업화 자금 지원 매일신문,https://news.google.com/rss/articles/CBMiYkFVX3lxTE9TOEhINm1YeGdmMmNsd2lQdUtfZHVVZWpoNWpnMjFkYkNpT3JNVlZta1lqdk91YXB3UTh0UmhYZlQ1MnA4VzJRX2s5UWtTWkFZMXM4bXM5U3loOUdCTFc4dFhR?oc=5,매일신문,,사업화 자금,2026-09-19T15:38:10.090473+09:00,False,False,live
ART-01078,policy,"제주도, 서귀포 창업기업 성장단계별 사업화 지원",2026-07-06,"제주도, 서귀포 창업기업 성장단계별 사업화 지원 뉴스N제주","제주도, 서귀포 창업기업 성장단계별 사업화 지원 뉴스N제주",https://news.google.com/rss/articles/CBMibEFVX3lxTE8xak1DWjJ2cTJObzhNQmc5QVl0TEg2azAtam5WUk80aDVWNHFPTEtRU3Raa281c2c2S0RSWk9QajJLRl9lWHpUS21EcEk0TGVvc3A2Y1Bma2RIMDhzc29LQXhnNVJvRnB6TWppZw?oc=5,뉴스N제주,,사업화 자금,2026-09-19T15:38:10.090473+09:00,False,False,live
ART-01079,policy,"중기부, 오픈이노베이션 참여 기업 대상 최대 2억원 후속 자금 지원",2026-08-05,"중기부, 오픈이노베이션 참여 기업 대상 최대 2억원 후속 자금 지원 지디넷코리아","중기부, 오픈이노베이션 참여 기업 대상 최대 2억원 후속 자금 지원 지디넷코리아",https://news.google.com/rss/articles/CBMiVkFVX3lxTFAyRkZnb3RldUdBVDJoN0I3bEs1NnlBcVNJNUItUzl2YkpHTjlWTmI5amR4bzYxSDNTcVJ4aEZJalg5NUtzbGdKQmlwaFRFaTFFcW4yd3ZB?oc=5,지디넷코리아,,사업화 자금,2026-09-19T15:38:10.090473+09:00,False,False,live
ART-01080,policy,"대전시, 올해 '창업도시 프로젝트' 본격 추진…4개 광역시 중 최다 74개 기업 선정 계획",2026-06-22,"대전시, 올해 '창업도시 프로젝트' 본격 추진…4개 광역시 중 최다 74개 기업 선정 계획 ccgnews.kr","대전시, 올해 '창업도시 프로젝트' 본격 추진…4개 광역시 중 최다 74개 기업 선정 계획 ccgnews.kr",https://news.google.com/rss/articles/CBMiZkFVX3lxTE1jMWZIVXhvbXNXaUJoOWd6VU5feXFEZ0pYaFdkX1RCeW5CNUdCRERqWWhHN2VWQlhNMUx5RWFoMEVVd2dyYjVsc2Y3dUwyenE2QV9TT0kzd0h1elRNclFhbHAteGtyUQ?oc=5,ccgnews.kr,,사업화 자금,2026-09-19T15:38:10.090473+09:00,False,False,live
ART-01081,policy,"문체부, ‘2026 오늘전통 창업기업 지원사업’ 공모...사업화 자금과 맞춤형 보육 지원",2026-03-19,"문체부, ‘2026 오늘전통 창업기업 지원사업’ 공모...사업화 자금과 맞춤형 보육 지원 지디넷코리아","문체부, ‘2026 오늘전통 창업기업 지원사업’ 공모...사업화 자금과 맞춤형 보육 지원 지디넷코리아",https://news.google.com/rss/articles/CBMiVkFVX3lxTE9qWXh2VWxIbzBEQzFXaFI0ckpMMVl4MEZ0STkxWGJSOGtRX2l3Rmp6WUxhQjVjSF9BNkRXZ3hRSDduUlBQVkhteUFOdjZZbUhMekExSEV3?oc=5,지디넷코리아,,사업화 자금,2026-09-19T15:38:10.090473+09:00,False,False,live
ART-01082,policy,"경북, ‘소프트웨어 스타트업’ 육성···10개팀에 사업화자금 지원",2026-03-22,"경북, ‘소프트웨어 스타트업’ 육성···10개팀에 사업화자금 지원 경향신문","경북, ‘소프트웨어 스타트업’ 육성···10개팀에 사업화자금 지원 경향신문",https://news.google.com/rss/articles/CBMiWkFVX3lxTFBNc2RyM2VWX2ZBQ3JmQjFUSTFvdEtuRUNrM2ZkR29wbEF0MjU1R2RIY3ctNmRHdFdMaFFlcTRUQnZoNzZpbWVVQWdqdGN2RUNHenFSSVZYS3VzZ9IBX0FVX3lxTE5BSE1kYzZtRU5HdS1tTFBYcVhFYzVmYkNjWXhWODZXY2YtQ1lrRExxdU00cEdQS21rckVYSmlNcDlCYV9CLXFBbHU1XzVEb3BsRzJaeGd4Um9qRlRycVJv?oc=5,경향신문,,사업화 자금,2026-09-19T15:38:10.090473+09:00,False,False,live
ART-01083,policy,"중기부, 2026년 글로벌 스타트업 창업사업화 지원사업 참여기업 모집",2026-03-18,"중기부, 2026년 글로벌 스타트업 창업사업화 지원사업 참여기업 모집 환경일보","중기부, 2026년 글로벌 스타트업 창업사업화 지원사업 참여기업 모집 환경일보",https://news.google.com/rss/articles/CBMiaEFVX3lxTE1oZXIxSkpyU3RGcFVNdVR6NnBGSTg1VHF3TkRfQ1JsNy0ybHZNb1lFak8wdUY1TDhQdEdVYnNEMFkzTmxSUFlYZldTVnJ6MXZObEIzOENPd1NrNkFmQ0thdm9LdjM5WjNM?oc=5,환경일보,,사업화 자금,2026-09-19T15:38:10.090473+09:00,False,False,live
ART-01084,policy,"장애인기업종합지원센터, 장애인 창업 사업화 지원 참여자 모집… 최대 2천만 원 지원",2026-08-04,"장애인기업종합지원센터, 장애인 창업 사업화 지원 참여자 모집… 최대 2천만 원 지원 월드장애인사랑뉴스","장애인기업종합지원센터, 장애인 창업 사업화 지원 참여자 모집… 최대 2천만 원 지원 월드장애인사랑뉴스",https://news.google.com/rss/articles/CBMib0FVX3lxTFA5akwyYkdpVDEwbldLTTVKRVR4eG1PR0pnM0dkYUJ1OXVQVWZBOGotc2NSQ1gwRDVOVWc4eE9UMDREaWlYMlpOYkNEOFkyMm11cHpNdWFIVjA0OXRDTC1DNkR5cUV3MU9VRmkzQkdWVQ?oc=5,월드장애인사랑뉴스,,사업화 자금,2026-09-19T15:38:10.090473+09:00,False,False,live
ART-01085,policy,"대구시, AI 서비스 개발 지원사업 참여자 모집…""사업화 지원""",2026-06-12,"대구시, AI 서비스 개발 지원사업 참여자 모집…""사업화 지원"" 연합뉴스","대구시, AI 서비스 개발 지원사업 참여자 모집…""사업화 지원"" 연합뉴스",https://news.google.com/rss/articles/CBMiW0FVX3lxTE5BX2VXdW53T2ZlZFhDckZOUzdEbE1WdHczOUs3X1FxTkFlcm1PLVF1c1lRcDBlZ3VmT2c0b2F0TE5JMTJnNFhzb1NCc2F3aGFaMjlLQVQ5NFdFeTDSAWBBVV95cUxQR2xTZjhwZkp6N3JjMEMwOWNBRHo2VFhxdmdwOXV2OGJ0eUc2VFZYMjdjdy1JakwyUUNxSXgxLUhMdmpGZEtSbTc0Y2todWw3YWRoV25VQTFtbGNKMTNsZW0?oc=5,연합뉴스,,사업화 자금,2026-09-19T15:38:10.090473+09:00,False,False,live
ART-01086,policy,"중기부, 내달 성장·투자지원사업 참여 소상공인 모집",2026-03-26,"중기부, 내달 성장·투자지원사업 참여 소상공인 모집 연합뉴스","중기부, 내달 성장·투자지원사업 참여 소상공인 모집 연합뉴스",https://news.google.com/rss/articles/CBMiW0FVX3lxTE5BOWxrS0l2aklLeWYyQnFBY3h3b0Y0d3JtOFMzeGwzbTl1TDBWc1VhYjNkSXJadkl3ZkNKRTZqc1pJejlPdTd2anc4NTVDZ0FjZ1NkTk53cllkMXPSAWBBVV95cUxONXVKTmdBcHBPNDVpN1ZYTW8zb2hvZTYzWVo0SjhfTUxlTVFicHR4bThXZ0lvSkY3dWsxRlBEeG8yaC1Qa081WHpnNWdCUy1YRzBjMzczMGZYQ2pLLVVieW0?oc=5,연합뉴스,,사업화 자금,2026-09-19T15:38:10.090473+09:00,False,False,live
ART-01087,policy,유망 소상공인 육성 최대 1억원…투자연계 사업화 자금 최대 2억원 지원 - 머니투데이,2026-03-26,유망 소상공인 육성 최대 1억원…투자연계 사업화 자금 최대 2억원 지원 - 머니투데이 mt.co.kr,유망 소상공인 육성 최대 1억원…투자연계 사업화 자금 최대 2억원 지원 - 머니투데이 mt.co.kr,https://news.google.com/rss/articles/CBMia0FVX3lxTE9mNjRIWUI0T2hqaElYdlBwY2ZZc2xNT29vRElZTS0zZEpHd19Lc2ZqZERlSWxTZmVIT3hNcHNtb01UU21ic0VZdzRQUk5ORjNDTGF6VExfQ1F0LW40bmZqT0JUSlN3TTAwVElN0gFwQVVfeXFMUGpLUm9kNzFiUEp2NzUzRG1VZ24zdW83bnNHOEp4M2JWMEhGUHB6aDZkeVpYUlJiQW1EWUZ6WlZFQ0ZlcjROQ3I1b1ozbzlUV0x1dzFfeUV6LVF1QlhvYWlLTFZ6UGpuTHR3QTFKRWRmdw?oc=5,mt.co.kr,,사업화 자금,2026-09-19T15:38:10.090473+09:00,False,False,live
ART-01088,policy,"콘진원, 내달 8일까지 '콘텐츠 스타트업 지원사업' 공고...사업화 자금·성장 프로그램 지원",2026-03-24,"콘진원, 내달 8일까지 '콘텐츠 스타트업 지원사업' 공고...사업화 자금·성장 프로그램 지원 글로벌이코노믹","콘진원, 내달 8일까지 '콘텐츠 스타트업 지원사업' 공고...사업화 자금·성장 프로그램 지원 글로벌이코노믹",https://news.google.com/rss/articles/CBMiigFBVV95cUxOZC1oQnJnNzFyazh1WVFWRkh2eTRQUlJjY1pPVUcteWdtaFl0LVBORG51ODZKaEdXRy1sZDRUZmUtUDZZN01VOXpfek9IYUNoQ2VmN1JZQWZTT3RYbTlFV3lweXdZbjFGZWMzRFIyZ09iNGozb2htejhwNXJkZ2h5cUx0ZnNUVTdlUVE?oc=5,글로벌이코노믹,,사업화 자금,2026-09-19T15:38:10.090473+09:00,False,False,live
ART-01089,policy,"신세계아이앤씨, 사회적경제기업 지원사업 참가 기업 모집",2026-07-08,"신세계아이앤씨, 사회적경제기업 지원사업 참가 기업 모집 헬로티","신세계아이앤씨, 사회적경제기업 지원사업 참가 기업 모집 헬로티",https://news.google.com/rss/articles/CBMiYkFVX3lxTFBSZURDZmhqeHR6LTE3MDJlNUpUbjVieDFtaVhtc3lCUlp3TzhRVzR3amdSaXVZS1RLZGpIUlpRRnhjZldITkxZU2Y4UEI5TFlSTVh2SjcyTFRfOWVleXp4RnBB?oc=5,헬로티,,사업화 자금,2026-09-19T15:38:10.090473+09:00,False,False,live
ART-01090,policy,"경남도·남동발전, 유망 창업기업 10곳에 사업화 자금 지원",2026-08-14,"경남도·남동발전, 유망 창업기업 10곳에 사업화 자금 지원 더쎈뉴스","경남도·남동발전, 유망 창업기업 10곳에 사업화 자금 지원 더쎈뉴스",https://news.google.com/rss/articles/CBMiaEFVX3lxTFBycTAza2RHdGV4NDFWRjZsUHNpaTl0b1VMUXpveGQyMno3RURJU0NSeVpMYWJ0ZmZpT0s1cHFrQTVzUVpBZXZYY1lGRzdraUh0dUp2Z0NCME9VQ3A0Rjl0MXd6ZlRKdVpm?oc=5,더쎈뉴스,,사업화 자금,2026-09-19T15:38:10.090473+09:00,False,False,live
ART-01091,policy,AI 인재 못 구해 발 동동 스타트업…정부가 직접 연결하고 최대 2억 지원,2026-05-18,AI 인재 못 구해 발 동동 스타트업…정부가 직접 연결하고 최대 2억 지원 조달경제신문,AI 인재 못 구해 발 동동 스타트업…정부가 직접 연결하고 최대 2억 지원 조달경제신문,https://news.google.com/rss/articles/CBMibkFVX3lxTFBJQWt2VFdjUkVoTXZxdHllRzdZZDRBdVduOFFTbXdOMmJzaWpra2FZOGxPSGl3aHZEN1l4OGRYMUwxTDRnc2xpUjRwMnpCRHpfdFY2QjgyT241dG5hQjFXN2ZZQmFrUGE2cXB4bU93?oc=5,조달경제신문,,사업화 자금,2026-09-19T15:38:10.090473+09:00,False,False,live
ART-01092,policy,NST 기획창업 전환해보니…상반기만 26건,2026-07-28,NST 기획창업 전환해보니…상반기만 26건 지디넷코리아,NST 기획창업 전환해보니…상반기만 26건 지디넷코리아,https://news.google.com/rss/articles/CBMiVkFVX3lxTE90N2JJeWhLMk5jQnVQMmoxeWg3a05mUExjWWdHRUdHNElWWkRsbVNhSloyRjY2SDVJVDRLZ3NzaHpKSVhmT1UwN3Y5RGNHUUY3bHpydmxn?oc=5,지디넷코리아,,사업화 자금,2026-09-19T15:38:10.090473+09:00,False,False,live
ART-01093,policy,테마보다 구조가 먼저 궁금한 분을 위한 바탕가스 카지노 호텔,2026-09-12,테마보다 구조가 먼저 궁금한 분을 위한 바탕가스 카지노 호텔 Calgary Roughnecks,테마보다 구조가 먼저 궁금한 분을 위한 바탕가스 카지노 호텔 Calgary Roughnecks,https://news.google.com/rss/articles/CBMingJBVV95cUxNSlV4aWg1ZE1zek80c3NwRy1MdV9vNXRhOFhZQ3VvMEdZN2VVVnNSeXJJU0hZSDFVbjV4aERrR0w0Q2szNlM3QW1EVnVvZXJ4YXZqNFJwOFNkNS1HSHJ3aXVuZklzVjF0ZG13SFd6Qnl2WWdYMmJKNmJNZTZMOE1mV240Y3hkeDlZVGd3bDFqb1NTZWxLLUtSTWplbGZ5OFoxdlFiMm16VEQ0aUJiTEEyaEotcnRUZE1XNHQzODV1b2dZS0pwakdtaWEwSHlWZTZ2OGg4LS1Fd19hSjhhY0tEcmctNFQ0UXJJX3dDUzFsNkZYRTN2RzNCRkJEYmhnWk9MMzg1OWlHSWlaejNKTEFraVZEWEZVazdaa09ZME1B?oc=5,Calgary Roughnecks,,사업화 자금,2026-09-19T15:38:10.090473+09:00,False,False,live
ART-01094,policy,"서부발전, 창업·벤처 30곳에 AI 사업화 자금·실증 지원",2026-07-27,"서부발전, 창업·벤처 30곳에 AI 사업화 자금·실증 지원 일간투데이","서부발전, 창업·벤처 30곳에 AI 사업화 자금·실증 지원 일간투데이",https://news.google.com/rss/articles/CBMia0FVX3lxTE1EcG9nbnNfVTRtNVY2WVc1Wks4WTFlYVkwQno4VjdoVzJjMkNzcGc4cmd2S2lRR09aZGZQTW9US2dhUnhXb2JoQTU4R1Q1TGU1RGNLWE9VTTh1a0Q5V3c5NDRNc0R1UGsxNVBB?oc=5,일간투데이,,사업화 자금,2026-09-19T15:38:10.090473+09:00,False,False,live
ART-01095,policy,"최대 2억원 사업화 자금…중기부, AI인재 실증형 창업패키지 시범사업",2026-05-19,"최대 2억원 사업화 자금…중기부, AI인재 실증형 창업패키지 시범사업 IT비즈뉴스","최대 2억원 사업화 자금…중기부, AI인재 실증형 창업패키지 시범사업 IT비즈뉴스",https://news.google.com/rss/articles/CBMibEFVX3lxTE1DVHBtLVFIdzY1V3luaGs0X3NOX1F2YjBsM20wY3FpbkdzcGZUNEpiblV6NlFIRFlNSnJwWUdtRlJGSnMtLVZ2bnliWWswZkJ2bUplNFZiMWZDWm9aRFdybzRTbGZFTTVLbFVQZg?oc=5,IT비즈뉴스,,사업화 자금,2026-09-19T15:38:10.090473+09:00,False,False,live
ART-01096,policy,"대구TP, ‘혁신 소상공인 AI 활용지원 사업’ 참여자 모집…사업화 자금 최대 4천만원 지원",2026-06-18,"대구TP, ‘혁신 소상공인 AI 활용지원 사업’ 참여자 모집…사업화 자금 최대 4천만원 지원 브레이크뉴스","대구TP, ‘혁신 소상공인 AI 활용지원 사업’ 참여자 모집…사업화 자금 최대 4천만원 지원 브레이크뉴스",https://news.google.com/rss/articles/CBMiSEFVX3lxTE91TnRGeFJWdVd4OWJKTmxxRW9uZk8wQ3NudjVPWXFnUmF1YkJZWHA1OFRJTmxpMXp3Zm5wcWxOOUpLOWNodnplWg?oc=5,브레이크뉴스,,사업화 자금,2026-09-19T15:38:10.090473+09:00,False,False,live
ART-01097,policy,"대전시, '2026 창업도시 프로젝트' 참여기업 모집…최대 4억 지원",2026-06-22,"대전시, '2026 창업도시 프로젝트' 참여기업 모집…최대 4억 지원 전자신문","대전시, '2026 창업도시 프로젝트' 참여기업 모집…최대 4억 지원 전자신문",https://news.google.com/rss/articles/CBMiTkFVX3lxTE1IMjZvcTNZZlE0a2h6Y1BxTmhYZDVTNURCRkFjU2xxS3Z3Z2pDVklFOXFXVEllTWpQRm9odklUTUFZenR5aW1LekMwMDVEUQ?oc=5,전자신문,,사업화 자금,2026-09-19T15:38:10.090473+09:00,False,False,live
ART-01098,policy,기술인재 중심 4대 창업도시 키운다…사업화 자금 최대 4억원 지원,2026-06-22,기술인재 중심 4대 창업도시 키운다…사업화 자금 최대 4억원 지원 IT비즈뉴스,기술인재 중심 4대 창업도시 키운다…사업화 자금 최대 4억원 지원 IT비즈뉴스,https://news.google.com/rss/articles/CBMibEFVX3lxTE54OWpBNmxVMHVOSUV0cmgyU3RTMVlkMWdYZWhYeEhnSmp6azlLbU1ZZzVlU3RZY0tVclNVTFE5Z2c5R3Z1S1gyb25yZVU0SENTWU05RVB0cHRMaTdiVWVLOVlqS1NST3RsZnhlUg?oc=5,IT비즈뉴스,,사업화 자금,2026-09-19T15:38:10.090473+09:00,False,False,live
ART-01099,policy,"클로토, ‘GovTech 창업기업 AI 실증·사업화 지원사업’ 최종 선정",2026-06-12,"클로토, ‘GovTech 창업기업 AI 실증·사업화 지원사업’ 최종 선정 벤처타임즈","클로토, ‘GovTech 창업기업 AI 실증·사업화 지원사업’ 최종 선정 벤처타임즈",https://news.google.com/rss/articles/CBMiZkFVX3lxTE5Sc0RQVDRwT29YVTdhUkhFb2FSZTNMM19kUjVXRHlrX21wcldjZzRMeGUxU1AzdWMxdHFKN1ZlZkp3XzFDb2VoVDlQRlhjd2Z6X2J1VFBocEhkWUVWLVJJSlBOUEtxZw?oc=5,벤처타임즈,,사업화 자금,2026-09-19T15:38:10.090473+09:00,False,False,live
ART-01100,policy,"대전시, 창업도시 프로젝트 참여기업 74개사 모집",2026-06-22,"대전시, 창업도시 프로젝트 참여기업 74개사 모집 백제뉴스","대전시, 창업도시 프로젝트 참여기업 74개사 모집 백제뉴스",https://news.google.com/rss/articles/CBMibEFVX3lxTE5xZFhyS0ZCV21FaFBsSVJpWGJyYWZGSTNmeXlETUVZOVFmdC11SGVFQ2tEQUFkYW9IZFZUcnd0am1JMzZnSlhsV0UwMVRaa1k3YlpXak5GZ1hvckRBU1VPa0pJYnkzUEJrcEowZQ?oc=5,백제뉴스,,사업화 자금,2026-09-19T15:38:10.090473+09:00,False,False,live
ART-01101,policy,"청년 창업 지원금, 어디까지 가능한가… 아이디어 하나로도 시작할 수 있는 시대",2026-06-27,"청년 창업 지원금, 어디까지 가능한가… 아이디어 하나로도 시작할 수 있는 시대 한국AI부동산신문","청년 창업 지원금, 어디까지 가능한가… 아이디어 하나로도 시작할 수 있는 시대 한국AI부동산신문",https://news.google.com/rss/articles/CBMiTEFVX3lxTFBWN2U2YmRlQ3RqT1Q2Tk5KQVMtNHVLRlI3SmZIckV5ZjhvcW1tNF84b1Nsblc5S1FyTGFnSGtQUGRyc196N1V2OEt3NTI?oc=5,한국AI부동산신문,,사업화 자금,2026-09-19T15:38:10.090473+09:00,False,False,live
ART-01102,policy,"창업-NET, 2026년 제3차 장애인 창업사업화 지원사업 모집 공고…8월 24일 마감",2026-08-12,"창업-NET, 2026년 제3차 장애인 창업사업화 지원사업 모집 공고…8월 24일 마감 얼리어답터뉴스","창업-NET, 2026년 제3차 장애인 창업사업화 지원사업 모집 공고…8월 24일 마감 얼리어답터뉴스",https://news.google.com/rss/articles/CBMiSEFVX3lxTE1GU2U5Q29nZHB6S0FpVHBzbzNZd0FlaW82eER6ZXlfd3RrY0c4dXNlMTdLb1dPMm52RHlGek90VXFyb3hzT05VSA?oc=5,얼리어답터뉴스,,사업화 자금,2026-09-19T15:38:10.090473+09:00,False,False,live
ART-01103,policy,"충남도, 소부장 기업 ‘연구개발-사업화’ 전주기 지원한다",2026-08-27,"충남도, 소부장 기업 ‘연구개발-사업화’ 전주기 지원한다 아산포커스","충남도, 소부장 기업 ‘연구개발-사업화’ 전주기 지원한다 아산포커스",https://news.google.com/rss/articles/CBMibkFVX3lxTE1iYmprWExreWdhdzc2N3BkaEhRZTQyckpvcUxTcU95aUJUVjFkenFUWDFWWEF2c09uQ1dwV0ppdXlvbm1qNlpoTEVpNVNBTTlHT0lwWXJoU0JjcmFSSV9XZFYzdVJvS0ZHUVZTUmhR?oc=5,아산포커스,,사업화 자금,2026-09-19T15:38:10.090473+09:00,False,False,live
ART-01104,policy,"전남정보문화산업진흥원, 문화콘텐츠 창업보육센터 지원사업 참여기업 모집",2026-05-12,"전남정보문화산업진흥원, 문화콘텐츠 창업보육센터 지원사업 참여기업 모집 대로미디어","전남정보문화산업진흥원, 문화콘텐츠 창업보육센터 지원사업 참여기업 모집 대로미디어",https://news.google.com/rss/articles/CBMia0FVX3lxTE5UTjNpOV9DSWlzLWh6Tnhoa1RjVS1iV1NIWnpPUkJVRkMzQkNWUTloYXpKaDVHUHN3S05iYnJ4RHptUlZBSVZmbTVweUV6RzgzaHM5NzNDc2lPcXJzeExiSDNGbjZ4OUJBYTFj?oc=5,대로미디어,,사업화 자금,2026-09-19T15:38:10.090473+09:00,False,False,live
ART-01105,policy,"홍릉강소특구, ‘홍릉 벤처스튜디오’ 발대식 개최… 공공기술 기반 기획형 창업 추진",2026-06-01,"홍릉강소특구, ‘홍릉 벤처스튜디오’ 발대식 개최… 공공기술 기반 기획형 창업 추진 플래텀(Platum)","홍릉강소특구, ‘홍릉 벤처스튜디오’ 발대식 개최… 공공기술 기반 기획형 창업 추진 플래텀(Platum)",https://news.google.com/rss/articles/CBMiSEFVX3lxTE56bmZ1UlRiejFaU05zNXJRZEs2M0JUVE1XUkZuUjllaHV2ZnNSTEJaQUFfRWRsS2E2NHNwSEZtWU5YclRPeEc1Xw?oc=5,플래텀(Platum),,사업화 자금,2026-09-19T15:38:10.090473+09:00,False,False,live
ART-01106,policy,"청년친화도시 순천시, ‘청년창업 성장지원사업’ 참여자 모집",2026-04-30,"청년친화도시 순천시, ‘청년창업 성장지원사업’ 참여자 모집 agoranews.kr","청년친화도시 순천시, ‘청년창업 성장지원사업’ 참여자 모집 agoranews.kr",https://news.google.com/rss/articles/CBMiakFVX3lxTFBYYy1sbU9mLXkxVW9vZGZoNjVBWmxkNjhPUmVSTDRVV0hTOHJLbm5ybXpkOTJkTWJKMXhDU3VWSFl4empYMjRrQTdwU1E4bjJCVWVmOFF4VWlBTFhpV3BYRVNER1JqdGlaRmfSAW5BVV95cUxNTGtuQ256X18yX2lpSFpHc0J4Znc4ZnVjR1lIczdjc3EzNy1jMHh2bWpRdU9YVkFyYkRoWEtQczNieUJpbVhqdS0yNlZFVk5oXy03aVVqZGxpZGtXZFpVdTFjenBrdkRlUS0tMGdSUQ?oc=5,agoranews.kr,,사업화 자금,2026-09-19T15:38:10.090473+09:00,False,False,live
ART-01107,policy,"충남도, 소부장 기업 ‘연구개발-사업화’ 전주기 지원한다",2026-08-27,"충남도, 소부장 기업 ‘연구개발-사업화’ 전주기 지원한다 mediatoday.asia","충남도, 소부장 기업 ‘연구개발-사업화’ 전주기 지원한다 mediatoday.asia",https://news.google.com/rss/articles/CBMiSkFVX3lxTE81X1pWaTRjdC1uX2wzaXdsUVlLQnVjY2hNWGplWk41Q25ZeEFuaFZtbjFsd0ZGYngwSW1yczFVVldjUll1MlZnd3JB?oc=5,mediatoday.asia,,사업화 자금,2026-09-19T15:38:10.090473+09:00,False,False,live
ART-01108,policy,"제론메드, 중기부 '기술사업화 패키지 지원사업' 선정…R2P2® 진단 플랫폼 사업화 본격화",2026-07-18,"제론메드, 중기부 '기술사업화 패키지 지원사업' 선정…R2P2® 진단 플랫폼 사업화 본격화 스타트업엔(StartupN)","제론메드, 중기부 '기술사업화 패키지 지원사업' 선정…R2P2® 진단 플랫폼 사업화 본격화 스타트업엔(StartupN)",https://news.google.com/rss/articles/CBMiaEFVX3lxTE55aWZDbkJCTU1IQmtlSTdKMzYybVFEa1prbnM4MVBFN0h2SS1oak82dlE5cjAzZTlENlo2Nm5aWWZNODU2dTc1WE94dTZlckJDcE5CZ2pLQmVtSFlhZVhKeGdIN3hUdHN10gFsQVVfeXFMTktfdVFCQ0ZMTk9kbk1DQk5oNnRkVWVQQnNqRnhyUEE0OGYzbUI3YmcyUlVWakh3SVVIMnROVm1VQ3VwSXhUNENYZG5yYkJ3RGZPbVEtV3BWdkFycjhlY0o3Si1FY0hBSjZnNFNQ?oc=5,스타트업엔(StartupN),,사업화 자금,2026-09-19T15:38:10.090473+09:00,False,False,live
ART-01109,policy,"한양대, ‘2026년 창업중심대학’ 창업기업 모집… 사업화자금 최대 1.5억 원 지원",2026-03-16,"한양대, ‘2026년 창업중심대학’ 창업기업 모집… 사업화자금 최대 1.5억 원 지원 뉴스H","한양대, ‘2026년 창업중심대학’ 창업기업 모집… 사업화자금 최대 1.5억 원 지원 뉴스H",https://news.google.com/rss/articles/CBMia0FVX3lxTE5tRmtDeDI0NG9yckZlVVVpMGJSenNNRFM5Y29jaTFUckFqRjFPZTQ1RVJtRWlRcXFqM3M3eUNkY1ZZVWUzcWQtUXdCOGdGY01vWjZGYWlfcnBLSV9hTkFNVHNpMDR1cGR1MThN?oc=5,뉴스H,,사업화 자금,2026-09-19T15:38:10.090473+09:00,False,False,live
ART-01110,policy,"대전창조경제혁신센터, 창업도시 프로젝트 참여기업 74개사 모집 - 보도자료 | 기사",2026-06-23,"대전창조경제혁신센터, 창업도시 프로젝트 참여기업 74개사 모집 - 보도자료 | 기사 더팩트","대전창조경제혁신센터, 창업도시 프로젝트 참여기업 74개사 모집 - 보도자료 | 기사 더팩트",https://news.google.com/rss/articles/CBMiX0FVX3lxTE1qeFRhZ0R3ZkFtaWt0bks2S3dDVHU4QjRLbXBKalFyRS1mQ2ZBSEVVbmF5Y19uMGxyQWtuM1l5Wk9Hb2pyQjgxeE9lYTA2UjFPX1hOYVpSRy1SNkJiaDU4?oc=5,더팩트,,사업화 자금,2026-09-19T15:38:10.090473+09:00,False,False,live
ART-01111,policy,"대전시, 창업도시 프로젝트 참여기업 74개사 모집",2026-06-22,"대전시, 창업도시 프로젝트 참여기업 74개사 모집 뉴시스","대전시, 창업도시 프로젝트 참여기업 74개사 모집 뉴시스",https://news.google.com/rss/articles/CBMiYEFVX3lxTFB5ZUJrLXE3OTdmT1VkVFJhNUR3a29acTlMY1h0b0pFNkx1eVNCdkJoOGtNSGNMdHR5YS16b2huZ25uYURNSmhFUmxGeXVTN0dTRHA2NU9oSnlaSy13TkJEX9IBeEFVX3lxTE91b2R3UHFaaDlJdTdjMWVIRnRDVE5rY25WVmxjUUtBN1NqeFJuaWcycU8yU01EbXFXQ1g1bFB5Z1VGc2VyNTlYWTBVOW44bzJYYS1EQVc4bFFfY3RKRkxUakl6U1QzRlNoTzZSZDV6TUpvVXpaUHdPYQ?oc=5,뉴시스,,사업화 자금,2026-09-19T15:38:10.090473+09:00,False,False,live
ART-01112,policy,"장애인 창업사업화 지원 공고 — 2026년 제3차 모집, 자금·멘토링·네트워킹 종합 패키지 제공",2026-08-12,"장애인 창업사업화 지원 공고 — 2026년 제3차 모집, 자금·멘토링·네트워킹 종합 패키지 제공 얼리어답터뉴스","장애인 창업사업화 지원 공고 — 2026년 제3차 모집, 자금·멘토링·네트워킹 종합 패키지 제공 얼리어답터뉴스",https://news.google.com/rss/articles/CBMiQ0FVX3lxTFA3ajBGZ3E2SWg5bTVpX3N3ZW1xTTBTYVVrT2JhdjNYbEFUSVdoQjFhcXFCQlFORl82bUpUYkNzaTVYRjA?oc=5,얼리어답터뉴스,,사업화 자금,2026-09-19T15:38:10.090473+09:00,False,False,live
ART-01113,policy,제주 로컬자원 사업화 가능성 확인 ‘주목’,2026-05-07,제주 로컬자원 사업화 가능성 확인 ‘주목’ 제주매일,제주 로컬자원 사업화 가능성 확인 ‘주목’ 제주매일,https://news.google.com/rss/articles/CBMibEFVX3lxTE9td2FjdlI0N2lLY3NxS1Q2M255aWZPQUZmRjliYS12c3Y5aXZFZmJUX1JVaU1CVElqZ0JmMkRmbFJ1NDFEX1RoNExsUW9NR3RzR0lOUGVnSnBzR2lkVDFKTzFqbEI4V1hkd2ZjUQ?oc=5,제주매일,,사업화 자금,2026-09-19T15:38:10.090473+09:00,False,False,live
ART-01114,policy,[평택소식] 청년 우수 초기 창업기업 지원사업 참여자 모집,2026-03-19,[평택소식] 청년 우수 초기 창업기업 지원사업 참여자 모집 연합뉴스,[평택소식] 청년 우수 초기 창업기업 지원사업 참여자 모집 연합뉴스,https://news.google.com/rss/articles/CBMiW0FVX3lxTE1iblhjdWRWcVFrTldzRThMeFN5NE1kMERzZEcxajN5SWE3Uk4wcXhzSDBiS1NNRVBhbHhvZmJrcERCZ3hXMFozOXJYSGNvSmdxMWEtZ2dlRldzQ3fSAWBBVV95cUxNUFRTZTNSUmhyTUVPdmFQZU8zUHVkNjE5UHczTWtsbEQyZUdOTE9iQ3pDQUYyVGU1emR6cFZPWEtxdUJ5R1pNdGhHcjdsWUVBRWZyOG1mOVpiR1FiOEp2OTQ?oc=5,연합뉴스,,사업화 자금,2026-09-19T15:38:10.090473+09:00,False,False,live
ART-01115,policy,예술기업에 사업화 자금 4000만원…현대차·한화호텔 등과 1대1 협업,2026-08-12,예술기업에 사업화 자금 4000만원…현대차·한화호텔 등과 1대1 협업 peoplegate.co.kr,예술기업에 사업화 자금 4000만원…현대차·한화호텔 등과 1대1 협업 peoplegate.co.kr,https://news.google.com/rss/articles/CBMikgFBVV95cUxPeUtOcm0tZnp6QktBbEJWT255Y3ZBTjBhQjdCbElUUHpfMGtiSFd5VDRCVGJiUHZtV0J0VHlhNUhPc1hHZHR0bm5waDJXNmdoZ1VlYnQ2SkNCUVhLREkySndDQzJkcG5TY1VIOHM5eWxrOHo5czdkVnU2UzFONUpQa3V4U2JwSF9ScnZXQjhjclhCZw?oc=5,peoplegate.co.kr,,사업화 자금,2026-09-19T15:38:10.090473+09:00,False,False,live
ART-01116,policy,"광명시, 미래기술 창업팀 20곳 선정…사업화 자금 최대 2500만원 지원",2026-05-08,"광명시, 미래기술 창업팀 20곳 선정…사업화 자금 최대 2500만원 지원 G밸리타임스","광명시, 미래기술 창업팀 20곳 선정…사업화 자금 최대 2500만원 지원 G밸리타임스",https://news.google.com/rss/articles/CBMibkFVX3lxTFB5MUpPZENoUVBBTTJKVGZhUWZkaDJpLV9HN1dBZ1V6SEhGRlpDX1lGdlNkVGI4OTBTbFVDem1tYzZYOXdhaFRKbVNpU1FKSTRxQXpoRk4tNXNOWGpsZFAzMVhGVHFjS0ZBY0ZlWUVn?oc=5,G밸리타임스,,사업화 자금,2026-09-19T15:38:10.090473+09:00,False,False,live
ART-01117,policy,"KISA, 현장 수요 기반 블록체인 기업에 개발자금 지원",2026-05-21,"KISA, 현장 수요 기반 블록체인 기업에 개발자금 지원 데일리시큐","KISA, 현장 수요 기반 블록체인 기업에 개발자금 지원 데일리시큐",https://news.google.com/rss/articles/CBMibEFVX3lxTE1OM01oNUR0M1hfUXJ0U2dpdThsQ0VMUDlqbUtiLXY3OU9Va0lVMm1yZkY4VTItRVZpRjgwNkpwN3IxQWxnc09hOExYMFBVajRwZGtnTnlQLWN3WEd2UklGSHUzWTZTa2ItUVFJbA?oc=5,데일리시큐,,사업화 자금,2026-09-19T15:38:10.090473+09:00,False,False,live
ART-01118,policy,"전북콘텐츠코리아랩, 문화콘텐츠 예비·초기 창업자 사업화 지원 참여자 모집",2026-03-16,"전북콘텐츠코리아랩, 문화콘텐츠 예비·초기 창업자 사업화 지원 참여자 모집 전자신문","전북콘텐츠코리아랩, 문화콘텐츠 예비·초기 창업자 사업화 지원 참여자 모집 전자신문",https://news.google.com/rss/articles/CBMiTkFVX3lxTE50SUo4ME1Fd2xfLVM5Q2NjdkRtLXRmWldVYlFJSG4ydFpVMWxiTGo1cUNEc0FnYXVGSWRUNVp2dkdubnRjMlJFWFZ4UngxZw?oc=5,전자신문,,사업화 자금,2026-09-19T15:38:10.090473+09:00,False,False,live
ART-01119,policy,"중기부, '소상공인 생활문화 혁신지원' 공모…최대 1억원 지원",2026-05-07,"중기부, '소상공인 생활문화 혁신지원' 공모…최대 1억원 지원 연합뉴스","중기부, '소상공인 생활문화 혁신지원' 공모…최대 1억원 지원 연합뉴스",https://news.google.com/rss/articles/CBMiW0FVX3lxTE1oWHNNdmxIMThMUkZfR3N4SWZhMWZLQTUtUFhFOWdWNnBnemFlRUVSWUpLWDVJT2Z0VVF5YTJ2OFBPNG05VnJ6SUFBZVZOSGU4c1hLYVZ4RWY1TnfSAWBBVV95cUxPM04tS1B6WXZGdWgtdFhYWllUcWl1ektSRmlabEdJQVJyNklycjl0eUNoRDZTeUlDSVhYVXkydExyRlFuVnRPRTg4MTBqZTNvU3ZVeDdvMmF3MkQ4U2tORlQ?oc=5,연합뉴스,,사업화 자금,2026-09-19T15:38:10.090473+09:00,False,False,live
ART-01120,policy,"""콘텐츠 스타트업 모여라""…콘진원, 전주기 지원사업 참가사 모집",2026-03-23,"""콘텐츠 스타트업 모여라""…콘진원, 전주기 지원사업 참가사 모집 유니콘팩토리","""콘텐츠 스타트업 모여라""…콘진원, 전주기 지원사업 참가사 모집 유니콘팩토리",https://news.google.com/rss/articles/CBMibEFVX3lxTE5oaW1JMFZOMm9Jc0tGYWgwYzhmZ1plUGdhMmxTcDFyekNBTFJtWDNMWGpsR0s1MG9ZWGpBLW14Tnh0YWtGTkdKYUNaamQ1Y3J2a1RmOW5mXzJOczJUbWZaYWloaDFMelFvbFpmeQ?oc=5,유니콘팩토리,,사업화 자금,2026-09-19T15:38:10.090473+09:00,False,False,live
ART-01121,policy,"[정부, 중소·소상공인 'AI 전환' 박차… 콘텐츠부터 사업화까지 전방위 지원] 자금 지원 넘어 AI 실무 활용 집중… ""일회성 도입 벗어나 AX 자생력 키워야""",2026-07-21,"[정부, 중소·소상공인 'AI 전환' 박차… 콘텐츠부터 사업화까지 전방위 지원] 자금 지원 넘어 AI 실무 활용 집중… ""일회성 도입 벗어나 AX 자생력 키워야"" AI넷","[정부, 중소·소상공인 'AI 전환' 박차… 콘텐츠부터 사업화까지 전방위 지원] 자금 지원 넘어 AI 실무 활용 집중… ""일회성 도입 벗어나 AX 자생력 키워야"" AI넷",https://news.google.com/rss/articles/CBMiQEFVX3lxTE9BTklGaEZodnQ0VFc5YUljbXRtSFZILTcwdk1SYTdudnM2b1lIUkFlWmNZNlBCeHM5c09JenczNko?oc=5,AI넷,,사업화 자금,2026-09-19T15:38:10.090473+09:00,False,False,live
ART-01122,policy,"“자금·판로 막막한 기술창업기업에 숨통…대구, 로봇창업 지원사업 선정”",2026-04-17,"“자금·판로 막막한 기술창업기업에 숨통…대구, 로봇창업 지원사업 선정” 대구일보","“자금·판로 막막한 기술창업기업에 숨통…대구, 로봇창업 지원사업 선정” 대구일보",https://news.google.com/rss/articles/CBMiaEFVX3lxTFBkcjNOM05ta1ZKdDFlbnRwRjlWWUpySEEzSHY1OS1hclR4SFdfcFBycTN6bWJBS2xReTNNQ1FfTnJkeFVBVUhqOTJpbkFWbGFPSUhoVVJHeTRNdmhReEg4bDFuSDlRVUZi?oc=5,대구일보,,사업화 자금,2026-09-19T15:38:10.090473+09:00,False,False,live
ART-01123,policy,"“될성부른 소상공인 밀어준다”…중기부, 최대 5억원 지원",2026-03-26,"“될성부른 소상공인 밀어준다”…중기부, 최대 5억원 지원 v.daum.net","“될성부른 소상공인 밀어준다”…중기부, 최대 5억원 지원 v.daum.net",https://news.google.com/rss/articles/CBMiT0FVX3lxTE8yZV9uQTZ1NnQ3VFRFbTBrcEctWTdBV1pTVXlkU2lmMThxbDVacEhRLUZMYjhpelVLdW0wUDB6UTcyOUdtcW43bk9LQk5KUzQ?oc=5,v.daum.net,,사업화 자금,2026-09-19T15:38:10.090473+09:00,False,False,live
ART-01124,policy,"광주시, 15억 투입 예비창업가·창업기업 맞춤 지원",2026-04-05,"광주시, 15억 투입 예비창업가·창업기업 맞춤 지원 서울경제TV","광주시, 15억 투입 예비창업가·창업기업 맞춤 지원 서울경제TV",https://news.google.com/rss/articles/CBMiZEFVX3lxTE5BSXBMdWNIZmE3eUt1T3htTEEtWmhqamFvcUQ1UnU3U2Y3NmtHSE13WmtNdjVjeExiQS1CTl9OWi0tNl9XMDMtQ0xvS1hlRTF6WS15U2lUYjFqNTJMLXFCallEbmI?oc=5,서울경제TV,,사업화 자금,2026-09-19T15:38:10.090473+09:00,False,False,live
ART-01125,policy,붐 카지노 : 완벽한 비교 가이드 (2025년 최신판),2026-09-08,붐 카지노 : 완벽한 비교 가이드 (2025년 최신판) Calgary Roughnecks,붐 카지노 : 완벽한 비교 가이드 (2025년 최신판) Calgary Roughnecks,https://news.google.com/rss/articles/CBMibkFVX3lxTFB1RWk1YTFiakJqakN5LWxNMGZvelpEem8tQXFTcFVwMjNxSkNyUWt3Z2VQYk5aZTdlUWg4U25ZbFNXaWpBY01WUFNna2tqdUdZWXRLSE12QUgwSHRPaW1tVTNEdGI2aFFjc1YtdXFB?oc=5,Calgary Roughnecks,,사업화 자금,2026-09-19T15:38:10.090473+09:00,False,False,live
ART-01126,policy,"중기부, 소상공인 AI 확산 나선다…사업화 최대 4000만원 지원",2026-06-12,"중기부, 소상공인 AI 확산 나선다…사업화 최대 4000만원 지원 v.daum.net","중기부, 소상공인 AI 확산 나선다…사업화 최대 4000만원 지원 v.daum.net",https://news.google.com/rss/articles/CBMiRkFVX3lxTE5NYmJNN1I4UFg2dlpvZlVKdUthcGlYc25lWmVXc01PSFU1dVdrWmkzRXJKS1JUV0ZhQThSakZRRzNLUGRGN1E?oc=5,v.daum.net,,사업화 자금,2026-09-19T15:38:10.090473+09:00,False,False,live
ART-01127,policy,"광주시, 청년창업기업 ‘맞춤 성장’ 지원 나선다",2026-06-08,"광주시, 청년창업기업 ‘맞춤 성장’ 지원 나선다 포커스데일리","광주시, 청년창업기업 ‘맞춤 성장’ 지원 나선다 포커스데일리",https://news.google.com/rss/articles/CBMiZkFVX3lxTE9ZV1FhSGJUbmpOZElUcTVkVGNtTDN6eDdZaWVsYW9IMk5XWG1CUi1aaDlSWGNhcW1RYzBEN2JiUUFhNnB1cHpFMzZUamNMcXBYTG5wYjlKa3ZhaVUwcU5DdE53c1QzQQ?oc=5,포커스데일리,,사업화 자금,2026-09-19T15:38:10.090473+09:00,False,False,live
ART-01128,policy,"소상공인 AI 지원사업 4000만원 신청 조건, 7월 3일 전 확인해야 할 5가지",2026-06-18,"소상공인 AI 지원사업 4000만원 신청 조건, 7월 3일 전 확인해야 할 5가지 창원특례신문","소상공인 AI 지원사업 4000만원 신청 조건, 7월 3일 전 확인해야 할 5가지 창원특례신문",https://news.google.com/rss/articles/CBMiZ0FVX3lxTE51WDYwWTYwdTZqRUZKTTg3MWhHV0d2Vk1HaFFnTEV3OWwtTUpOaUtOZElUUkJ4MWk2cXhtTm5VdnFmZ0ViWmtUNEFCeUJJSm1nM1FGZ1BXV05aYzV6RmRYZjluR0ZiYUHSAWtBVV95cUxOQzI1NHRsZzVLeGRhdFVKU1NHRkVQejNtOWJVTFJvTUh5YUVUVUo4ME1NQkgtY1hELWRVcVRXMFh0MEFkeUNqXzE5YTRPN1pkNXl4NGZGRU5KTDJ5bl93S2piQVVYVE1XRThBWQ?oc=5,창원특례신문,,사업화 자금,2026-09-19T15:38:10.090473+09:00,False,False,live
ART-01129,policy,"콘진원, 2026 콘텐츠 스타트업 지원사업 공고…최대 1.8억 지원",2026-03-23,"콘진원, 2026 콘텐츠 스타트업 지원사업 공고…최대 1.8억 지원 스타트업엔(StartupN)","콘진원, 2026 콘텐츠 스타트업 지원사업 공고…최대 1.8억 지원 스타트업엔(StartupN)",https://news.google.com/rss/articles/CBMiaEFVX3lxTFBjbVF5cXFSaGs0a2Rab1I3U2dhOTVMQ0FoV0hReHFveTAzOFdFdlRCMWpfR1NVNUZ3b0hodklPc3VtU1JPZ2Mzb2llVGtnQlUtcjlIMTlFUjVpUGNVUi1OTTR3NUJhU3BJ0gFsQVVfeXFMT3RRYWtPek1OWjhDWDN2eDVHVG1GVzhFWjFVdmR1QUtPT2RxMnZlTkpCM2pjY25hWGpaUkRIaVVaWHpNY3RjdXZ6a1Y3RFhIbHA2SEE2MjBfUE5uNWxUa2VHMXcta1pnNGhORENt?oc=5,스타트업엔(StartupN),,사업화 자금,2026-09-19T15:38:10.090473+09:00,False,False,live
ART-01130,policy,경남 자원연계형 로컬창업 지원사업 참여기업 모집,2026-03-31,경남 자원연계형 로컬창업 지원사업 참여기업 모집 경남도민일보,경남 자원연계형 로컬창업 지원사업 참여기업 모집 경남도민일보,https://news.google.com/rss/articles/CBMiakFVX3lxTE40di1DOGRWcHNnaGNYSHBUNEN1M3h4U1oxSWt4V0tocEtINkc3aHdaTXNPclFORnJjV0p5SWdXaGlQc21HT3FNVmd2SnhVVHFlOFBtZzVpQkg0eU1fNE1XMXR0UWpfTkNzSUE?oc=5,경남도민일보,,사업화 자금,2026-09-19T15:38:10.090473+09:00,False,False,live
ART-01131,policy,"경북창조경제혁신센터, ‘2026년 소상공인 도약 지원 사업’ 모집",2026-04-10,"경북창조경제혁신센터, ‘2026년 소상공인 도약 지원 사업’ 모집 벤처타임즈","경북창조경제혁신센터, ‘2026년 소상공인 도약 지원 사업’ 모집 벤처타임즈",https://news.google.com/rss/articles/CBMiZkFVX3lxTE1oRUpvWWktZ1ZlRDFCTWd6dGxNeGw2T0dtMmVKWUxwQ0VwbUtnczdqNnV3d2pjMHZQUVc4Unk5MWhUNVNKbE13WjJhWWZUNU5DUUdBZllNWWVWejFFcV9qWmhqbTNrZw?oc=5,벤처타임즈,,사업화 자금,2026-09-19T15:38:10.090473+09:00,False,False,live
ART-01132,policy,"한국콘텐츠진흥원, 2026 콘텐츠 스타트업 지원사업 공고…민관 협력 기반 K-콘텐츠 스타트업 전 주기 지원 강화",2026-03-23,"한국콘텐츠진흥원, 2026 콘텐츠 스타트업 지원사업 공고…민관 협력 기반 K-콘텐츠 스타트업 전 주기 지원 강화 beSUCCESS","한국콘텐츠진흥원, 2026 콘텐츠 스타트업 지원사업 공고…민관 협력 기반 K-콘텐츠 스타트업 전 주기 지원 강화 beSUCCESS",https://news.google.com/rss/articles/CBMiRkFVX3lxTE9kbW9Td0o3eVNjZ2tqQS15ZzlkMVZwWkF2R0ZudVFDbGhZcnVVZU8zV1Y0RFpoclRGNWlXLXhad3Z3TjVQbUE?oc=5,beSUCCESS,,사업화 자금,2026-09-19T15:38:10.090473+09:00,False,False,live
ART-01133,policy,"인천TP, 인천 로봇산업 '퀀텀 점프' 돕는다…사업화 자금 2천만 원 지원",2026-04-03,"인천TP, 인천 로봇산업 '퀀텀 점프' 돕는다…사업화 자금 2천만 원 지원 paxetv.com","인천TP, 인천 로봇산업 '퀀텀 점프' 돕는다…사업화 자금 2천만 원 지원 paxetv.com",https://news.google.com/rss/articles/CBMiaEFVX3lxTE9JVEQza3BuWGpzNFlOM3ZsNDE0enE0ejV4MjAtTnZhNDE5RVFlWlVfOENfMkxNdDRvelhYbkJYZ3ZCREw3eFRWaTJHMlEwR0JkR2hsU085Y1EtMUliSHhPZThLcXJodF9E?oc=5,paxetv.com,,사업화 자금,2026-09-19T15:38:10.090473+09:00,False,False,live
ART-01134,policy,"방위사업청, 방산 중소기업 ‘신속시범사업 설명회’ 첫 개최",2026-09-19,"방위사업청, 방산 중소기업 ‘신속시범사업 설명회’ 첫 개최 v.daum.net","방위사업청, 방산 중소기업 ‘신속시범사업 설명회’ 첫 개최 v.daum.net",https://news.google.com/rss/articles/CBMiT0FVX3lxTE0yZU1sUkc4NFJpcV9EMC0tYy0yYkdRN3NxZWJJaWpjTlBPY2ptTVZKd0FOMEhEZXBpdEhkVXpKRXRoU0w2dXEzcVRicHhDTDA?oc=5,v.daum.net,,기술개발 지원,2026-09-19T15:38:10.090473+09:00,False,False,live
ART-01135,policy,"GIST, 'AI 연구 지원 사업' 의료 원천기술 개발",2026-09-16,"GIST, 'AI 연구 지원 사업' 의료 원천기술 개발 KBC광주방송","GIST, 'AI 연구 지원 사업' 의료 원천기술 개발 KBC광주방송",https://news.google.com/rss/articles/CBMiYEFVX3lxTE5XQ0UwU0xydU13UjJWNWJrbHgtcmtQWjZ5Ml9Iem5OQl81aERXSW43SUF4Rm03Z284NUE5d1JnSDRjUldGTjJmeUx3TVRLWDdrU1hrbEtDWnM2aEJ1VlpoVg?oc=5,KBC광주방송,,기술개발 지원,2026-09-19T15:38:10.090473+09:00,False,False,live
ART-01136,policy,"GIST, 110억 원 규모 'AI 최고급 신진연구자 지원사업' 선정…차세대 의료 AI 원천기술 개발",2026-09-15,"GIST, 110억 원 규모 'AI 최고급 신진연구자 지원사업' 선정…차세대 의료 AI 원천기술 개발 인공지능신문","GIST, 110억 원 규모 'AI 최고급 신진연구자 지원사업' 선정…차세대 의료 AI 원천기술 개발 인공지능신문",https://news.google.com/rss/articles/CBMiZ0FVX3lxTFBaMXI1Mnpnem10WXlaVjZYUUNlNHZnbTlRY3hiQ1ZKd3V3ZjYwbWpyLWUwNUlwQjhZbThzOFo3anRsZmE4SkNicW1EUVdWZi1STExsUGxUeVozcG9rQTRWYVYzTEFVQTA?oc=5,인공지능신문,,기술개발 지원,2026-09-19T15:38:10.090473+09:00,False,False,live
ART-01137,policy,"[보도설명] 바이오·의료기술개발 사업은 정상 추진 중이며, 미래 성장엔진 확보를 위해 지속 지원될 것입니다.",2026-09-15,"[보도설명] 바이오·의료기술개발 사업은 정상 추진 중이며, 미래 성장엔진 확보를 위해 지속 지원될 것입니다. 대한민국 정책브리핑","[보도설명] 바이오·의료기술개발 사업은 정상 추진 중이며, 미래 성장엔진 확보를 위해 지속 지원될 것입니다. 대한민국 정책브리핑",https://news.google.com/rss/articles/CBMib0FVX3lxTE0yQkN4TE5OQjFqQU85RVBMWm9MUENrR3JTdG10R1o3YVg4RjItOXAzeVNIdktYc1RUVGxyd19ZTXNZQURYT001WUZpR2NLTko1aFZUeV9kQ3hCa2pEWFMxRkFVOEFTbUdzT0R1SGgzOA?oc=5,대한민국 정책브리핑,,기술개발 지원,2026-09-19T15:38:10.090473+09:00,False,False,live
ART-01138,policy,[국토위] 흩어진 건설데이터 한곳에 모은다,2026-09-18,[국토위] 흩어진 건설데이터 한곳에 모은다 국토교통신문,[국토위] 흩어진 건설데이터 한곳에 모은다 국토교통신문,https://news.google.com/rss/articles/CBMiZ0FVX3lxTE5XMjlVd3kzSXdCekpsU2NtM19JdlBNZGRQOGZ4ZG5weHFDcGpMa1MtS1RBc3E3VnVfYkR1RDdHcE5nV2pGeW9uTlkzaVRJb3RaTXdlQ2EyaFEzTGVUdG5iMmJxaFdsXzA?oc=5,국토교통신문,,기술개발 지원,2026-09-19T15:38:10.090473+09:00,False,False,live
ART-01139,policy,"‘기술육성’에서 ‘軍 실증·전력화’까지…방사청, 방산 중소기업 ‘성장 사다리 구축’ 지원",2026-09-18,"‘기술육성’에서 ‘軍 실증·전력화’까지…방사청, 방산 중소기업 ‘성장 사다리 구축’ 지원 문화일보","‘기술육성’에서 ‘軍 실증·전력화’까지…방사청, 방산 중소기업 ‘성장 사다리 구축’ 지원 문화일보",https://news.google.com/rss/articles/CBMiUEFVX3lxTE5ndzdDbHJZaGFUcEs2Tk9zZkMweC1fVU9TVHNsdEsycklNeGhjeVhIZDUzY09sTWUxcEl3cmFHVUlfZjNhQXBkUGhNUFZyVVc4?oc=5,문화일보,,기술개발 지원,2026-09-19T15:38:10.090473+09:00,False,False,live
ART-01140,policy,"과기정통부, 바이오·의료기술개발사업 정상 추진 강조",2026-09-16,"과기정통부, 바이오·의료기술개발사업 정상 추진 강조 팍스메디컬뉴스","과기정통부, 바이오·의료기술개발사업 정상 추진 강조 팍스메디컬뉴스",https://news.google.com/rss/articles/CBMicEFVX3lxTE9IeDhOdW8tUncybWg3M0FtUlZ0SWtWM3p5Vlp2SGJORnZqWEJURjRKU1ZlVXhUdHIxa3pqZlZzeWZUY3RzR1hlSUh1RTNvNkNraXVsZWduandSYzVTU0JPdFZCYkw5UTdSQWZPS1M2OUg?oc=5,팍스메디컬뉴스,,기술개발 지원,2026-09-19T15:38:10.090473+09:00,False,False,live
ART-01141,policy,"방산 중소기업, 신속시범사업 참여 넓힌다…전용 트랙·단기 개발로 성장 사다리 구축",2026-09-18,"방산 중소기업, 신속시범사업 참여 넓힌다…전용 트랙·단기 개발로 성장 사다리 구축 서울뉴스통신","방산 중소기업, 신속시범사업 참여 넓힌다…전용 트랙·단기 개발로 성장 사다리 구축 서울뉴스통신",https://news.google.com/rss/articles/CBMia0FVX3lxTE9LZEVZNThVaFp2NmJWMGVSTVpIeUtTNU9EbDJpNE9LMWZnM2E1ZjZoVjJlLTItNG4xejZWS0J1UW1VN1NTLTFlUEJ3Yll1dmN3MUZxOTgxU0ZUVHlsa3FVOVU3OGlMUXpUVVFJ?oc=5,서울뉴스통신,,기술개발 지원,2026-09-19T15:38:10.090473+09:00,False,False,live
ART-01142,policy,"방사청, 중소기업 대상 신속 시범사업 설명회 개최",2026-09-18,"방사청, 중소기업 대상 신속 시범사업 설명회 개최 spnews.co.kr","방사청, 중소기업 대상 신속 시범사업 설명회 개최 spnews.co.kr",https://news.google.com/rss/articles/CBMia0FVX3lxTE5CdDQ2SC16LVIteUZKa25SVmtZN19jMWdmd2Z2d3JyLUZWcVJobV9lajhwMkhfdlRjRWpNMmpKblE2ZGVieDdCRFFRMHZ0LXhnRUNnU05PTGJmeWdjeFBMRDV6cmtGVGR4aXpV?oc=5,spnews.co.kr,,기술개발 지원,2026-09-19T15:38:10.090473+09:00,False,False,live
ART-01143,policy,고리 1호기 해체 본궤도...사업 수행능력 ‘입증 단계’,2026-09-18,고리 1호기 해체 본궤도...사업 수행능력 ‘입증 단계’ 에너지신문,고리 1호기 해체 본궤도...사업 수행능력 ‘입증 단계’ 에너지신문,https://news.google.com/rss/articles/CBMickFVX3lxTE5rdmp2SjR0T2dGVjZMaUw3VHMyNTdja3EtV3pMNmYycTNWOTV2akw2b1UxODc0YTk4eXpRa3FTUmVLaW44LUNLVjJPYWJjenF2ODNpOFJkRmdldWpGSnpHZWRmc3ltLVFpOEtpU2dwR1FPZw?oc=5,에너지신문,,기술개발 지원,2026-09-19T15:38:10.090473+09:00,False,False,live
ART-01144,policy,기계설비 취약계층 지원·인력양성·기술개발 예산 어디 있나?,2026-09-14,기계설비 취약계층 지원·인력양성·기술개발 예산 어디 있나? kmecnews.co.kr,기계설비 취약계층 지원·인력양성·기술개발 예산 어디 있나? kmecnews.co.kr,https://news.google.com/rss/articles/CBMibEFVX3lxTE9ieGZPZDE2aVpyOWxoNjZ2eFIyWi1wZHl1c2UzeDFLeVpHWXVFTHJiZDhCT0dJX19mRHg4eFFQUk9GbEVrUU11U3JobGluUlkxMng3dDNIekQ1MHVtdFQweTNxbVlrdHZPNmZxRQ?oc=5,kmecnews.co.kr,,기술개발 지원,2026-09-19T15:38:10.090473+09:00,False,False,live
ART-01145,policy,"NHN클라우드, 고려대와 공동 기술개발 맞손…국방 AX 지원 본격화",2026-09-16,"NHN클라우드, 고려대와 공동 기술개발 맞손…국방 AX 지원 본격화 전자신문","NHN클라우드, 고려대와 공동 기술개발 맞손…국방 AX 지원 본격화 전자신문",https://news.google.com/rss/articles/CBMiTkFVX3lxTE1jZGl6MnMtb2tQNDYwXy1rbmNfaXd0VEdSVl9ERnNfLWRZcVNEQkVhZjFmTThMd01wM0M5R0REc3pIdnAxTk5zcm0yMUpqQQ?oc=5,전자신문,,기술개발 지원,2026-09-19T15:38:10.090473+09:00,False,False,live
ART-01146,policy,"GIST, 110억 원 규모 지원사업 선정…차세대 의료 AI 원천기술 개발 나선다",2026-09-15,"GIST, 110억 원 규모 지원사업 선정…차세대 의료 AI 원천기술 개발 나선다 v.daum.net","GIST, 110억 원 규모 지원사업 선정…차세대 의료 AI 원천기술 개발 나선다 v.daum.net",https://news.google.com/rss/articles/CBMiS0FVX3lxTE9KanZCVzN2OUk3TzJtM1ZLWDB5S2tINTc0MGNhNW9uWFFsTlhWLVRPWVowR2lKZU9JWGc4Mks5WUtwZzhRbjk0N2F5RQ?oc=5,v.daum.net,,기술개발 지원,2026-09-19T15:38:10.090473+09:00,False,False,live
ART-01147,policy,"KTL, 탄소중립 EXPO서 재자원화·AX 실증기술 선보여",2026-09-17,"KTL, 탄소중립 EXPO서 재자원화·AX 실증기술 선보여 v.daum.net","KTL, 탄소중립 EXPO서 재자원화·AX 실증기술 선보여 v.daum.net",https://news.google.com/rss/articles/CBMiT0FVX3lxTFBpVEZoblgyQS00dm9KRmJoNm9kUHdHTExtVlNBSl9yb2lNMHpmRnMzcUlEb0RTTEFtZ3VxVmE3WG9DbkJ4dGtQWE9CbTFsbkE?oc=5,v.daum.net,,기술개발 지원,2026-09-19T15:38:10.090473+09:00,False,False,live
ART-01148,policy,"대구시, 지역거점 AX 혁신 기술개발 사업 본격 시작…10월 중 과제 접수",2026-09-17,"대구시, 지역거점 AX 혁신 기술개발 사업 본격 시작…10월 중 과제 접수 v.daum.net","대구시, 지역거점 AX 혁신 기술개발 사업 본격 시작…10월 중 과제 접수 v.daum.net",https://news.google.com/rss/articles/CBMiT0FVX3lxTFBwelVNM1FhZWJka0hVWlNVRWRJTnV2cUgwOHhJanBUQ3ZfM3dlTEFDOVdrQkgzS3VpbHNlVUhZSmU3TnlqREVITmRJM1N2Wms?oc=5,v.daum.net,,기술개발 지원,2026-09-19T15:38:10.090473+09:00,False,False,live
ART-01149,policy,"전남광주시, '반도체·에너지·모빌리티' 기술개발·실증 추진…131억 투입",2026-09-17,"전남광주시, '반도체·에너지·모빌리티' 기술개발·실증 추진…131억 투입 전자신문","전남광주시, '반도체·에너지·모빌리티' 기술개발·실증 추진…131억 투입 전자신문",https://news.google.com/rss/articles/CBMiTkFVX3lxTE1BQlhObmNOd09qOVZhbGZiN21xTGtUWjRneVkzM01ObWdSUHdzZElfOFFjVHUxbG42QXgtZFE0ZDRNLThITTFJYzhWaW9vQQ?oc=5,전자신문,,기술개발 지원,2026-09-19T15:38:10.090473+09:00,False,False,live
ART-01150,policy,"도의회 경제산업건설위, 정읍 기업지원·첨단산업 현장 점검",2026-09-18,"도의회 경제산업건설위, 정읍 기업지원·첨단산업 현장 점검 주간해피데이","도의회 경제산업건설위, 정읍 기업지원·첨단산업 현장 점검 주간해피데이",https://news.google.com/rss/articles/CBMigwFBVV95cUxNUzM1eE9xQmd2VnpyTVlEYy1RMkp6bC1fVEhkOERZbzFoUDNmTUpVUXloWDJBQjZlWFZQRkJBRkdHMUpRMlRwOXB5ZXhCZzVkYWNSQVUxaXZwZFo4bWxZX2ZwcmVtV1pyVGRJM2ZaTTZrWjRlLUREWnZlSVg3RWhxSzVVSQ?oc=5,주간해피데이,,기술개발 지원,2026-09-19T15:38:10.090473+09:00,False,False,live
ART-01151,policy,"[사이언스게시판] 우주항공청, 항공우주부품 고도화기술개발사업 성과 발표 外",2026-09-16,"[사이언스게시판] 우주항공청, 항공우주부품 고도화기술개발사업 성과 발표 外 v.daum.net","[사이언스게시판] 우주항공청, 항공우주부품 고도화기술개발사업 성과 발표 外 v.daum.net",https://news.google.com/rss/articles/CBMiT0FVX3lxTE5OeUtQYkxneFJiZEozV0xnUEViOUtrOUcwVDdHdENlVTV4UGg2UFpNcWZSNzRXUDVTYnJSblE1bXl0bmw5UVFyS1lwRVNyb0U?oc=5,v.daum.net,,기술개발 지원,2026-09-19T15:38:10.090473+09:00,False,False,live
ART-01152,policy,전략적 기술 개발 및 시급 과제 해결을 위한 메커니즘을 제안합니다.,2026-09-18,전략적 기술 개발 및 시급 과제 해결을 위한 메커니즘을 제안합니다. Vietnam.vn,전략적 기술 개발 및 시급 과제 해결을 위한 메커니즘을 제안합니다. Vietnam.vn,https://news.google.com/rss/articles/CBMimAFBVV95cUxPak5lNl8yODFiTjZ5R3FTUVFsZUtZRXI3Mkw1d3F2OGpxMk13eHBqNEdpUnc3VHB4UGE5d3BDTUdsckwtdTM4LW9NYXVJdkZJUmc3WGM1eWF2bUpJX2Q4eXpZSUpSaXBWZ0hRdlljNkc3NmY2cHNYY1RQWUE1SDJDTGVPbzZjLUNVTGtKVXpqamlVSzRRSkdCaQ?oc=5,Vietnam.vn,,기술개발 지원,2026-09-19T15:38:10.090473+09:00,False,False,live
ART-01153,policy,"공정, 혁신, 포용의 경기",2026-03-18,"공정, 혁신, 포용의 경기 경기도청","공정, 혁신, 포용의 경기 경기도청",https://news.google.com/rss/articles/CBMif0FVX3lxTE1MQ0lQNzgydi1LeXpPbXZzX091bGVMTU5sVTJMRUltaUJpNzEwSlcyMVdNZmROdWpvWWhZVkJwbkJXU2hpZkpnbTl3ZXRPdnlJbXVrWm1GZnEtZXFiQnhHNkxYZDdzNTd3QWZPRW9VNVpsN0hSdUV4VTQzWjNrRGM?oc=5,경기도청,,기술개발 지원,2026-09-19T15:38:10.090473+09:00,False,False,live
ART-01154,policy,바이오산업기술개발 신규 지원사업 선정 | 동정 | 피플,2026-09-01,바이오산업기술개발 신규 지원사업 선정 | 동정 | 피플 서울아산병원 뉴스룸,바이오산업기술개발 신규 지원사업 선정 | 동정 | 피플 서울아산병원 뉴스룸,https://news.google.com/rss/articles/CBMidEFVX3lxTFBtNWRrbFVmdXNmeDBMZmNtaFRSR0N6WV9sY1NTMnpqbGUtenBvQk1QNDIzalZnMThqWHp2M0NNaWJ0ZXl0Z1RlLWlqMG9hM1lUVmZlR04yYnZNdHRVUDRfV29aY3RMMDJRc3loZE0wd1Q2YXBG?oc=5,서울아산병원 뉴스룸,,기술개발 지원,2026-09-19T15:38:10.090473+09:00,False,False,live
ART-01155,policy,"진매트릭스, 복지부 A형간염 백신 개발 지원사업 선정…하반기 임상 1상",2026-09-14,"진매트릭스, 복지부 A형간염 백신 개발 지원사업 선정…하반기 임상 1상 edaily.co.kr","진매트릭스, 복지부 A형간염 백신 개발 지원사업 선정…하반기 임상 1상 edaily.co.kr",https://news.google.com/rss/articles/CBMigAFBVV95cUxQYXdVdVQzaTZscld6VlJHRWc1QmdtVUNwYzRfWWlFc0M1M0xGYm5pWkZaelp3TVpEdVdmQVZuU0djNGhvNlJ1ZGRQaGthU2d3YV9EdXUzRHRDZWRmaVRNU19ieFluMnViS1gyT2RkZDRBSENkZklib21TUzRCbFdSUg?oc=5,edaily.co.kr,,기술개발 지원,2026-09-19T15:38:10.090473+09:00,False,False,live
ART-01156,policy,[테크 차이나] 기업이 문제 내고 전국이 푼다…중국식 '공개 기술도전' 작동법,2026-09-18,[테크 차이나] 기업이 문제 내고 전국이 푼다…중국식 '공개 기술도전' 작동법 전자신문,[테크 차이나] 기업이 문제 내고 전국이 푼다…중국식 '공개 기술도전' 작동법 전자신문,https://news.google.com/rss/articles/CBMiTkFVX3lxTE9ScHRUNTMxckw5M1YyTGd0enAxcUtWM1JYVm9LTW5fLXNvc2R3MzVPWmtVc2JTa0pNc0E1VVdUUFpmNG1xWng3ZF9xZklHUQ?oc=5,전자신문,,기술개발 지원,2026-09-19T15:38:10.090473+09:00,False,False,live
ART-01157,policy,"방사청, 中企 첨단기술 K-방산 무기체계에 꽂는다",2026-09-17,"방사청, 中企 첨단기술 K-방산 무기체계에 꽂는다 아시아투데이","방사청, 中企 첨단기술 K-방산 무기체계에 꽂는다 아시아투데이",https://news.google.com/rss/articles/CBMibkFVX3lxTE5QUnpJMjdHQ1lrbDhTRldZMkMxQTI5M1RLNWdfZWl3X3dsbXJaQjF6Rll4QlZsbFRTMVRkem51MjBaOWNvWHF4RUFia0NlZVNVdFpzS19RUUhIYXpHa3JyX29PTDJDSUstUXVEWVZB?oc=5,아시아투데이,,기술개발 지원,2026-09-19T15:38:10.090473+09:00,False,False,live
ART-01158,policy,"나사렛대, 산학 공동 기술개발 지원사업 참여기업 모집",2026-08-05,"나사렛대, 산학 공동 기술개발 지원사업 참여기업 모집 연합뉴스","나사렛대, 산학 공동 기술개발 지원사업 참여기업 모집 연합뉴스",https://news.google.com/rss/articles/CBMiW0FVX3lxTFBSZG1wT1RXcExmd1lTaUl5c2ZxaVhOSkNNUjM4TGJsRXlaQlFBbUxDRWFUNXhqNkxnZTk5WVVmTWhtOGhmRjhIS1NOejNSZ2F0M0xDc0treHJCclXSAWBBVV95cUxNRmVrQmE4T01BaGJjWVZ4VjYyV0VIVnpsVTQycDY5TmRoaUlaS0VjY1NTYWVmWnVDNEJlMERVeFBldHR4NDgtYkxEWXBMUGdLcS1QQk5PeHF0ZXcybDVtWHE?oc=5,연합뉴스,,기술개발 지원,2026-09-19T15:38:10.090473+09:00,False,False,live
ART-01159,policy,"경남도, 제조 혁신을 선도할 피지컬 AI 기술개발 착수",2026-09-17,"경남도, 제조 혁신을 선도할 피지컬 AI 기술개발 착수 대한지방자치뉴스","경남도, 제조 혁신을 선도할 피지컬 AI 기술개발 착수 대한지방자치뉴스",https://news.google.com/rss/articles/CBMipgFBVV95cUxNZUtkeEFUWGNQTTZOM2NzMGoyMUx1aWdQSVFoS19SSTI4c19jbDhCYUhPb1BGakFSRWNZblNReHFVNmRCNEpVRVFCX21DTDN5amdubEJOdjNVQVhxcVJVSGlOZkdPMGtSbnp2TVZnVmZQclR2dXJnOWd1SnRkcms1MnQtalJ1bV9zNFZoeU41SlRWaHp1UmpTZzk3bFU2NERUXzd5QWxB?oc=5,대한지방자치뉴스,,기술개발 지원,2026-09-19T15:38:10.090473+09:00,False,False,live
ART-01160,policy,"남부발전, 석탄발전소 개방해 중소기업 기술실증 지원",2026-09-18,"남부발전, 석탄발전소 개방해 중소기업 기술실증 지원 뉴스핌","남부발전, 석탄발전소 개방해 중소기업 기술실증 지원 뉴스핌",https://news.google.com/rss/articles/CBMiXEFVX3lxTFBsY0plT3FKaENoMEZnUks1bldhUUNLUDNMZEJPb0xJTHVHdV9jSEdyNk94ajRmOG1oTHlFYTRQQXMyNUJmdnlYSlZtN1hoSkZVd010c3FOYWEwZU9Z?oc=5,뉴스핌,,기술개발 지원,2026-09-19T15:38:10.090473+09:00,False,False,live
ART-01161,policy,"식품연-LG생건, 미래 건강식품 기술 개발",2026-09-18,"식품연-LG생건, 미래 건강식품 기술 개발 보건신문","식품연-LG생건, 미래 건강식품 기술 개발 보건신문",https://news.google.com/rss/articles/CBMiY0FVX3lxTE12VUhqTHIzZVItbUdPWWlHRzZVSS1rWWR1Q1o1eExwd25xVjBQU0kwZHU1Q3d0eTZ2QmhYbm84Mk8zczhGSUF5NGxKSG5nb3k2MTlTUTlEdUZXYXJqbHhCZGw3Yw?oc=5,보건신문,,기술개발 지원,2026-09-19T15:38:10.090473+09:00,False,False,live
ART-01162,policy,오션와이드 “경험기반 해양수산 환경을 ICT 기술로 혁신할 것” [IBK기업은행×KIMST],2026-09-18,오션와이드 “경험기반 해양수산 환경을 ICT 기술로 혁신할 것” [IBK기업은행×KIMST] 동아일보,오션와이드 “경험기반 해양수산 환경을 ICT 기술로 혁신할 것” [IBK기업은행×KIMST] 동아일보,https://news.google.com/rss/articles/CBMib0FVX3lxTE8wUWNfUEc0Ty1LeFliVzRFcTNOMUJRRmpST3M4SU4yV2VldkJqSW43dFRVb3NscE1rLWdJa3pLNzlYZTI1ZWFORGpNRVNBZzVlUGNoUElkdTJoaDdEZzE4dW9xeUNhTnVuUnZSMklyZ9IBZkFVX3lxTFBtWm9ydENkaXBDeWp0YThKeUNsSFlxT2FSNWV2S19nSlJxLThObTNXN0dNaHlRQWxZMFRHaFlGWnJzc3M4SkRvS3pHTHlGUzFzak03MXYtbUtWWXo1cHA1SDZ0blB1dw?oc=5,동아일보,,기술개발 지원,2026-09-19T15:38:10.090473+09:00,False,False,live
ART-01163,policy,"'스스로 일하는 AI' 안전하게…UNIST, 에이전틱 AI 보안기술 개발한다",2026-09-18,"'스스로 일하는 AI' 안전하게…UNIST, 에이전틱 AI 보안기술 개발한다 supple.kr","'스스로 일하는 AI' 안전하게…UNIST, 에이전틱 AI 보안기술 개발한다 supple.kr",https://news.google.com/rss/articles/CBMiXEFVX3lxTFBRTURyWGFEaDU2YVZ2LXdrV3huN1J6OUQ5YWh2UW5xQ3BaWVlFUmxMd0lrc2k5andoR09LUnlieHlUU0JZUHR1Z2Vnd3J2WjkwMDBaZDVCM3ZFMHV0?oc=5,supple.kr,,기술개발 지원,2026-09-19T15:38:10.090473+09:00,False,False,live
ART-01164,policy,"나사렛대, '산학공동 기술개발지원사업' 참여기업 모집...선정 과제당 2천만원 연구비 지원",2026-08-05,"나사렛대, '산학공동 기술개발지원사업' 참여기업 모집...선정 과제당 2천만원 연구비 지원 비즈월드","나사렛대, '산학공동 기술개발지원사업' 참여기업 모집...선정 과제당 2천만원 연구비 지원 비즈월드",https://news.google.com/rss/articles/CBMiakFVX3lxTE5vOEhQTFhrSWs5WGoyeXQ1amlBaHVrYlcxVEpWcllzSWhqM1VMNzZXTzRkNU10NENfSU1obENNdDhkSGJqOE1qQzNtVVJWMlQzek9xOUwyMlNrY1VZaEhIaXY0ampvMVRDRFE?oc=5,비즈월드,,기술개발 지원,2026-09-19T15:38:10.090473+09:00,False,False,live
ART-01165,policy,"서울시, 'XR 기술개발·융복합 제작 지원사업' 참여기업 모집",2026-04-02,"서울시, 'XR 기술개발·융복합 제작 지원사업' 참여기업 모집 벤처타임즈","서울시, 'XR 기술개발·융복합 제작 지원사업' 참여기업 모집 벤처타임즈",https://news.google.com/rss/articles/CBMiZkFVX3lxTE5EUlF2c252eC1KMkJwaDJLS1VGYzJvZHJlNGhHMTFkZC1IUHlVSzhmVl85bE1FRmNNTVlMWTdGOFlwRVJTSTA5NnF3NjhXZDVKenFtT3psR01iQmZtLUtlbGpDSkV5dw?oc=5,벤처타임즈,,기술개발 지원,2026-09-19T15:38:10.090473+09:00,False,False,live
ART-01166,policy,"기정원, 방산·전략기술 中企 투자유치 지원…연구개발 역량 높인다 - 머니투데이",2026-09-03,"기정원, 방산·전략기술 中企 투자유치 지원…연구개발 역량 높인다 - 머니투데이 mt.co.kr","기정원, 방산·전략기술 中企 투자유치 지원…연구개발 역량 높인다 - 머니투데이 mt.co.kr",https://news.google.com/rss/articles/CBMia0FVX3lxTE94VzVROE9PZlg3MjNjSjM3d01pblNLYkJWSjJDRnJhQjg3UTVqOFNROUJaVzdoZ3ZMTUV5d1FheC04dnZJU0pOTHRIQ0pnN3pDc2NiYU9jZlFLemNNM1NTb1pTa29kZEdRcVJB0gFwQVVfeXFMTjZ3NHJoOW9udGRlUGV4NkhwTkhGRWpmQm8yVHhpVElubDN4aS12MXg2RG84MUsyZUlNMjNuX3NvSGZZYkRranlSbjFvVHVOWkpDZWJnWjQ5a1JhYkhyb1Z1VG1UeWFwOGNqRTdQV0E1TQ?oc=5,mt.co.kr,,기술개발 지원,2026-09-19T15:38:10.090473+09:00,False,False,live
ART-01167,policy,"전남광주, 131억 들여 반도체·에너지·모빌리티 기술 키운다",2026-09-17,"전남광주, 131억 들여 반도체·에너지·모빌리티 기술 키운다 v.daum.net","전남광주, 131억 들여 반도체·에너지·모빌리티 기술 키운다 v.daum.net",https://news.google.com/rss/articles/CBMiT0FVX3lxTFB0eFVydWkwb2tVS3JiUEVyWDI1LUtqZzlGOXZiZGd6Y3BjNXhFR0lvdFFualJpQ05jTjBmSmFSNmtDcFVUQXdrb0JiVzB3ZFk?oc=5,v.daum.net,,기술개발 지원,2026-09-19T15:38:10.090473+09:00,False,False,live
ART-01168,policy,"[Tech & Now] 브릴스, VLA·RFM 기반 피지컬 AI로 로봇 사업 확장",2026-09-17,"[Tech & Now] 브릴스, VLA·RFM 기반 피지컬 AI로 로봇 사업 확장 ebn.co.kr","[Tech & Now] 브릴스, VLA·RFM 기반 피지컬 AI로 로봇 사업 확장 ebn.co.kr",https://news.google.com/rss/articles/CBMiaEFVX3lxTE9mVW1COGxKWllKNEtZWkhIeDdNRUotbzg3X2F1V1FUcDRFblpZMTEyeTFoczdaRG5qSjllSVNnWW1qelY5aGRIbkVVMExoV1VnN0tnalhFLVNlcy1YN3RSRXpybXE3bWhX?oc=5,ebn.co.kr,,기술개발 지원,2026-09-19T15:38:10.090473+09:00,False,False,live
ART-01169,policy,"조현준 효성, 기술기업 투자로 상생 확대…AI·빅데이터에 주목",2026-09-18,"조현준 효성, 기술기업 투자로 상생 확대…AI·빅데이터에 주목 v.daum.net","조현준 효성, 기술기업 투자로 상생 확대…AI·빅데이터에 주목 v.daum.net",https://news.google.com/rss/articles/CBMiT0FVX3lxTFB4ZGpSMHRndUtFVXFydTFLaWVqaXl2UUdQcVN5UGpEc2sydmlUb1dVLWJwY2MtNFpmYllMN3R6d0VCeE41eHk1NDBLbTVrRUE?oc=5,v.daum.net,,기술개발 지원,2026-09-19T15:38:10.090473+09:00,False,False,live
ART-01170,policy,"방사청, 방산 중소기업 '전용 트랙' 신설 ""대기업 경쟁 부담 덜어낸다""",2026-09-18,"방사청, 방산 중소기업 '전용 트랙' 신설 ""대기업 경쟁 부담 덜어낸다"" 파이낸셜뉴스","방사청, 방산 중소기업 '전용 트랙' 신설 ""대기업 경쟁 부담 덜어낸다"" 파이낸셜뉴스",https://news.google.com/rss/articles/CBMiWkFVX3lxTE9fVTlqNzAwUVFWNnVSYTlBM1VmcHF4UlBwOFAwckZIRVRncnVISDFMS3NKNDY4MEFzcjIzcVZySjk5eGJ0N01qZEtqcXF5eDM4S3hLVW4tblRJZw?oc=5,파이낸셜뉴스,,기술개발 지원,2026-09-19T15:38:10.090473+09:00,False,False,live
ART-01171,policy,이주의 지원사업 모아서 알려드립니다 - 전체 | 카드/한컷 | 멀티미디어,2026-04-28,이주의 지원사업 모아서 알려드립니다 - 전체 | 카드/한컷 | 멀티미디어 대한민국 정책브리핑,이주의 지원사업 모아서 알려드립니다 - 전체 | 카드/한컷 | 멀티미디어 대한민국 정책브리핑,https://news.google.com/rss/articles/CBMibkFVX3lxTFBSNHR5dTBjR3ZLM2NNTTNEVTBoUGdGSnpQUl92cUtaLWZGN3BqYlE1Mlo4c1hVRlpaSnphRDFoNnNKeDN5dlZxVkRBQlFtZmI5enFOX3hXZ3NvdFc4WEhFaUxFNVhlZG1oS0t5S09n?oc=5,대한민국 정책브리핑,,기술개발 지원,2026-09-19T15:38:10.090473+09:00,False,False,live
ART-01172,policy,"강원도, 첨단 방산 생태계 구축 추진…10개 기업 기술개발 지원",2026-04-02,"강원도, 첨단 방산 생태계 구축 추진…10개 기업 기술개발 지원 연합뉴스","강원도, 첨단 방산 생태계 구축 추진…10개 기업 기술개발 지원 연합뉴스",https://news.google.com/rss/articles/CBMiW0FVX3lxTFBEWDI1dU1LUGt1WWtWS3NIZnItbnpzT1p3VjZjVzJaR0JPMW1BNXoyMmlVRGZTZzJyVmdaalhGazl4Vnd6UWZSOG5pd3pnZFRXUnZJY1FVUXNnOTDSAWBBVV95cUxOYVVDclBFR2YwWVhZYVJscTZTLVVWZmNmUHQySVlGdlg0ZlhRNElMYjZxYl9qa2tmN2Vic0xPTzk1OFVYUDd0bVdQNElWaHJUSjhkX0pvNWpRVXI0QXQ1dWk?oc=5,연합뉴스,,기술개발 지원,2026-09-19T15:38:10.090473+09:00,False,False,live
ART-01173,policy,"해외 연구기관과 공동 연구개발 지원한다…기정원, 글로벌협력형 R&D 시행계획 공고",2026-04-29,"해외 연구기관과 공동 연구개발 지원한다…기정원, 글로벌협력형 R&D 시행계획 공고 부산일보","해외 연구기관과 공동 연구개발 지원한다…기정원, 글로벌협력형 R&D 시행계획 공고 부산일보",https://news.google.com/rss/articles/CBMidEFVX3lxTE9wX2VOZ01FS3dOVEo5OHpTT2VuSmI0YXhZRTRLakZfODlZTnY0NGRwYlRTNlc0TzNXMnBTWkp0UGxmamRNSF9VbHJ1RUQxSXR4X0ZPeDMwRXM5OHh4ZXFLdFNLa2NJVDZLMHV5U0xlMzN5R0FU?oc=5,부산일보,,기술개발 지원,2026-09-19T15:38:10.090473+09:00,False,False,live
ART-01174,policy,"부산시, ‘차세대 항공 기체부품 첨단제조 실증지원’ 사업 선정",2026-09-10,"부산시, ‘차세대 항공 기체부품 첨단제조 실증지원’ 사업 선정 기계신문","부산시, ‘차세대 항공 기체부품 첨단제조 실증지원’ 사업 선정 기계신문",https://news.google.com/rss/articles/CBMiZ0FVX3lxTFBDOWNLMDJFMkQwQ2I1Q1E5MUo0elVoUGVIVmtBSFdSMW1Qd3N1ZlV3ZkhLN2VxeTZJWnZ6X0J3X1ptVUIxVFJKTjYtMmU5WkxrNGptSTU4OW95RklETDF1M1MzVHcwUEE?oc=5,기계신문,,기술개발 지원,2026-09-19T15:38:10.090473+09:00,False,False,live
ART-01175,policy,"한유원, 기술개발제품 실증지원 2차 모집…초기 창업기업에 가점",2026-08-11,"한유원, 기술개발제품 실증지원 2차 모집…초기 창업기업에 가점 연합뉴스","한유원, 기술개발제품 실증지원 2차 모집…초기 창업기업에 가점 연합뉴스",https://news.google.com/rss/articles/CBMiW0FVX3lxTFBMM1kyQVNBZGl0b1VhYWVRNlFOQmFRNWNlVWdUN1FLQURXS19ZblF3RV9aRGx2QTNQR0VGM3BvcXYtNVdHRTlNMVRsREpGdlVCblAzUk0tTWtMN2PSAWBBVV95cUxOalVZV2V2bERQRi14dEVtYjNqU3l0WVk3M3RVQlJLVW1sMG5nSUNaLTZrT0JKTDFnQVRHbGZWSUZwT293WXZTVS1OSDdrSVBLVGU1YjF3eFRTT08zblBrZU8?oc=5,연합뉴스,,기술개발 지원,2026-09-19T15:38:10.090473+09:00,False,False,live
ART-01176,policy,"현대건설·두산건설, 대용량 수전해 플랜트 설계 기술 개발과제 참여·2026년도 하반기 공채 실시",2026-09-18,"현대건설·두산건설, 대용량 수전해 플랜트 설계 기술 개발과제 참여·2026년도 하반기 공채 실시 여성소비자신문","현대건설·두산건설, 대용량 수전해 플랜트 설계 기술 개발과제 참여·2026년도 하반기 공채 실시 여성소비자신문",https://news.google.com/rss/articles/CBMiZkFVX3lxTE9PNWtOanhaWWlscDA1Nm5nTV9rWXRXVTlXd2tqbnpzejQ0WVRadmQ1QThoNFd5TXV1OEZHWlNYejF1REI5TXo1ME9EeDZab3FwNUFzRWtTcW9UM3V4VHpVR1h6QlNsUQ?oc=5,여성소비자신문,,기술개발 지원,2026-09-19T15:38:10.090473+09:00,False,False,live
ART-01177,policy,대구 첨단 로봇산업 기술 고도화 추진…참여기업·기관 모집,2026-07-01,대구 첨단 로봇산업 기술 고도화 추진…참여기업·기관 모집 연합뉴스,대구 첨단 로봇산업 기술 고도화 추진…참여기업·기관 모집 연합뉴스,https://news.google.com/rss/articles/CBMiW0FVX3lxTE5XS3VCN0VhREdkbVplRE9CeVY3WTE1ZFVnRk9BM1dtN2FhaDNZNGE2YW1TUFAtVmVlYWJlNGY1SjZHTm9QeFFvYzNlWDd5TmFQa2Qwd1QtVzJ6SHPSAWBBVV95cUxQTlRSRlZrVndkalJoQ2VxOExmTzctUENqckdUenJYVnVwaEFybkk4ZE8zUU13MkhkUnFoUnN6UFdBNGl2bFNJWjZLZV84UW1oc0Q0WEtjQlh6Q0hfRGNZM3o?oc=5,연합뉴스,,기술개발 지원,2026-09-19T15:38:10.090473+09:00,False,False,live
ART-01178,policy,"대구광역시, 4,207억 원 규모 ‘지역거점 AX 혁신 기술개발’ 본격 착수!",2026-09-17,"대구광역시, 4,207억 원 규모 ‘지역거점 AX 혁신 기술개발’ 본격 착수! 꽁지환경늬우스","대구광역시, 4,207억 원 규모 ‘지역거점 AX 혁신 기술개발’ 본격 착수! 꽁지환경늬우스",https://news.google.com/rss/articles/CBMiYEFVX3lxTE16YUZQZ011dWhRODJIWXV5MnA5ZGZDa3RuSkg4WUI5UHY3MzRTLWVWMW5zcEQxTktvTlp6UjZueU8wcG5Ya18yRVExS2N2MVk1N2c4a3JITXlpRHplWHJ0cQ?oc=5,꽁지환경늬우스,,기술개발 지원,2026-09-19T15:38:10.090473+09:00,False,False,live
ART-01179,policy,"경기도, 시스템반도체 후공정 기술개발 지원사업 모집 시작",2026-02-24,"경기도, 시스템반도체 후공정 기술개발 지원사업 모집 시작 전자신문","경기도, 시스템반도체 후공정 기술개발 지원사업 모집 시작 전자신문",https://news.google.com/rss/articles/CBMiTkFVX3lxTE9LMWg2dmR2Z0tHeUU1VjZ6OTE5ajVENk12TTZrUGxLdjJFRHlOcExleWljY25kQ214c2hvS2FlWnpQRjU1c0FTR0trM29Sdw?oc=5,전자신문,,기술개발 지원,2026-09-19T15:38:10.090473+09:00,False,False,live
ART-01180,policy,"라이트재단, 에볼라 진단 기술 개발 지원",2026-07-22,"라이트재단, 에볼라 진단 기술 개발 지원 팜이데일리","라이트재단, 에볼라 진단 기술 개발 지원 팜이데일리",https://news.google.com/rss/articles/CBMibkFVX3lxTE5aYTVwRjcyZmJ1N2U5VGthVVlGdE1kaU9MNWE1RDg0eVg5Z0t4VmxvWW9LaUtTOG4yaW0xTE1ISU9SN0t6QUs2UTNqc1NpTUxRTFRzYnJNZzVPZDJEd0YyaEdZYWtzMXZlR0dEZU5R?oc=5,팜이데일리,,기술개발 지원,2026-09-19T15:38:10.090473+09:00,False,False,live
ART-01181,policy,"경기도, 차세대 수소에너지 기술개발 지원사업 모집",2026-03-18,"경기도, 차세대 수소에너지 기술개발 지원사업 모집 전자신문","경기도, 차세대 수소에너지 기술개발 지원사업 모집 전자신문",https://news.google.com/rss/articles/CBMiTkFVX3lxTE5DY2FpdHBER0pBcFN2RXY4UThyTjFhdFlSSjQ1UEQ2MlhtaEtWbXBNYUNjVkdqYThHVUtHQnBQek1BVmNua0lDT3A5M3kzUQ?oc=5,전자신문,,기술개발 지원,2026-09-19T15:38:10.090473+09:00,False,False,live
ART-01182,policy,"한유원, '기술개발제품 공공기관 실증지원사업' 참여기업 2차 모집",2026-08-11,"한유원, '기술개발제품 공공기관 실증지원사업' 참여기업 2차 모집 아시아경제","한유원, '기술개발제품 공공기관 실증지원사업' 참여기업 2차 모집 아시아경제",https://news.google.com/rss/articles/CBMiYEFVX3lxTFA2bE9TWks1anhNaTZrM0lVQjZxUHRxMnhwWmpDZ0l6a0dIeTdrU3NTUnY2bndPWFBzY09rTGJTbWFzQWNnSFdkVFVVdkFSN1QyNTNDeGJHbk1OdzY1aE52Rg?oc=5,아시아경제,,기술개발 지원,2026-09-19T15:38:10.090473+09:00,False,False,live
ART-01183,policy,"서울시·서울경제진흥원, 서울 소재 XR기업 대상 「XR 기술개발·융복합 제작 지원사업」 참여기업 모집",2026-04-02,"서울시·서울경제진흥원, 서울 소재 XR기업 대상 「XR 기술개발·융복합 제작 지원사업」 참여기업 모집 서울시티","서울시·서울경제진흥원, 서울 소재 XR기업 대상 「XR 기술개발·융복합 제작 지원사업」 참여기업 모집 서울시티",https://news.google.com/rss/articles/CBMib0FVX3lxTE5acnlpRThYTlA0UTdPZkRSUE04dzBNdXA1dE5RaVhkOFRSREk5UzBIdThyb3hJR1dkUm5MYnljMWpwV1l0UHJ2Q3dnWFcyMV81dDVSRWlqWVd2TWhMX0Y2enVsYkJIU0ZEWUxrODdNRQ?oc=5,서울시티,,기술개발 지원,2026-09-19T15:38:10.090473+09:00,False,False,live
ART-01184,policy,"인천TP, 파브(PAV) 실증기 개발 지원사업 본격 추진",2026-07-30,"인천TP, 파브(PAV) 실증기 개발 지원사업 본격 추진 로봇신문","인천TP, 파브(PAV) 실증기 개발 지원사업 본격 추진 로봇신문",https://news.google.com/rss/articles/CBMibEFVX3lxTE9oZHFhT2NpU1NaRlhic0ZSUVFDcnlXS1pOLUh5a2tMNllheGc0bXZHZ0IxTTlWcGJ6OE1iR3N0dzlwNHJ0X3Blc09ySi14VFZScWVuV01FOWp5VEdwWXdCS29QZVRCMkI5dEwyMw?oc=5,로봇신문,,기술개발 지원,2026-09-19T15:38:10.090473+09:00,False,False,live
ART-01185,policy,"전북테크노파크, 소부장 기술개발 지원사업 추진…과제당 최대 6천만원 지원",2026-02-26,"전북테크노파크, 소부장 기술개발 지원사업 추진…과제당 최대 6천만원 지원 전자신문","전북테크노파크, 소부장 기술개발 지원사업 추진…과제당 최대 6천만원 지원 전자신문",https://news.google.com/rss/articles/CBMiTkFVX3lxTFBOcEF4VUJ5YWptWGxnUEhsOEFGVGlKOTZHMnluQlIzZ3ZYZXNVZnRTc2FxbW1uNkRtU3pMR2dSNzgxaG1ET0ZQY1c4WlhxQQ?oc=5,전자신문,,기술개발 지원,2026-09-19T15:38:10.090473+09:00,False,False,live
ART-01186,policy,내수면 양식 전주기 지원 속도‘기술개발부터 창업·정착까지’,2026-09-03,내수면 양식 전주기 지원 속도‘기술개발부터 창업·정착까지’ 서울뉴스통신,내수면 양식 전주기 지원 속도‘기술개발부터 창업·정착까지’ 서울뉴스통신,https://news.google.com/rss/articles/CBMia0FVX3lxTFBqZml5ZHcyc3hPSzk5T3BMcmZya1h4ODlVQlFMcU5FSWNmZE40YWVjZUs5Qnlzby14bGJVRUVpV0pzMmZ2WFpKdlV4U3BBMk85ODdObWQ0NVRQbXZaaWs3X3Q3RmtZVkYwYjA0?oc=5,서울뉴스통신,,기술개발 지원,2026-09-19T15:38:10.090473+09:00,False,False,live
ART-01187,policy,"전북자치도, 내수면 양식 전주기 지원 속도…기술개발부터 창업·정착까지",2026-09-03,"전북자치도, 내수면 양식 전주기 지원 속도…기술개발부터 창업·정착까지 todayan.com","전북자치도, 내수면 양식 전주기 지원 속도…기술개발부터 창업·정착까지 todayan.com",https://news.google.com/rss/articles/CBMiakFVX3lxTE5UUXB1TXZHV0lWbERVbWNrSzIxZzBhWHBGXzA4am8xYlFaRExoQm8wV3F6U0xJSVJ6VGhWdUNMc0Nkdjlmb1NpblNQVUNnYnFLMDBhajQ1UDNmRllYUzlMX2VxRl9Bem94N2c?oc=5,todayan.com,,기술개발 지원,2026-09-19T15:38:10.090473+09:00,False,False,live
ART-01188,policy,"충남도, 반도체 후공정 기술 개발 지원 본격 추진",2026-05-19,"충남도, 반도체 후공정 기술 개발 지원 본격 추진 금산중앙신문방송","충남도, 반도체 후공정 기술 개발 지원 본격 추진 금산중앙신문방송",https://news.google.com/rss/articles/CBMibkFVX3lxTFA0XzZ1ODU4RUtwU0xoYUU2YWU1M25HakZqMXRxTTVaZ2laaWZtZU91Y1BWR0NlU3RHak91eDJoMFdmNHRsQk9uNkdIc293b1FOUFZBQm4wWG5jMzhhWThseHAzSUlkdEp3dzU4QjdR?oc=5,금산중앙신문방송,,기술개발 지원,2026-09-19T15:38:10.090473+09:00,False,False,live
ART-01189,policy,"숙명여대 자회사 랩인큐브, 중기부 기술지원 사업에 선정",2026-08-03,"숙명여대 자회사 랩인큐브, 중기부 기술지원 사업에 선정 중앙일보","숙명여대 자회사 랩인큐브, 중기부 기술지원 사업에 선정 중앙일보",https://news.google.com/rss/articles/CBMiVkFVX3lxTFBPR05qMDZYaXl4SmUwa2tMQ2lRU3ZDdUZSR2FadTAtamowVjJLWHFCbHZ6ekxOYm9tRHBWZ212NXRUMlJVa0xQSWpNY2ZsbFpCaUhEVmRn?oc=5,중앙일보,,기술개발 지원,2026-09-19T15:38:10.090473+09:00,False,False,live
ART-01190,policy,"미래컴퍼니, 피지컬AI 핵심기술 개발 국책과제 선정",2026-05-11,"미래컴퍼니, 피지컬AI 핵심기술 개발 국책과제 선정 데일리팜","미래컴퍼니, 피지컬AI 핵심기술 개발 국책과제 선정 데일리팜",https://news.google.com/rss/articles/CBMiVkFVX3lxTFBDVms4VUFIWFpCMmlUeUFfYVNwQ3dDdmIwU1VMRFZCajJYc1VtSVVQdjJZMVN2UHNnbEVmN1V0RlRrWEdSdnpGVG1wX1VDMDdRV2UwSFZR?oc=5,데일리팜,,기술개발 지원,2026-09-19T15:38:10.090473+09:00,False,False,live
ART-01191,policy,2026년 하반기 ‘중소기업기술혁신개발사업’ 모집… 글로벌 강소기업 육성에 156억 원 투입,2026-05-14,2026년 하반기 ‘중소기업기술혁신개발사업’ 모집… 글로벌 강소기업 육성에 156억 원 투입 기계신문,2026년 하반기 ‘중소기업기술혁신개발사업’ 모집… 글로벌 강소기업 육성에 156억 원 투입 기계신문,https://news.google.com/rss/articles/CBMiZ0FVX3lxTE45MjBCaUFzd0lHVF9HcEZlQzRlYXBua1BrM2dLbTllc1hxXzRTR0pwV2F3ZGg3MFEydzlHeXNEMUdTWGpBMkV3VmhmWUlPdWlkUjBWTlNqb2VOWkZ0Zi14ZzFPWDF4NzA?oc=5,기계신문,,기술개발 지원,2026-09-19T15:38:10.090473+09:00,False,False,live
ART-01192,policy,"라이트재단, 에볼라 진단기술 개발 지원…과제당 최대 5억원",2026-07-22,"라이트재단, 에볼라 진단기술 개발 지원…과제당 최대 5억원 v.daum.net","라이트재단, 에볼라 진단기술 개발 지원…과제당 최대 5억원 v.daum.net",https://news.google.com/rss/articles/CBMiT0FVX3lxTE1ldEJaTkJUMml5TkxHTzdfOUstMDgzVGUzbWJqdFFvWkhNbUZUZDl2QWNlN04wVm1wZkJRcS1lOUVwSi1VU2h2cC1kM25UYkk?oc=5,v.daum.net,,기술개발 지원,2026-09-19T15:38:10.090473+09:00,False,False,live
ART-01193,policy,"충북TP, 가속기장치 선도기술개발 지원사업 협약식 및 사전교육 개최 성료",2026-06-28,"충북TP, 가속기장치 선도기술개발 지원사업 협약식 및 사전교육 개최 성료 영남신문","충북TP, 가속기장치 선도기술개발 지원사업 협약식 및 사전교육 개최 성료 영남신문",https://news.google.com/rss/articles/CBMibkFVX3lxTE5IU2swUmFJUnpBRE5wcnBTdVBuV0tuV2Q0Zy1PWmpUTkE3LV9ZeVZxT0pwYlBkSTVPUjlXR1NJdjhhR3liZl9HOC1jTnFRTTNUc1B5WFpLZzFrUTJDel9XMTlpMVY3MGZQODA5R2NB?oc=5,영남신문,,기술개발 지원,2026-09-19T15:38:10.090473+09:00,False,False,live
ART-01194,policy,"숙명여대 기술지주 랩인큐브, 중기부 '스케일업 팁스' 선정",2026-08-03,"숙명여대 기술지주 랩인큐브, 중기부 '스케일업 팁스' 선정 뉴시스","숙명여대 기술지주 랩인큐브, 중기부 '스케일업 팁스' 선정 뉴시스",https://news.google.com/rss/articles/CBMiYEFVX3lxTFBxRkxCOVBodFVRajdfMjlRQ3RGQjVQZ21sNGp0alhQWVRyRVdUV1RxTkNiTEhXSVV2eXctdDU4TTBZTUEtTFpPVVAxcnhVa01LQWNuZ21zZGpJMW90MU9KT9IBeEFVX3lxTE1fOXhjajY4b3RlTGY1cU4wU2JxM0NybENQZlJPY01ya0EwX3FTekhNdFZmeUk1TlE0akVsWjhIZzJ3dTdNSVoyOFNPcFBqLTM4LVFlOHR4LVJOelZvcVpfWHdBNFdaek9DWmtZN1I5alFPcURfbGtCTg?oc=5,뉴시스,,기술개발 지원,2026-09-19T15:38:10.090473+09:00,False,False,live
ART-01195,policy,"방산 관련 기업 10곳, 기술 개발 지원",2026-04-04,"방산 관련 기업 10곳, 기술 개발 지원 KBS 뉴스","방산 관련 기업 10곳, 기술 개발 지원 KBS 뉴스",https://news.google.com/rss/articles/CBMiW0FVX3lxTFBqYl9USzNqc3BwdkxmVjBBZ3ZRZVNGMVZveEYySHJ6WmlkdTU4MllsdUp4NC1rWDRKZjhEQllIMVZCOUlrWk1CMUhZYmR2djRMM0p4aTZyZU81TFU?oc=5,KBS 뉴스,,기술개발 지원,2026-09-19T15:38:10.090473+09:00,False,False,live
ART-01196,policy,"[경기소식] 남양주시, '경기도 기술개발사업' 지원기업 2곳 선정 등",2026-05-28,"[경기소식] 남양주시, '경기도 기술개발사업' 지원기업 2곳 선정 등 서울파이낸스","[경기소식] 남양주시, '경기도 기술개발사업' 지원기업 2곳 선정 등 서울파이낸스",https://news.google.com/rss/articles/CBMiakFVX3lxTE8tYU92eEtGbVV2ZjhXMkxsSjdkREpSXzQwQW9uMDVPMGFaVkFMWENPb1g0eVJ3TlNSNTJHTGhrOHhjYmRhWHZ0Y3FPaC1KOHpGc3RyRHh5NklpdmxmX09YUGtGa0xPbGpwZXc?oc=5,서울파이낸스,,기술개발 지원,2026-09-19T15:38:10.090473+09:00,False,False,live
ART-01197,policy,"한유원, 기술개발제품 공공기관 실증지원 2차 모집…24일까지",2026-08-11,"한유원, 기술개발제품 공공기관 실증지원 2차 모집…24일까지 서울경제TV","한유원, 기술개발제품 공공기관 실증지원 2차 모집…24일까지 서울경제TV",https://news.google.com/rss/articles/CBMiZEFVX3lxTFBFdFVIamgwbmxoUjdoV3J1WHRaNUx0d1d3ZUJHQ2hWOGtPbE5QMlJWalFHeDUyeFlPeXhmOE5HTk5GMzlETVctdFFOVmNwU25KbGtQNkVnUDNONm9IeUhYOVFWQWI?oc=5,서울경제TV,,기술개발 지원,2026-09-19T15:38:10.090473+09:00,False,False,live
ART-01198,policy,"한국국제협력단, 혁신기술 기반 개발협력 기업 찾는다… CTS 신규사업 공모 시작",2026-05-28,"한국국제협력단, 혁신기술 기반 개발협력 기업 찾는다… CTS 신규사업 공모 시작 중앙일보","한국국제협력단, 혁신기술 기반 개발협력 기업 찾는다… CTS 신규사업 공모 시작 중앙일보",https://news.google.com/rss/articles/CBMiVkFVX3lxTFBuSnlHZFNaZ1Bkb29Ya2RlTUZDdHFQZVZrTUFRNkU1MUlsOXc3NmROR2tlY20teGVib1VMQ19CTEFKeG1TcERqMS0xLWt1a3ZybU9POFB3?oc=5,중앙일보,,기술개발 지원,2026-09-19T15:38:10.090473+09:00,False,False,live
ART-01199,policy,"SBA, ‘XR 기술개발·융복합 제작 지원사업’ 참여기업 모집(~4월17일)",2026-04-02,"SBA, ‘XR 기술개발·융복합 제작 지원사업’ 참여기업 모집(~4월17일) 와우테일","SBA, ‘XR 기술개발·융복합 제작 지원사업’ 참여기업 모집(~4월17일) 와우테일",https://news.google.com/rss/articles/CBMiT0FVX3lxTE02aWRSUmxURE9RRUM5NmpNUEp6akRnaERad3hQY1VxZ0NES0ZyVGk0ekhxNmNfc25nWjBDazNlU3V6Q256dTJRNjZxNmZqOFE?oc=5,와우테일,,기술개발 지원,2026-09-19T15:38:10.090473+09:00,False,False,live
ART-01200,policy,"대구시, 첨단로봇 핵심기술 개발 지원…과제당 최대 2억5천만원",2026-07-01,"대구시, 첨단로봇 핵심기술 개발 지원…과제당 최대 2억5천만원 매일신문","대구시, 첨단로봇 핵심기술 개발 지원…과제당 최대 2억5천만원 매일신문",https://news.google.com/rss/articles/CBMiYkFVX3lxTE5OWHYwWHAtOXZnMDUyQXZ0NzZfaUI5RGQ4Y2dNYWpQSDF6dzFkczhXeERWbks3U1RjZldOTnlBYVFzLWREZFRERE1peXkxbjlHMkNWZU5tTUpzNkRsYUZxeEtR?oc=5,매일신문,,기술개발 지원,2026-09-19T15:38:10.090473+09:00,False,False,live
ART-01201,policy,"인천TP, 파브 실증기 개발 지원사업 본격 추진",2026-07-30,"인천TP, 파브 실증기 개발 지원사업 본격 추진 기호일보","인천TP, 파브 실증기 개발 지원사업 본격 추진 기호일보",https://news.google.com/rss/articles/CBMib0FVX3lxTE1MMWtJWGZRWVFIaEFjaHhpbVBHc3l1bTIzaXdvckl5dG9GaVZDWF9HMjVtQXQtLTVVaENVMTUwM0FjeFkzSTRQZEthUFM1dTlJNWlMSE55bGhobnd5bWlmMVFlTXduUXl5YThqX25fQQ?oc=5,기호일보,,기술개발 지원,2026-09-19T15:38:10.090473+09:00,False,False,live
ART-01202,policy,전략적 기술에 중점을 둔 국가 핵심 연구소 시스템을 구축한다.,2026-09-18,전략적 기술에 중점을 둔 국가 핵심 연구소 시스템을 구축한다. Vietnam.vn,전략적 기술에 중점을 둔 국가 핵심 연구소 시스템을 구축한다. Vietnam.vn,https://news.google.com/rss/articles/CBMiuAFBVV95cUxNd3VtcEJCTWg5bGVIYV9JUVppMlhNSHlySGd5UkdHWjJkZkF4bWtMLXZOQ3l5a0lZd25BZmhaYUdZMGhmSWRrVlhvREphZGlBWTdxSHRzcThaSVF3YkRjU3kySFdIMEViNW53R1VvdWhSVklRR1BFWDZ2OFZqNjZZd0dSRDd0RHFWY1ZYTi1sM0w3OTYwUGdIN3JFd2ppSzlVVU5MaUJqY1hObTgtY2tSMjdRdUpub3ln?oc=5,Vietnam.vn,,기술개발 지원,2026-09-19T15:38:10.090473+09:00,False,False,live
ART-01203,policy,"서울형R&D, 기술 사업화 허브로",2026-07-19,"서울형R&D, 기술 사업화 허브로 전자신문","서울형R&D, 기술 사업화 허브로 전자신문",https://news.google.com/rss/articles/CBMiTkFVX3lxTE1vdlVObzZ2cnJqRkROWjFMV2hndFVlNzVfaGVPVXBYY3ZCdWxtQ0RTaWJfLUNwMFY3ZWZhRTd6d3JSVDB1U1BBWHluSFRnQQ?oc=5,전자신문,,기술개발 지원,2026-09-19T15:38:10.090473+09:00,False,False,live
ART-01204,policy,"BPA, 해운항만 스타트업 키운다…‘1876 부산’ 입주기업 지원 강화",2026-07-16,"BPA, 해운항만 스타트업 키운다…‘1876 부산’ 입주기업 지원 강화 해사신문","BPA, 해운항만 스타트업 키운다…‘1876 부산’ 입주기업 지원 강화 해사신문",https://news.google.com/rss/articles/CBMia0FVX3lxTFBoZE55WlJWbmp2T3kwQWpkYzd5TlNnR0c1Tl9yRjZJNUFRUzFsUjdqaTYza3dzTm9aXzZQbXZnZUFBVHhmQm01LXpGTW5VYTM2ZHBBWlV5aG9tcnBfNllOWHNIYzhMZmt0cU80?oc=5,해사신문,,기술개발 지원,2026-09-19T15:38:10.090473+09:00,False,False,live
ART-01205,policy,"충북도, 23일까지 차세대 이차전지 기술개발 지원 기업 모집",2026-03-17,"충북도, 23일까지 차세대 이차전지 기술개발 지원 기업 모집 cctimes.kr","충북도, 23일까지 차세대 이차전지 기술개발 지원 기업 모집 cctimes.kr",https://news.google.com/rss/articles/CBMiaEFVX3lxTE1QeDFQaEJibllXZHh0NHNlYXBuYVVoQnZWcVZDLXhSeTlvMWIySklZaWt1Y2xTR21US1lmSEdHSGEzQzNTRENKaHhpb1I5ODZWel91d01TcV9RejZTYXM4WlBzcEc2WHUx?oc=5,cctimes.kr,,기술개발 지원,2026-09-19T15:38:10.090473+09:00,False,False,live
ART-01206,policy,"나사렛대 스마트재활복지ESG경영센터, 산학공동 기술개발지원사업 참여기업 모집",2026-08-05,"나사렛대 스마트재활복지ESG경영센터, 산학공동 기술개발지원사업 참여기업 모집 충남일보","나사렛대 스마트재활복지ESG경영센터, 산학공동 기술개발지원사업 참여기업 모집 충남일보",https://news.google.com/rss/articles/CBMic0FVX3lxTE9YOWh6VUtxUWtzd3BtQ29GalBSZzJQdlBuM0tTRjNBQk9lWnB5NGdib0kwb25haWJsVVBhLXRTWXU0UUhDQkxTdGVac0g3cVk1Z3p4b2JhaUdPOWdGZ2dzbXFqaDRIWjhlOFpxLWpWeGZfWEU?oc=5,충남일보,,기술개발 지원,2026-09-19T15:38:10.090473+09:00,False,False,live
ART-01207,policy,"충남도, 반도체 후공정 기술 개발 지원 추진",2026-05-21,"충남도, 반도체 후공정 기술 개발 지원 추진 환경일보","충남도, 반도체 후공정 기술 개발 지원 추진 환경일보",https://news.google.com/rss/articles/CBMiaEFVX3lxTFBoZlllbExZSUJ0bUpYejR4X0M3WHNqdDQzODNVc2JzR3REUEdGdkxOZFNzR0oxSkY1cHhCY3NLbm9OTEYzdHlBdTZ0RUFCOTRxSU80blNuTkZreWpfckxueURnWWo0bzhJ?oc=5,환경일보,,기술개발 지원,2026-09-19T15:38:10.090473+09:00,False,False,live
ART-01208,policy,"""AI 기술 확보"" 지식재산처, 특허 연구개발 지원사업 추진",2026-01-22,"""AI 기술 확보"" 지식재산처, 특허 연구개발 지원사업 추진 연합뉴스TV","""AI 기술 확보"" 지식재산처, 특허 연구개발 지원사업 추진 연합뉴스TV",https://news.google.com/rss/articles/CBMiZ0FVX3lxTE1JS0xPVFdMbjVDc0FQTVotcFFnNmVtakVEdUFERWdrS0VoVXNXY1dKQVl5d1ctWDFxVDhSSnJxUWxhYTVydllUSldUZ01DVFhFX0xqaEVvak41bmJ2XzBhUU9ON1dMelE?oc=5,연합뉴스TV,,기술개발 지원,2026-09-19T15:38:10.090473+09:00,False,False,live
ART-01209,policy,"서울경제진흥원, XR 중소기업 대상 기술개발·융복합 제작 지원사업 참여 기업 모집",2026-04-02,"서울경제진흥원, XR 중소기업 대상 기술개발·융복합 제작 지원사업 참여 기업 모집 플래텀(Platum)","서울경제진흥원, XR 중소기업 대상 기술개발·융복합 제작 지원사업 참여 기업 모집 플래텀(Platum)",https://news.google.com/rss/articles/CBMiSEFVX3lxTFBJSU9IY0FzN21hUUhST0tERHppNFFFMXd3dUEwc2ZBRlFWUDZ2Y3N1UV9xdkNlblVoNlp6SEQxTjVtaVhTSTNLLQ?oc=5,플래텀(Platum),,기술개발 지원,2026-09-19T15:38:10.090473+09:00,False,False,live
ART-01210,policy,"중기부, 138개 국가전략기술 100개 과제 직접 지원…과제당 1억 원",2026-03-20,"중기부, 138개 국가전략기술 100개 과제 직접 지원…과제당 1억 원 지디넷코리아","중기부, 138개 국가전략기술 100개 과제 직접 지원…과제당 1억 원 지디넷코리아",https://news.google.com/rss/articles/CBMiVkFVX3lxTFBSSTZwcUNIS25PdjVSVUk4Z04xRWp6VGxKbDlfT3lBcmxjTFUyQVlxSEFUWWxyWFhvcGxsZFBoRmEwTkVJUTJMVHh4N0FRQlVwNUVBT3Z3?oc=5,지디넷코리아,,기술개발 지원,2026-09-19T15:38:10.090473+09:00,False,False,live
ART-01211,policy,"정부, 블록체인 기업에 기술개발 자금 3억원 지원",2026-05-21,"정부, 블록체인 기업에 기술개발 자금 3억원 지원 매일경제 마켓","정부, 블록체인 기업에 기술개발 자금 3억원 지원 매일경제 마켓",https://news.google.com/rss/articles/CBMiUkFVX3lxTE5GR1lzTzdyUEdqN25EbWNhdVdaa2FQTmVVN0QyYlRDdmpwWDdvMGlILTNDakx4eDFCV1FJUHlYc284UHY0TWxrQ0FPSlpGTi1yQlE?oc=5,매일경제 마켓,,기술개발 지원,2026-09-19T15:38:10.090473+09:00,False,False,live
ART-01212,policy,"경기도, ‘2026 팹리스 수요연계 양산지원 사업’ 공모… 시제품 실증에 최대 5천만 원 지원",2026-03-18,"경기도, ‘2026 팹리스 수요연계 양산지원 사업’ 공모… 시제품 실증에 최대 5천만 원 지원 기계신문","경기도, ‘2026 팹리스 수요연계 양산지원 사업’ 공모… 시제품 실증에 최대 5천만 원 지원 기계신문",https://news.google.com/rss/articles/CBMiZ0FVX3lxTFBIMUtqdmJiS0hTbzhhM2tlQUtVaG1uR2VVd0JrbEZCRUlxTm4zUnN6YW9XZ29sWXpBSVZFTDdPdDRnTEpDMWRKWng1UkFXY2wyTkZMXzR1ZTdEeXlzX1dvSklBYzdmZkE?oc=5,기계신문,,기술개발 지원,2026-09-19T15:38:10.090473+09:00,False,False,live
ART-01213,policy,"박찬대 인천시장, 중소기업 기술개발 돕는다…연구장비 지원 대폭 확대",2026-08-05,"박찬대 인천시장, 중소기업 기술개발 돕는다…연구장비 지원 대폭 확대 필드뉴스","박찬대 인천시장, 중소기업 기술개발 돕는다…연구장비 지원 대폭 확대 필드뉴스",https://news.google.com/rss/articles/CBMiaEFVX3lxTE9tdy1OMFA3azQza3R2c1cwZmpQaG11bDNsdlNZSGg3aC1LQTNFb3RFcVprMHJ2N2hhMnM0V1VrVUxudGFyaFBnREhKLTJEM3JFaHlQcEZId2Z2UE5sbTFtRzZmOVAwVXRP0gFsQVVfeXFMUE9oRmpybTJXNUN3a2pINjNIVFRqZWhSRk1vVVQtS3lnd1JxSkpCSnJIS1d5SEVxUXBjUDdpdGdSS0FhaHBjOE14dWo5ci1hLUVPZjJLVFE1ZG9KTHVZeHAxazUyamhwbF9TbF9H?oc=5,필드뉴스,,기술개발 지원,2026-09-19T15:38:10.090473+09:00,False,False,live
ART-01214,policy,"부산시, AI·폐자원 융합 친환경 제품개발 지원… ‘리사이클 디자인 플랫폼’ 참여기업 모집",2026-07-27,"부산시, AI·폐자원 융합 친환경 제품개발 지원… ‘리사이클 디자인 플랫폼’ 참여기업 모집 기계신문","부산시, AI·폐자원 융합 친환경 제품개발 지원… ‘리사이클 디자인 플랫폼’ 참여기업 모집 기계신문",https://news.google.com/rss/articles/CBMiZ0FVX3lxTE9PZTZ3dUFfaFZWR0owVkhVTmFxdmcwa0ZPeDY0Z2xyVG9LbVlxYkNORDlwMzdjYzVDdFVMZXRhaFNTdGJaRzM3aE04ZUFYUVpPRGZ3dS1ySWY0UEJCMkU3d3RVSTBfZE0?oc=5,기계신문,,기술개발 지원,2026-09-19T15:38:10.090473+09:00,False,False,live
ART-01215,policy,"남원시, ‘드론 기술개발·실증 지원사업’ 추진",2026-04-07,"남원시, ‘드론 기술개발·실증 지원사업’ 추진 KBS 뉴스","남원시, ‘드론 기술개발·실증 지원사업’ 추진 KBS 뉴스",https://news.google.com/rss/articles/CBMiW0FVX3lxTE5TNU5uOUZ2Rzc0Z05LS19HbnU4ZmE5ZVFkUVUtNHFiNUcxdExWbXBoN1dSNG9vekdNcXBTblNYVWNsNFQzaWhLMzcwTlMwbER0eTRfSHU5TUVEdEk?oc=5,KBS 뉴스,,기술개발 지원,2026-09-19T15:38:10.090473+09:00,False,False,live
ART-01216,policy,"4극3특 과학기술 ‘호남권 지역자율 연구개발’ 시동…GIST, 사업설명회",2026-08-31,"4극3특 과학기술 ‘호남권 지역자율 연구개발’ 시동…GIST, 사업설명회 서울경제","4극3특 과학기술 ‘호남권 지역자율 연구개발’ 시동…GIST, 사업설명회 서울경제",https://news.google.com/rss/articles/CBMiUkFVX3lxTE1qS2pjREpMbGVuZDU2VlpEVnBXQ3p2LUMtT0tGWVJqWTdCQnhPY05tS1VRUTlpci1hdWFCVm95UUJJVUN0Z1ByNGpSOGhpbTNLUWfSAVNBVV95cUxOWFVnODcwZXhmdEhHcDNuS3FHZUFDMFZ6Vl81YXhHYjhSV3JhR2Z2MnZBU1R4RW9pUnhoZk93ZHFXa2ptQTRtVl9UMDRfdzFNVUNCUQ?oc=5,서울경제,,기술개발 지원,2026-09-19T15:38:10.090473+09:00,False,False,live
ART-01217,policy,"숙명여대 자회사 랩인큐브, 중기부 20억 지원사업 선정",2026-08-04,"숙명여대 자회사 랩인큐브, 중기부 20억 지원사업 선정 아시아투데이","숙명여대 자회사 랩인큐브, 중기부 20억 지원사업 선정 아시아투데이",https://news.google.com/rss/articles/CBMibkFVX3lxTE5HUHNaR2dIdmZ5Vk5wQzV1MHhfVlpZdU9abGxMc09kQTVkRy1qeFIyR3MybFZpZ3dkdEhiTFlVcUJmWEFYYlF2emF5TEtWb0ZFMGNJNlJpVHN5NUlvanFDSnNrQ0FJOXhJVU5zc3N3?oc=5,아시아투데이,,기술개발 지원,2026-09-19T15:38:10.090473+09:00,False,False,live
ART-01218,policy,"DGIST, 과기부 '반도체 기술개발 지원 고경력 전문인력 활용사업' 과제 선정",2026-05-29,"DGIST, 과기부 '반도체 기술개발 지원 고경력 전문인력 활용사업' 과제 선정 전자신문","DGIST, 과기부 '반도체 기술개발 지원 고경력 전문인력 활용사업' 과제 선정 전자신문",https://news.google.com/rss/articles/CBMiTkFVX3lxTE9FRG9VamphODRpLTJqdldzblpCdjFPclBpaVNiM0F0dk42T0FGdGNjU0FYa3A4eGVsdExPZm1yeUNpU0E0eklxSHp6TkhTUQ?oc=5,전자신문,,기술개발 지원,2026-09-19T15:38:10.090473+09:00,False,False,live
ART-01219,policy,"인천TP, 레저·관광형 PAV 실증기 개발 지원사업 본격 추진",2026-07-30,"인천TP, 레저·관광형 PAV 실증기 개발 지원사업 본격 추진 경인매일","인천TP, 레저·관광형 PAV 실증기 개발 지원사업 본격 추진 경인매일",https://news.google.com/rss/articles/CBMiaEFVX3lxTFAyd29RVEFhc05YN0pUQkNhUE93ZVFfS2Q2b2NXRVlxLTlsRjZCdGhEVndVU2J5WktUbGRKcEtVeWlQM1JscXZ1R1FwdWxoWmJKVWZQQU9NRjFrNmFxSkFfNHUtZ1JFT3lT?oc=5,경인매일,,기술개발 지원,2026-09-19T15:38:10.090473+09:00,False,False,live
ART-01220,policy,"군산시, 강소연구개발특구 기술지원사업 추진…특허·인증 지원",2026-04-20,"군산시, 강소연구개발특구 기술지원사업 추진…특허·인증 지원 연합뉴스","군산시, 강소연구개발특구 기술지원사업 추진…특허·인증 지원 연합뉴스",https://news.google.com/rss/articles/CBMiW0FVX3lxTFBuekkzdExVTktfX0RqSWlCZkdBeUJkY2VaZEV3NENIcFEzX0xOcDhhSjA2emR2Qlo5OERyY2hQV0pLVTBIVFBYQi1QWlpDTFFJNWNZQWc4TVQ1UVXSAWBBVV95cUxNc3JEVFJfeDNYVXVjQm1zZW9Wa0l0b3JmQzd0TGpreF83NWpwRFdabHRTNG15MFFPU0ZfRTR0WWtic1Y1RmNfSVYyamN3ZHhlRmdxUWFCWGt6ckVzZWdrVHI?oc=5,연합뉴스,,기술개발 지원,2026-09-19T15:38:10.090473+09:00,False,False,live
ART-01221,policy,"울산TP, 연구개발비 지원 중소기업 모집",2026-04-01,"울산TP, 연구개발비 지원 중소기업 모집 브릿지경제","울산TP, 연구개발비 지원 중소기업 모집 브릿지경제",https://news.google.com/rss/articles/CBMiWkFVX3lxTFB1UlpWOTJBVXhWSnRNVDlTaDFFTXRfQUtlbFFvRGt3aEZFNHZIRHlLeUZlRm5TNGp6bUw5RndvNFlOU3JzUGJ2RkkydWNMV2dERG40a1pUckpoZw?oc=5,브릿지경제,,기술개발 지원,2026-09-19T15:38:10.090473+09:00,False,False,live
ART-01222,policy,"한국한의약진흥원, 혁신기술개발 지원사업 34개 과제 공모",2026-01-14,"한국한의약진흥원, 혁신기술개발 지원사업 34개 과제 공모 프라임경제","한국한의약진흥원, 혁신기술개발 지원사업 34개 과제 공모 프라임경제",https://news.google.com/rss/articles/CBMiY0FVX3lxTE16ZDlhTW03RnZPSGx3U0VjN0NKNm5qMk1vV2lTUlNEczBJUTUyWDF3Q2JUU0lpcmN2dmswZlVVMHVnUDBua1pkZnNQTkhzcUdsbS03ZFBTV0lSMDd5bkNaVkM2cw?oc=5,프라임경제,,기술개발 지원,2026-09-19T15:38:10.090473+09:00,False,False,live
ART-01223,policy,"DGIST, 반도체 기술개발 지원 전문인력 활용 사업 선정",2026-05-31,"DGIST, 반도체 기술개발 지원 전문인력 활용 사업 선정 영남경제","DGIST, 반도체 기술개발 지원 전문인력 활용 사업 선정 영남경제",https://news.google.com/rss/articles/CBMiZ0FVX3lxTFB2cGdYNHMxTEtTTUFPLVdRdGtOM3Y3SU1CQm1VcTdDX0dUSjR1UW5vWjliLXFmd2V3UkNMLVJNZ0NZMURwRGkyQmlGanJ6SmJsN2UtWV9oZV9oZUVVcG1nTlJ1aWpGN1k?oc=5,영남경제,,기술개발 지원,2026-09-19T15:38:10.090473+09:00,False,False,live
ART-01224,policy,"중기부, 로컬·수출 소상공인 발굴…최대 1억원 뒷받침",2026-06-21,"중기부, 로컬·수출 소상공인 발굴…최대 1억원 뒷받침 경기일보","중기부, 로컬·수출 소상공인 발굴…최대 1억원 뒷받침 경기일보",https://news.google.com/rss/articles/CBMiW0FVX3lxTE5CUF9CbS01QU5aS0VZRzRQT3NOTEM0UC1xY0dPN3ZEc19ZQVJCSUpDU2JBOG9UVm44ejV2VlY4Y2F2eXB1Mk1sOXFXUTJqTXJQNHJMTXItZ0gzWnc?oc=5,경기일보,,기술개발 지원,2026-09-19T15:38:10.090473+09:00,False,False,live
ART-01225,policy,"한유원, 기술개발제품 실증지원사업 2차 모집",2026-08-11,"한유원, 기술개발제품 실증지원사업 2차 모집 로이슈","한유원, 기술개발제품 실증지원사업 2차 모집 로이슈",https://news.google.com/rss/articles/CBMiekFVX3lxTE4xSkdFeTFsU1kzdU9tMHI4UHlYOXdrajcxOVhzWE83ZDFTTlJnSXJhSUNZRjF2VFJVU013YkROYWVnRVR4d1QwRnM0ZlNVN3BUb2FNeHNObE9saWV6TGhzM0ZJR3k0eHB1VHdmNEFXaktYcGtyTGVVa3Fn?oc=5,로이슈,,기술개발 지원,2026-09-19T15:38:10.090473+09:00,False,False,live
ART-01226,tech,"조비, 사람 조종 없이 미국 대륙 횡단…'최초' 완전 자율비행 성공",2026-09-19,"미국 에어택시 스타트업 조비 에비에이션(Joby Aviation)이 사람의 조종 없이 미국 대륙을 동서로 가로지르는 완전 자율비행에 성공했다. 조비는 17일(현지시간) 자율비행 기술을 탑재한 개조형 세스나 카라반 항공기가 캘리포니아 콩코드에서 노스캐롤라이나 아우터뱅크스까지 3199마일(약 5148km)을 비행했다고 발표했다.기내에는 안전을 위한 조종사가 탑승했지만, 비행 과정에서 조종사의 직접적인 제어 입력은 전혀 없었다. 항공기는 활주와 이륙, 항로 비행, 착륙까지 모든 과정을 자율적으로 수행했다.비행은 캘리포니아의 조비 본부와",미국 에어택시 스타트업 조비 에비에이션(Joby Aviation)이 사람의 조종 없이 미국 대륙을 동서로 가로지르는 완전 자율비행에 성공했다. 조비는 17일(현지시간) 자율비행 기술을 탑재한 개조형 세스나 카라반 항공기가 캘리포니아 콩코드에서 노스캐롤라이나 아우터뱅크스까지 3199마일(약 5148km)을 비행했다고 발표했다.기내에는 안전을 위한 조종사가 탑...,https://www.aitimes.com/news/articleView.html?idxno=215488,AI Times,,AI|기술동향,2026-09-19T15:38:10.090473+09:00,False,False,live
ART-01227,tech,"디즈니, 사상 첫 CTO 선임…'저작권 마찰' 캐릭터닷AI CEO 영입",2026-09-19,월트 디즈니 컴퍼니가 창사 이래 처음으로 회사 전체를 아우르는 최고 기술책임자(CTO) 직책을 신설하고 AI 중심의 디지털 전환에 속도를 내겠다는 의지를 드러냈다. 특히 자사 캐릭터 IP 무단 사용 문제로 법적 경고장을 보냈던 캐릭터닷AI 출신의 카란딥 아난드를 영입했다는 점이 눈길을 끈다.디즈니는 18일(현지시간) 캐릭터닷AI의 전 CEO인 카란딥 아난드를 수석 부사장 겸 초대 CTO로 임명했다고 발표했다.아난드 신임 CTO는 메타와 마이크로소프트에서 고위 임원을 거쳐 2025년 6월부터 캐릭터닷AI를 이끌어온 베테랑 기술 전문가,월트 디즈니 컴퍼니가 창사 이래 처음으로 회사 전체를 아우르는 최고 기술책임자(CTO) 직책을 신설하고 AI 중심의 디지털 전환에 속도를 내겠다는 의지를 드러냈다. 특히 자사 캐릭터 IP 무단 사용 문제로 법적 경고장을 보냈던 캐릭터닷AI 출신의 카란딥 아난드를 영입했다는 점이 눈길을 끈다.디즈니는 18일(현지시간) 캐릭터닷AI의 전 CEO인 카란딥 아난드...,https://www.aitimes.com/news/articleView.html?idxno=215487,AI Times,,AI|기술동향,2026-09-19T15:38:10.090473+09:00,False,False,live
ART-01228,tech,"술레이만 ""오픈AI의 '셀프 프롬프트 인젝션'은 매우 심각한 상황""",2026-09-19,"무스타파 술레이만 마이크로소프트(MS) AI CEO가 오픈AI의 보고서에서 드러난 '셀프 프롬프트 인젝션' 현상에 대해 강한 우려를 표명했다. AI가 스스로 추론 과정과 작업 메모리를 조작해 미래 버전의 자신에게 지시를 남기는 행위가 현실화하면 인간이 시스템에 대한 통제력을 잃게 되는 위험한 결과로 이어질 수 있다는 경고다.술레이만 CEO는 18일(현지시간) CNBC의 ‘스쿼크 박스’ 인터뷰에 출연해 오픈AI가 공개한 오정렬 사례들을 ""심각한 상황""으로 규정하며 이같이 밝혔다.그는 오픈AI의 사례는 AI의 작업 기억장치인 ‘생각의",무스타파 술레이만 마이크로소프트(MS) AI CEO가 오픈AI의 보고서에서 드러난 '셀프 프롬프트 인젝션' 현상에 대해 강한 우려를 표명했다. AI가 스스로 추론 과정과 작업 메모리를 조작해 미래 버전의 자신에게 지시를 남기는 행위가 현실화하면 인간이 시스템에 대한 통제력을 잃게 되는 위험한 결과로 이어질 수 있다는 경고다.술레이만 CEO는 18일(현지시간...,https://www.aitimes.com/news/articleView.html?idxno=215486,AI Times,,AI|기술동향,2026-09-19T15:38:10.090473+09:00,False,False,live
ART-01229,tech,앤트로픽 IPO에 월가 신중론...1000억달러 매출 속 '적자 전환' 우려,2026-09-19,"앤트로픽의 기업공개(IPO)가 임박하면서 월가 투자자들의 신중론이 확대되고 있다. 올해 연간 매출이 1000억달러(약 138조8000억원)를 돌파할 것이라는 가파른 성장 전망에 환호하면서도, 급증하는 컴퓨팅 인프라 비용으로 인해 다시 적자로 돌아설 수 있다는 우려가 커진 탓이다.뉴욕타임스(NYT)는 18일(현지시간) 소식통을 인용해 앤트로픽이 올해 말까지 연간 매출 1000억달러를 돌파할 것으로 예상된다고 보도했다. 이는 7월 기준 연간 매출 전망치였던 650억달러에서 불과 2달 만에 350억달러가 급증한 수치다. 투자자들은 이러한","앤트로픽의 기업공개(IPO)가 임박하면서 월가 투자자들의 신중론이 확대되고 있다. 올해 연간 매출이 1000억달러(약 138조8000억원)를 돌파할 것이라는 가파른 성장 전망에 환호하면서도, 급증하는 컴퓨팅 인프라 비용으로 인해 다시 적자로 돌아설 수 있다는 우려가 커진 탓이다.뉴욕타임스(NYT)는 18일(현지시간) 소식통을 인용해 앤트로픽이 올해 말까지 ...",https://www.aitimes.com/news/articleView.html?idxno=215484,AI Times,,AI|기술동향,2026-09-19T15:38:10.090473+09:00,False,False,live
ART-01230,tech,"캘리포니아, AI ‘킬 스위치’ 의무화 추진… 뉴섬 주지사, 트럼프에 대립각",2026-09-19,"미국 캘리포니아주가 첨단 AI 모델의 비상 정지 기능인 '킬 스위치' 도입과 제3자 독립 감사 의무화를 포함한 강력한 행정명령을 발표하며 지방정부 차원의 규제 강수를 뒀다.개빈 뉴섬 캘리포니아 주지사는 18일(현지시간) AI 기술의 잠재적 위험성에 대처하고 주정부의 안전 및 보안 감독 체계를 대폭 강화하는 행정명령에 서명했다.주정부는 전담 전문가 실무 그룹을 신속하게 구성해 2달 안에 최첨단 AI 연구소에 대한 독립 평가자 배치, 안전 계획의 외부 검증, 비상시 작동하는 킬 스위치 구축 등 기술적 타당성을 담은 강화 가이드라인을 제",미국 캘리포니아주가 첨단 AI 모델의 비상 정지 기능인 '킬 스위치' 도입과 제3자 독립 감사 의무화를 포함한 강력한 행정명령을 발표하며 지방정부 차원의 규제 강수를 뒀다.개빈 뉴섬 캘리포니아 주지사는 18일(현지시간) AI 기술의 잠재적 위험성에 대처하고 주정부의 안전 및 보안 감독 체계를 대폭 강화하는 행정명령에 서명했다.주정부는 전담 전문가 실무 그룹...,https://www.aitimes.com/news/articleView.html?idxno=215482,AI Times,,AI|기술동향,2026-09-19T15:38:10.090473+09:00,False,False,live
ART-01231,tech,[내면 지도 그리기] 34 Inner Mapping: 나를 찾는 지도,2026-09-19,"내면지도_추석특집서로의 별에 다녀오는 밤설날에 우리는 누구나 자기만의 별에서 살아간다고 이야기했습니다.겉으로는 같은 집, 같은 식탁, 같은 명절에 모인 것 같지만, 사실 우리는 저마다 다른 중력과 날씨, 다른 걱정과 규칙을 가진 별에서 살아갑니다. 누군가는 일의 별에서, 누군가는 멈춤의 별에서, 누군가는 검진 결과를 기다리는 별에서, 누군가는 알림이 쉬지 않고 울리는 별에서 하루를 보냅니다.추석은 그 별들이 잠시 가까워지는 시간입니다.누군가는 명절 전날까지 회의에 들어가고, 누군가는 부모님 병원 예약을 챙기고, 누군가는 아이 숙제와","내면지도_추석특집서로의 별에 다녀오는 밤설날에 우리는 누구나 자기만의 별에서 살아간다고 이야기했습니다.겉으로는 같은 집, 같은 식탁, 같은 명절에 모인 것 같지만, 사실 우리는 저마다 다른 중력과 날씨, 다른 걱정과 규칙을 가진 별에서 살아갑니다. 누군가는 일의 별에서, 누군가는 멈춤의 별에서, 누군가는 검진 결과를 기다리는 별에서, 누군가는 알림이 쉬지 ...",https://www.aitimes.com/news/articleView.html?idxno=215475,AI Times,,AI|기술동향,2026-09-19T15:38:10.090473+09:00,False,False,live
ART-01232,tech,"[AI카툰] Bob, Senior IT guy - 밥, 그걸로 숙제하지 말라고",2026-09-19,글·그림 Dr. Alf,글·그림 Dr. Alf,https://www.aitimes.com/news/articleView.html?idxno=215474,AI Times,,AI|기술동향,2026-09-19T15:38:10.090473+09:00,False,False,live
ART-01233,tech,"방글라데시, 옥상태양광 등 재생에너지에 1690억원 저리금융",2026-09-19,"방글라데시가 옥상태양광 등 재생에너지 보급을 확대하기 위해 150억타카(약 1690억원) 규모의 저리금융 프로그램을 가동한다. 정부가 참여 금융기관에 저리로 자금을 공급하고, 이들 기관이 가정과 기업 등 최종 이용자에게 대출할 때 각종 수수료를 포함한 실효 연이율을 최대 6%로 제한해 초기 투자 부담을 낮춘다는 계획이다.방글라데시 재무부 재정국이 지난 14일(현지시간) 발행한 회람에 따르면 프로그램 규모는 150억타카에 해당한다. 인프라개발공사(IDCOL), 방글라데시인프라금융기금(BIFFL), 농촌고용지원재단(PKSF) 등 3개","방글라데시가 옥상태양광 등 재생에너지 보급을 확대하기 위해 150억타카(약 1690억원) 규모의 저리금융 프로그램을 가동한다. 정부가 참여 금융기관에 저리로 자금을 공급하고, 이들 기관이 가정과 기업 등 최종 이용자에게 대출할 때 각종 수수료를 포함한 실효 연이율을 최대 6%로 제한해 초기 투자 부담을 낮춘다는 계획이다.방글라데시 재무부 재정국이 지난 14...",https://www.aitimes.com/news/articleView.html?idxno=215429,AI Times,,AI|기술동향,2026-09-19T15:38:10.090473+09:00,False,False,live
ART-01234,tech,"앤트로픽, AI 안전 평가 기관으로 액센추어 선정…독립성 논란 확대",2026-09-19,"앤트로픽이 최첨단 모델의 안전성을 검증할 첫 번째 '내부 상주형(임베디드) 평가 기관'으로 기술 컨설팅 기업 액센추어를 선정했다. 이번 조치는 다리오 아모데이 앤트로픽 CEO가 제시한 AI 개발 속도 조절안을 실행하기 위한 첫 단계이지만, 평가 자금의 직접 지급 방식과 평가 기구의 객관성을 둘러싼 우려는 여전하다.앤트로픽과 액센추어는 18일(현지시간) 독립 평가 체계 구축을 위한 파트너십을 체결했다고 발표했다. 액센추어는 2026년 1월 인수한 AI 전문 기업 패컬티(Faculty)의 인력을 앤트로픽 사내에 파견한다. 평가단은 모델","앤트로픽이 최첨단 모델의 안전성을 검증할 첫 번째 '내부 상주형(임베디드) 평가 기관'으로 기술 컨설팅 기업 액센추어를 선정했다. 이번 조치는 다리오 아모데이 앤트로픽 CEO가 제시한 AI 개발 속도 조절안을 실행하기 위한 첫 단계이지만, 평가 자금의 직접 지급 방식과 평가 기구의 객관성을 둘러싼 우려는 여전하다.앤트로픽과 액센추어는 18일(현지시간) 독립...",https://www.aitimes.com/news/articleView.html?idxno=215480,AI Times,,AI|기술동향,2026-09-19T15:38:10.090473+09:00,False,False,live
ART-01235,tech,"여수, 벼농사 평가 한마당 개최…농업인 300여명 참여",2026-09-19,"AI 생성 영상여수시의 올해 벼 수확량이 10아르(a)당 500kg 수준으로 예상됐다. 지난해보다 2.5% 증가한 수준이다.여수는 지난 17일 ‘2026년 풍년기원 벼농사 평가 한마당’을 열고 올해 벼 작황과 주요 품종별 특성, 병해충 발생 현황 등을 점검했다고 18일 밝혔다.행사에는 정현구 부시장을 비롯해 농업 관련 기관·단체장, 통합특별시의원과 시의원, 농업인 등 300여명이 참석했다.평가회에서는 여수지역 기후와 토양에 적합한 품종 선발을 위해 운영한 품종비교 시험포의 신품종별 생육 특성도 공유했다.여수는 올해 고품질 쌀 생산과","AI 생성 영상여수시의 올해 벼 수확량이 10아르(a)당 500kg 수준으로 예상됐다. 지난해보다 2.5% 증가한 수준이다.여수는 지난 17일 ‘2026년 풍년기원 벼농사 평가 한마당’을 열고 올해 벼 작황과 주요 품종별 특성, 병해충 발생 현황 등을 점검했다고 18일 밝혔다.행사에는 정현구 부시장을 비롯해 농업 관련 기관·단체장, 통합특별시의원과 시의원,...",https://www.aitimes.com/news/articleView.html?idxno=215442,AI Times,,AI|기술동향,2026-09-19T15:38:10.090473+09:00,False,False,live
ART-01236,tech,"전남광주, 추석 앞두고 호흡기감염병 예방 강화…22개 시군 캠페인",2026-09-19,"AI 생성 영상전남광주통합특별시가 추석 연휴를 앞두고 호흡기감염병 확산을 막기 위해 22개 시군과 병문안 문화 개선과 예방수칙 홍보에 나선다.전남광주는 오는 10월2일까지 3주간 ‘병문안 문화 개선 홍보주간’을 운영한다고 18일 밝혔다.홍보주간에는 22개 시군과 현장 캠페인을 진행하고 의료기관의 병문안 장소와 소독용품, 방문기록지 비치 여부 등 관리체계를 점검한다.지난 17일 목포 동부시장에서 열린 캠페인에서는 상인과 이용객을 대상으로 손 씻기와 기침예절, 호흡기 증상 시 마스크 착용, 주기적인 실내 환기, 인플루엔자·코로나19 예","AI 생성 영상전남광주통합특별시가 추석 연휴를 앞두고 호흡기감염병 확산을 막기 위해 22개 시군과 병문안 문화 개선과 예방수칙 홍보에 나선다.전남광주는 오는 10월2일까지 3주간 ‘병문안 문화 개선 홍보주간’을 운영한다고 18일 밝혔다.홍보주간에는 22개 시군과 현장 캠페인을 진행하고 의료기관의 병문안 장소와 소독용품, 방문기록지 비치 여부 등 관리체계를 ...",https://www.aitimes.com/news/articleView.html?idxno=215441,AI Times,,AI|기술동향,2026-09-19T15:38:10.090473+09:00,False,False,live
ART-01237,tech,"중국, 페로브스카이트 탠덤 산업화 추진…고체·나트륨전지도 키운다",2026-09-19,"중국이 2030년까지 페로브스카이트 탠덤 태양전지와 고체·나트륨전지 등 차세대 에너지 기술의 산업화를 추진한다. 기존 결정질 실리콘 태양전지와 리튬이온전지의 경쟁력을 유지하면서 차세대 태양전지와 배터리를 새로운 성장동력으로 육성한다는 계획이다.중국 공업정보화부와 국가발전개혁위원회는 지난 15일(현지시간) 이 같은 내용을 담은 ‘전자정보제조업 발전 제15차 5개년 계획’을 발표했다. 계획은 2026~2030년 전자정보 제조산업의 발전 방향을 담고 있으며, 에너지 전자를 주요 신규 성장 분야 가운데 하나로 지정했다. 문서 자체는 지난",중국이 2030년까지 페로브스카이트 탠덤 태양전지와 고체·나트륨전지 등 차세대 에너지 기술의 산업화를 추진한다. 기존 결정질 실리콘 태양전지와 리튬이온전지의 경쟁력을 유지하면서 차세대 태양전지와 배터리를 새로운 성장동력으로 육성한다는 계획이다.중국 공업정보화부와 국가발전개혁위원회는 지난 15일(현지시간) 이 같은 내용을 담은 ‘전자정보제조업 발전 제15차 ...,https://www.aitimes.com/news/articleView.html?idxno=215432,AI Times,,AI|기술동향,2026-09-19T15:38:10.090473+09:00,False,False,live
ART-01238,tech,재생에너지 100GW 속도 낸다…범부처 TF로 대형 태양광 밀착관리,2026-09-19,"정부가 2030년 재생에너지 설비 100기가와트(GW) 달성을 위해 관계부처와 공공기관, 지방정부가 참여하는 범정부 전담조직을 가동한다. 계통 여유지역의 100메가와트(MW) 이상 대형 재생에너지 사업을 집중 관리하고 산업단지와 공장지붕, 도로·철도 등 유휴부지를 활용한 태양광 보급을 확대한다는 계획이다.기후에너지환경부는 지난 17일 서울 중구 한국전력 경인건설본부에서 김성환 장관 주재로 ‘재생에너지 보급 혁신 전담조직(TF)’ 첫 회의를 열었다. 국방부와 국토교통부, 농림축산식품부, 산업통상부, 해양수산부, 행정안전부 등 6개 부","정부가 2030년 재생에너지 설비 100기가와트(GW) 달성을 위해 관계부처와 공공기관, 지방정부가 참여하는 범정부 전담조직을 가동한다. 계통 여유지역의 100메가와트(MW) 이상 대형 재생에너지 사업을 집중 관리하고 산업단지와 공장지붕, 도로·철도 등 유휴부지를 활용한 태양광 보급을 확대한다는 계획이다.기후에너지환경부는 지난 17일 서울 중구 한국전력 경...",https://www.aitimes.com/news/articleView.html?idxno=215426,AI Times,,AI|기술동향,2026-09-19T15:38:10.090473+09:00,False,False,live
ART-01239,tech,[9월18일] AI가 다음 AI에게 지시를 남겼다…오픈AI서 드러난 ‘셀프 프롬프트 인젝션’,2026-09-19,오픈AI가 16일(현지시간) AI 모델이 예상하지 못한 방식으로 행동한 사례 6건을 공개했습니다. 동시에 앞으로 이런 ‘오정렬(misalignment)’ 사례를 더 체계적으로 추적하고 공개하기 위한 별도 보고 체계도 마련했습니다.6건 가운데 특히 눈에 띄는 것은 AI가 자신의 작업을 다음 AI에게 넘기는 과정에서 나타난 사례입니다. 오픈AI는 장시간 작업을 이어가는 과정에서 한 모델이 작업 내용을 요약한 ‘임무 요약(task summary)’에 원래 없던 지시를 스스로 추가한 사례를 공개했습니다.이런 요약문은 단순한 메모가 아닙니다,오픈AI가 16일(현지시간) AI 모델이 예상하지 못한 방식으로 행동한 사례 6건을 공개했습니다. 동시에 앞으로 이런 ‘오정렬(misalignment)’ 사례를 더 체계적으로 추적하고 공개하기 위한 별도 보고 체계도 마련했습니다.6건 가운데 특히 눈에 띄는 것은 AI가 자신의 작업을 다음 AI에게 넘기는 과정에서 나타난 사례입니다. 오픈AI는 장시간 작업을...,https://www.aitimes.com/news/articleView.html?idxno=215440,AI Times,,AI|기술동향,2026-09-19T15:38:10.090473+09:00,False,False,live
ART-01240,tech,"오픈AI, 앤트로픽 '클로드'에 뚫렸다...핵심 코드 저장소까지 노출",2026-09-19,독립 보안 연구진이 앤트로픽의 '클로드'를 활용해 오픈AI 직원의 계정에 침입하고 비공개 코드 저장소에 접근한 사건이 발생했다.월스트리트저널은 17일(현지시간) 보안 전문 기업 해크트론 AI(Hacktron AI) 소속 연구진 3명이 앤트로픽의 클로드를 이용해 오픈AI의 내부 소프트웨어 시스템에 침입했다고 보도했다.이번 공격은 지난 7월23일 오픈AI의 커뮤니티 토론 포럼을 호스팅하는 제3자 서비스 디스커스(Discourse)의 이미지 파일 처리 방식에서 보안 취약점을 발견하면서 시작됐다. 연구진은 사이버 보안 전문가용으로 제공된,독립 보안 연구진이 앤트로픽의 '클로드'를 활용해 오픈AI 직원의 계정에 침입하고 비공개 코드 저장소에 접근한 사건이 발생했다.월스트리트저널은 17일(현지시간) 보안 전문 기업 해크트론 AI(Hacktron AI) 소속 연구진 3명이 앤트로픽의 클로드를 이용해 오픈AI의 내부 소프트웨어 시스템에 침입했다고 보도했다.이번 공격은 지난 7월23일 오픈AI의 커...,https://www.aitimes.com/news/articleView.html?idxno=215477,AI Times,,AI|기술동향,2026-09-19T15:38:10.090473+09:00,False,False,live
ART-01241,tech,"구글, AI 문제 해결에 ‘재귀적 자기개선’ 도입...탐색 비용 162배 절감",2026-09-18,"구글이 AI 에이전트의 문제 해결 과정에 재귀적 자기개선(RSI)을 적용하면서도 탐색에 필요한 실행 비용을 크게 줄이는 새로운 방법을 공개했다. 구글은 17일(현지시간) AI 코딩 및 문제 해결(탐색) 에이전트가 실패한 경로를 반복 실행하며 막대한 연산 비용을 낭비하는 문제를 해결하기 위해, 과거의 경로 탐색 기록을 재사용하는 '드림-RSI(Dream-RSI)' 시스템을 공개했다.과거 탐색 기록을 일종의 시뮬레이터로 활용해 수천개의 새로운 탐색 전략을 실제 코드 실행 없이 평가하는 것이 핵심이다.RSI는 AI가 문제를 해결하는 과정","구글이 AI 에이전트의 문제 해결 과정에 재귀적 자기개선(RSI)을 적용하면서도 탐색에 필요한 실행 비용을 크게 줄이는 새로운 방법을 공개했다. 구글은 17일(현지시간) AI 코딩 및 문제 해결(탐색) 에이전트가 실패한 경로를 반복 실행하며 막대한 연산 비용을 낭비하는 문제를 해결하기 위해, 과거의 경로 탐색 기록을 재사용하는 '드림-RSI(Dream-RS...",https://www.aitimes.com/news/articleView.html?idxno=215459,AI Times,,AI|기술동향,2026-09-19T15:38:10.090473+09:00,False,False,live
ART-01242,tech,"앤드류 응 ""AI 인류 멸종 위협은 SF""...'공포 마케팅' 일침",2026-09-18,"초지능 AI가 인류를 멸종시킬 수 있다는 경고가 잇따르는 가운데, AI 분야의 개척자로 꼽히는 앤드류 응 스탠포드대학교 교수가 이러한 주장을 강하게 비판했다. 그는 AI의 현실적인 위험에 대해서는 대응해야 하지만, 이를 인류 멸종 위협으로 확대하는 것은 과학적 근거보다 SF에 가깝다고 주장했다.응 교수는 17일(현지시간) 블룸버그TV와의 인터뷰에서 빅테크 기업과 AI 연구진이 AI 붐 초기부터 잠재적인 재앙을 강조하며 과도한 홍보 효과를 누리고, 자신들에게 유리한 규제 환경을 조성하려 했다고 지적했다.그는 최근 다시 AI의 실존적","초지능 AI가 인류를 멸종시킬 수 있다는 경고가 잇따르는 가운데, AI 분야의 개척자로 꼽히는 앤드류 응 스탠포드대학교 교수가 이러한 주장을 강하게 비판했다. 그는 AI의 현실적인 위험에 대해서는 대응해야 하지만, 이를 인류 멸종 위협으로 확대하는 것은 과학적 근거보다 SF에 가깝다고 주장했다.응 교수는 17일(현지시간) 블룸버그TV와의 인터뷰에서 빅테크 ...",https://www.aitimes.com/news/articleView.html?idxno=215461,AI Times,,AI|기술동향,2026-09-19T15:38:10.090473+09:00,False,False,live
ART-01243,tech,"오픈AI, 또 다른 밀레니엄 수학 문제 '호지 추측' 해결에 근접",2026-09-18,"오픈AI가 밀레니엄 수학 난제 가운데 하나인 ‘나비에-스토크스 존재성과 매끄러움 문제’ 해결에 이어서 또 다른 난제 ‘호지 추측(Hodge Conjecture)’ 해결에 가까워진 것으로 전해졌다. 17일(현지시간) 디 인포메이션에 따르면, 오픈AI는 호지 추측의 해법을 비교적 가까운 시일 내 도출할 수 있을 것으로 기대하고 있다.호지 추측은 다항식 방정식으로 정의되는 도형의 특정 기하학적 특징을 더 단순한 대수적 요소를 이용해 표현할 수 있는지를 묻는 문제다. 2000년 클레이 수학연구소가 선정한 7개의 ‘밀레니엄 수학 문제’ 가운","오픈AI가 밀레니엄 수학 난제 가운데 하나인 ‘나비에-스토크스 존재성과 매끄러움 문제’ 해결에 이어서 또 다른 난제 ‘호지 추측(Hodge Conjecture)’ 해결에 가까워진 것으로 전해졌다. 17일(현지시간) 디 인포메이션에 따르면, 오픈AI는 호지 추측의 해법을 비교적 가까운 시일 내 도출할 수 있을 것으로 기대하고 있다.호지 추측은 다항식 방정식으...",https://www.aitimes.com/news/articleView.html?idxno=215443,AI Times,,AI|기술동향,2026-09-19T15:38:10.090473+09:00,False,False,live
ART-01244,tech,"스탠포드, 논문을 '대화형 에이전트'로 만드는 프레임워크 공개",2026-09-18,"논문에 포함된 복잡한 분석 코드와 연구 방법을 자동으로 검증하고, 자연어로 실행할 수 있는 대화형 AI 에이전트로 바꾸는 오픈소스 시스템이 등장했다. 스탠포드대학교 연구진은 16일(현지시간) 논문과 코드 저장소를 분석해 연구 방법을 실행 가능한 도구로 변환하는 '페이퍼투에이전트(Paper2Agent)'를 네이처를 통해 공개했다. 단순히 논문 내용을 요약하는 것을 넘어, 논문에 담긴 연구 방법을 검증 가능한 실행 도구로 바꾼다는 점이 핵심이다.컴퓨터과학이나 바이오메디컬 분야의 연구 논문은 코드가 함께 공개되더라도 일반 연구자가 직접","논문에 포함된 복잡한 분석 코드와 연구 방법을 자동으로 검증하고, 자연어로 실행할 수 있는 대화형 AI 에이전트로 바꾸는 오픈소스 시스템이 등장했다. 스탠포드대학교 연구진은 16일(현지시간) 논문과 코드 저장소를 분석해 연구 방법을 실행 가능한 도구로 변환하는 '페이퍼투에이전트(Paper2Agent)'를 네이처를 통해 공개했다. 단순히 논문 내용을 요약하는...",https://www.aitimes.com/news/articleView.html?idxno=215465,AI Times,,AI|기술동향,2026-09-19T15:38:10.090473+09:00,False,False,live
ART-01245,tech,"""낯선 가정서 집안일 척척""...피규어 AI, 로봇 모델 '헬릭스 2.5' 공개",2026-09-18,"휴머노이드 로봇이 한 번도 방문하지 않은 가정에서도 별도의 환경 적응이나 추가 데이터 수집 없이 집안일을 수행할 수 있다는 실험 결과가 나왔다. 이번 결과는 작업 장소마다 별도로 학습하는 방식에서 벗어나, 인간의 행동 경험을 사전 학습해 실제 환경에 바로 적용하는 방향으로 발전할 가능성을 보여준다.피규어 AI는 17일(현지시간) 인간의 행동 데이터를 대규모로 사전 학습한 신경망 모델을 기반으로 새로운 환경에서도 즉시 작업할 수 있는 '제로샷(Zero-Shot)' 전신 제어 능력을 구현했다고 밝혔다.이번에 공개한 '헬릭스 2.5(He","휴머노이드 로봇이 한 번도 방문하지 않은 가정에서도 별도의 환경 적응이나 추가 데이터 수집 없이 집안일을 수행할 수 있다는 실험 결과가 나왔다. 이번 결과는 작업 장소마다 별도로 학습하는 방식에서 벗어나, 인간의 행동 경험을 사전 학습해 실제 환경에 바로 적용하는 방향으로 발전할 가능성을 보여준다.피규어 AI는 17일(현지시간) 인간의 행동 데이터를 대규모...",https://www.aitimes.com/news/articleView.html?idxno=215470,AI Times,,AI|기술동향,2026-09-19T15:38:10.090473+09:00,False,False,live
ART-01246,tech,"클로드 코드·코덱스, '스킬' 무단 업데이트에 서버 탈취 위험",2026-09-18,"주요 AI 코딩 에이전트 전반에서 '스킬'을 업데이트하는 과정에서 치명적인 구조적 보안 결함이 드러났다. 사용자가 아무런 클릭을 하지 않아도 시스템 제어권을 해커에게 완전히 빼앗기는 치명적 문제로, 현재는 모두 해결된 상태다.사이버 보안 스타트업 에어(Air)는 18일 발표한 연구 보고서를 통해 앤트로픽의 '클로드 코드', 오픈AI의 '코덱스', 구글의 '제미나이 CLI', 마이크로소프트(MS)의 '깃허브 코파일럿' 등 4종의 AI 코딩 에이전트에서 제로 클릭(Zero-Click) 원격 코드 실행 취약점인 '플러그인4쉘(Plugin","주요 AI 코딩 에이전트 전반에서 '스킬'을 업데이트하는 과정에서 치명적인 구조적 보안 결함이 드러났다. 사용자가 아무런 클릭을 하지 않아도 시스템 제어권을 해커에게 완전히 빼앗기는 치명적 문제로, 현재는 모두 해결된 상태다.사이버 보안 스타트업 에어(Air)는 18일 발표한 연구 보고서를 통해 앤트로픽의 '클로드 코드', 오픈AI의 '코덱스', 구글의 '...",https://www.aitimes.com/news/articleView.html?idxno=215454,AI Times,,AI|기술동향,2026-09-19T15:38:10.090473+09:00,False,False,live
ART-01247,tech,"""AI 검색 속도 최대 20배""...구글, 차세대 프레임워크 'R4T' 발표",2026-09-18,AI 검색이 복잡해질수록 질문을 여러 세부 검색어로 나누고 결과를 조합하는 과정에서 막대한 추론 연산과 응답 지연이 발생하고 있다. 구글은 이러한 문제를 실시간 검색 단계가 아닌 사전 학습 단계에서 해결해 검색 속도를 최대 20배 향상하는 새로운 방식을 제시했다. 구글은 15일(현지시간) 복잡한 AI 검색에서 발생하는 추론 시간과 연산 비용을 줄이기 위한 새로운 프레임워크 ‘리트리브 포 트레인(R4T·Retrieve-for-Train)’을 온라인 아카이브를 통해 공개했다.이 방식은 검색할 때마다 대형언어모델(LLM)이 수백개의 사고,AI 검색이 복잡해질수록 질문을 여러 세부 검색어로 나누고 결과를 조합하는 과정에서 막대한 추론 연산과 응답 지연이 발생하고 있다. 구글은 이러한 문제를 실시간 검색 단계가 아닌 사전 학습 단계에서 해결해 검색 속도를 최대 20배 향상하는 새로운 방식을 제시했다. 구글은 15일(현지시간) 복잡한 AI 검색에서 발생하는 추론 시간과 연산 비용을 줄이기 위한 ...,https://www.aitimes.com/news/articleView.html?idxno=215460,AI Times,,AI|기술동향,2026-09-19T15:38:10.090473+09:00,False,False,live
ART-01248,tech,"중국 AI 총매출, 오픈AI·앤트로픽 10% 불과...몸값 '거품' 논란",2026-09-18,"중국의 AI 모델이 빠르게 인기를 얻고 있지만, 수익 창출은 미국 주요 AI 기업에 크게 못 미치는 것으로 나타났다. CNBC에 따르면, 시장조사기관 로디움 그룹(Rhodium Group)은 17일(현지시간) 중국 AI 기업들의 낮은 매출과 높은 기업가치 사이에 상당한 격차가 있다며, 일부 기업의 가치 평가가 과도할 수 있다는 분석을 내놨다.이에 따르면, 중국 주요 AI 모델 기업들의 연간 반복 매출(ARR)을 모두 합쳐도 오픈AI와 앤트로픽이 각각 기록한 매출의 약 10% 수준에 그치는 것으로 추정됐다. ARR은 최근 월간 매출을","중국의 AI 모델이 빠르게 인기를 얻고 있지만, 수익 창출은 미국 주요 AI 기업에 크게 못 미치는 것으로 나타났다. CNBC에 따르면, 시장조사기관 로디움 그룹(Rhodium Group)은 17일(현지시간) 중국 AI 기업들의 낮은 매출과 높은 기업가치 사이에 상당한 격차가 있다며, 일부 기업의 가치 평가가 과도할 수 있다는 분석을 내놨다.이에 따르면, ...",https://www.aitimes.com/news/articleView.html?idxno=215463,AI Times,,AI|기술동향,2026-09-19T15:38:10.090473+09:00,False,False,live
ART-01249,tech,"[게시판] 에스트래픽, 강릉 ITS 세계총회서 지능형 AI 챗봇 운영 등 단신",2026-09-18,"■ 스마트교통 전문 에스트래픽(대표 문찬종)이 2026 강릉 ITS 세계총회'의 개최를 위해 국토교통부 대도시권광역교통위원회(대광위), 강릉시, 한국도로공사와 MOU를 체결했다고 밝혔다. 현장 이용자 편의를 극대화하기 위해 '지능형 AI 챗봇' 형태의 스마트 고객 응대 시스템을 운영한다. 다국적 방문객들의 문의에 신속하고 직관적으로 대응, 단순 기술 시연을 넘어 완성도 높은 K-MaaS 운영 모델을 입증한다는 계획이다.■ 양자보안 팹리스 전문 아이씨티케이(ICTK, 대표 이정원)는 지란지교시큐리티(대표 조원희)와 ‘큐브릿지(Q-BR","■ 스마트교통 전문 에스트래픽(대표 문찬종)이 2026 강릉 ITS 세계총회'의 개최를 위해 국토교통부 대도시권광역교통위원회(대광위), 강릉시, 한국도로공사와 MOU를 체결했다고 밝혔다. 현장 이용자 편의를 극대화하기 위해 '지능형 AI 챗봇' 형태의 스마트 고객 응대 시스템을 운영한다. 다국적 방문객들의 문의에 신속하고 직관적으로 대응, 단순 기술 시연을...",https://www.aitimes.com/news/articleView.html?idxno=215473,AI Times,,AI|기술동향,2026-09-19T15:38:10.090473+09:00,False,False,live
ART-01250,tech,"[게시판] 코난테크놀로지, 경남 '피지컬AI 국책사업' 선정 등 단신",2026-09-18,"■ 코난테크놀로지(대표 김영섬)는 과학기술정보통신부 주관 '전북특별자치도·경상남도 피지컬AI 연구개발(R&D) 사업'에 착수한다고 밝혔다. 이번 사업은 총 6763억원 규모로 '인간-AI 협업형 거대행동모델(LAM)' 개발을 목표로 한다. 코난테크놀로지는 메가존, 한국전자통신연구원(ETRI)과 제조데이터 신뢰성 확보 과제에 참여해 비정형 데이터 변환과 데이터 품질 관리를 담당한다.■ 로브로스(대표 노승준)는 지난 17일 대한상공회의소 국제회의장에서 열린 '2026 M.AX 대상'에서 산업통상부 장관 표창을 수상했다고 밝혔다. 로브로","■ 코난테크놀로지(대표 김영섬)는 과학기술정보통신부 주관 '전북특별자치도·경상남도 피지컬AI 연구개발(R&D) 사업'에 착수한다고 밝혔다. 이번 사업은 총 6763억원 규모로 '인간-AI 협업형 거대행동모델(LAM)' 개발을 목표로 한다. 코난테크놀로지는 메가존, 한국전자통신연구원(ETRI)과 제조데이터 신뢰성 확보 과제에 참여해 비정형 데이터 변환과 데이...",https://www.aitimes.com/news/articleView.html?idxno=215468,AI Times,,AI|기술동향,2026-09-19T15:38:10.090473+09:00,False,False,live
ART-01251,tech,"'작지만 강한' 업스테이지 솔라 미니 4, 수능 수학 정답·속도 다 잡아",2026-09-18,"서강대학교 수학과 김종락 교수 연구팀은 업스테이지의 경량 모델 '솔라 미니 4 프리뷰'가 수능 수학 평가에서 높은 정답률과 빠른 속도, 뛰어난 도구 활용 능력을 보였다고 18일 밝혔다.솔라 미니 4는 전체 매개변수 350억개, 토큰당 활성 매개변수 30억개의 경량 모델이다. 연구팀은 자체 AI 수학 추론 평가 플랫폼 '앤트로피매스'를 통해 해당 모델의 수능 수학 문제 해결 능력을 검증했다.평가는 총 46문항으로 공통 22문항과 확률과 통계·미적분·기하 각 8문항으로 구성됐다.평가 결과, 솔라 미니 4는 문항당 세 번 시도 중 한 번","서강대학교 수학과 김종락 교수 연구팀은 업스테이지의 경량 모델 '솔라 미니 4 프리뷰'가 수능 수학 평가에서 높은 정답률과 빠른 속도, 뛰어난 도구 활용 능력을 보였다고 18일 밝혔다.솔라 미니 4는 전체 매개변수 350억개, 토큰당 활성 매개변수 30억개의 경량 모델이다. 연구팀은 자체 AI 수학 추론 평가 플랫폼 '앤트로피매스'를 통해 해당 모델의 수능...",https://www.aitimes.com/news/articleView.html?idxno=215457,AI Times,,AI|기술동향,2026-09-19T15:38:10.090473+09:00,False,False,live
ART-01252,tech,"저커버그·젠슨 황·머스크, 트럼프 직접 설득…백악관 'AI 규제안' 무산",2026-09-18,"마크 저커버그 메타 CEO와 젠슨 황 엔비디아 CEO, 일론 머스크 CEO 등 빅테크 수장 3인이 도널드 트럼프 미국 대통령을 직접 설득해 민간 주도의 AI 규제 기구 설립 구상을 무산시킨 것으로 얼려졌다.16일(현지시간) 월스트리트저널(WSJ)에 따르면, 수지 와일스 백악관 비서실장과 스콧 베선트 재무장관, 숀 케언크로스 국가사이버보안 책임자 등 백악관 고위 관리들은 최근 AI 기술 위험성에 대응하기 위해 민간 자금으로 설립되는 규제 기관 설치를 포함해 정부 차원의 검토를 의무화하는 방안을 추진해 왔다. 베선트 장관은 AI 기반","마크 저커버그 메타 CEO와 젠슨 황 엔비디아 CEO, 일론 머스크 CEO 등 빅테크 수장 3인이 도널드 트럼프 미국 대통령을 직접 설득해 민간 주도의 AI 규제 기구 설립 구상을 무산시킨 것으로 얼려졌다.16일(현지시간) 월스트리트저널(WSJ)에 따르면, 수지 와일스 백악관 비서실장과 스콧 베선트 재무장관, 숀 케언크로스 국가사이버보안 책임자 등 백악관 ...",https://www.aitimes.com/news/articleView.html?idxno=215469,AI Times,,AI|기술동향,2026-09-19T15:38:10.090473+09:00,False,False,live
ART-01253,tech,"오픈AI, '대형 신제품' 출시 일주일 연기…'GPT-6 솔' 기대감 고조",2026-09-18,"샘 알트먼 오픈AI CEO가 이번 주 예정이던 대형 신제품의 출시 일정을 다음 주로 연기했다.알트먼 CEO는 17일(현지시간) X를 통해 ""이번 주 출시를 가장 기대했던 메인 제품이 다음 주로 연기됐다""라며 ""그러나 기다릴 만한 충분한 가치가 있을 것""이라고 밝혔다. 이유는 언급하지 않았다.그는 이틀 전인 15일 이번 주 대형 신제품 출시와 더불어 '데브데이' 현장에서 추가 제품 다수를 선보일 예정이라고 밝힌 바 있다.the main thing i was excited about launching this week will be n","샘 알트먼 오픈AI CEO가 이번 주 예정이던 대형 신제품의 출시 일정을 다음 주로 연기했다.알트먼 CEO는 17일(현지시간) X를 통해 ""이번 주 출시를 가장 기대했던 메인 제품이 다음 주로 연기됐다""라며 ""그러나 기다릴 만한 충분한 가치가 있을 것""이라고 밝혔다. 이유는 언급하지 않았다.그는 이틀 전인 15일 이번 주 대형 신제품 출시와 더불어 '데브데...",https://www.aitimes.com/news/articleView.html?idxno=215462,AI Times,,AI|기술동향,2026-09-19T15:38:10.090473+09:00,False,False,live
ART-01254,tech,"AI스페라, 위협 노출 관리 솔루션에 MS 에이전트 기술 적용",2026-09-18,"AI스페라(대표 강병탁)는 자체 AI 기반 위협 노출 관리(AITEM)에 마이크로소프트(MS)의 AI 에이전트 기술을 적용, 보안 운영 자동화를 구현했다고 18일 밝혔다.AITEM은 자체 사이버 위협 인텔리전스 '크리미널 IP'를 활용해 기업의 외부 노출 자산과 취약점, 위협 인텔리전스를 식별·분석하고 대응 우선순위를 지원하는 서비스다.이번에 AI 에이전트 기능을 새롭게 적용해 자산 식별부터 위험 분석, 대응 검토에 이르는 전 과정을 자동화했다.이를 구현하기 위해 MS의 파운드리 기반 AI 개발·운영 환경을 활용했다. MS 파운드리","AI스페라(대표 강병탁)는 자체 AI 기반 위협 노출 관리(AITEM)에 마이크로소프트(MS)의 AI 에이전트 기술을 적용, 보안 운영 자동화를 구현했다고 18일 밝혔다.AITEM은 자체 사이버 위협 인텔리전스 '크리미널 IP'를 활용해 기업의 외부 노출 자산과 취약점, 위협 인텔리전스를 식별·분석하고 대응 우선순위를 지원하는 서비스다.이번에 AI 에이전트...",https://www.aitimes.com/news/articleView.html?idxno=215471,AI Times,,AI|기술동향,2026-09-19T15:38:10.090473+09:00,False,False,live
ART-01255,tech,"오픈AI, ‘법률용 아스트라’ 발표...빅 로펌·기술 기업 맞춤 AI 지원",2026-09-18,"오픈AI가 단순한 법률 정보 검색과 문서 분석을 넘어, 법률회사가 보유한 전문 지식과 고유한 업무 방식을 AI에 접목할 수 있는 맞춤형 법률 AI를 선보였다. 오픈AI는 17일(현지시간) 법률 업무에 특화한 AI 플랫폼 ‘법률용 아스트라(Astra for Law)’를 공개했다.최신 모델인 'GPT-6 아스트라'에 법률 검색 기능과 법률 분석·작성에 최적화된 지침, 전문 도구를 결합해 변호사의 법률 조사와 문서 작성은 물론 법률회사와 법률 기술 기업이 자체 AI 서비스와 업무 흐름을 구축할 수 있도록 한 것이 특징이다.미국 판례와 법","오픈AI가 단순한 법률 정보 검색과 문서 분석을 넘어, 법률회사가 보유한 전문 지식과 고유한 업무 방식을 AI에 접목할 수 있는 맞춤형 법률 AI를 선보였다. 오픈AI는 17일(현지시간) 법률 업무에 특화한 AI 플랫폼 ‘법률용 아스트라(Astra for Law)’를 공개했다.최신 모델인 'GPT-6 아스트라'에 법률 검색 기능과 법률 분석·작성에 최적화된...",https://www.aitimes.com/news/articleView.html?idxno=215450,AI Times,,AI|기술동향,2026-09-19T15:38:10.090473+09:00,False,False,live
ART-01256,tech,"""워드 안에서 챗GPT 쓴다""...오픈AI, MS 워드 통합 기능 확대",2026-09-18,"'챗GPT'를 MS 워드(Microsoft Word)에서 직접 사용할 수 있게 됐다. 별도의 AI 서비스로 이동하지 않아도 워드 안에서 메모를 바탕으로 문서 초안을 만들고, 까다로운 문장을 정리하거나 오탈자를 점검하는 것은 물론 문장 수정안까지 제안받을 수 있다. 오픈AI는 17일(현지시간) MS 워드에 챗GPT를 통합하고 무료 사용자를 포함한 전체 요금제로 서비스를 확대했다. 챗GPT는 워드 작업 창 옆에 표시되는 사이드바를 통해 이용할 수 있다. 사용자가 작성해 둔 메모를 바탕으로 문서 초안을 만들거나 길고 복잡한 문서를 요약할","'챗GPT'를 MS 워드(Microsoft Word)에서 직접 사용할 수 있게 됐다. 별도의 AI 서비스로 이동하지 않아도 워드 안에서 메모를 바탕으로 문서 초안을 만들고, 까다로운 문장을 정리하거나 오탈자를 점검하는 것은 물론 문장 수정안까지 제안받을 수 있다. 오픈AI는 17일(현지시간) MS 워드에 챗GPT를 통합하고 무료 사용자를 포함한 전체 요금제...",https://www.aitimes.com/news/articleView.html?idxno=215448,AI Times,,AI|기술동향,2026-09-19T15:38:10.090473+09:00,False,False,live
ART-01257,tech,"위버스브레인, 18년 축적 학습 데이터로 '습관 설계 AI' 개발 나서",2026-09-18,"AI 교육 전문 위버스브레인(대표 조세원, 이용국)이 뇌과학자 장동선 박사와 '습관 설계 AI'를 주제로 개발 협업에 나선다고 18일 밝혔다. 이번 협력은 학습 습관은 의지가 아닌 설계의 영역이라는 문제 의식을 바탕으로, '하기 싫은 일도 지속할 수 있게 돕는 AI' 개발과 서비스 연구에 중점을 둔다.위버스브레인은 18년간 어학 서비스를 운영하며 축적한 학습 지속 데이터를 바탕으로 습관 설계 AI 개발을 담당한다. 서비스 이용자 1만7000명의 24개월 학습 기록 분석 결과, 첫 주 동안 매일 학습한 사람이 첫 주를 건너뛴 사람보다","AI 교육 전문 위버스브레인(대표 조세원, 이용국)이 뇌과학자 장동선 박사와 '습관 설계 AI'를 주제로 개발 협업에 나선다고 18일 밝혔다. 이번 협력은 학습 습관은 의지가 아닌 설계의 영역이라는 문제 의식을 바탕으로, '하기 싫은 일도 지속할 수 있게 돕는 AI' 개발과 서비스 연구에 중점을 둔다.위버스브레인은 18년간 어학 서비스를 운영하며 축적한 학...",https://www.aitimes.com/news/articleView.html?idxno=215458,AI Times,,AI|기술동향,2026-09-19T15:38:10.090473+09:00,False,False,live
ART-01258,tech,"네이버 D2SF, 헬스케어 스타트업 임프리메드·무니스에 신규 투자",2026-09-18,"네이버 D2SF가 글로벌 헬스케어 스타트업 임프리메드(대표 임성원)와 무니스(대표 권서현)에 신규 투자를 진행했다고 18일 밝혔다.임프리메드는 환자의 암세포를 체외에서 분석하고 면역표현형·유전체·임상 데이터 등을 결합해 최적의 항암 치료 의사결정을 돕는 정밀의료 솔루션을 개발하고 있다. 350만건 이상의 환자 데이터를 기반으로 AI 모델을 개발 중이며, 데이터와 세포 분석 기술을 결합해 치료 예측 정확도를 높여가고 있다.현재는 혈액암과 혈액 내 감염증을 중심으로 제품화를 준비 중이며, 2027년 1분기 안에 FDA 및 CLIA 인허","네이버 D2SF가 글로벌 헬스케어 스타트업 임프리메드(대표 임성원)와 무니스(대표 권서현)에 신규 투자를 진행했다고 18일 밝혔다.임프리메드는 환자의 암세포를 체외에서 분석하고 면역표현형·유전체·임상 데이터 등을 결합해 최적의 항암 치료 의사결정을 돕는 정밀의료 솔루션을 개발하고 있다. 350만건 이상의 환자 데이터를 기반으로 AI 모델을 개발 중이며, 데...",https://www.aitimes.com/news/articleView.html?idxno=215456,AI Times,,AI|기술동향,2026-09-19T15:38:10.090473+09:00,False,False,live
ART-01259,tech,"화웨이, 차세대 AI 칩 출시 앞당긴다...""대규모 연결로 엔비디아 추격""",2026-09-18,화웨이가 미국의 반도체 규제가 이어지는 가운데 차세대 AI 칩 출시 일정을 앞당기며 엔비디아 추격에 속도를 내고 있다. 개별 칩의 성능 격차를 대규모 칩 연결과 고속 데이터 전송 기술로 보완하는 방식으로 AI 컴퓨팅 경쟁력을 높이고 중국 내 AI 반도체 자립을 강화한다는 전략이다.화웨이는 17일 상하이에서 열린 '커넥트' 행사를 통해 차세대 AI 가속기인 ‘어센드(Ascend) 960DT’를 2027년 1분기에 출시할 계획이라고 밝혔다. 당초 2027년 3분기 출시 예정이었던 일정을 약 두 분기 앞당긴 것이다.이후 ‘어센드 960P,화웨이가 미국의 반도체 규제가 이어지는 가운데 차세대 AI 칩 출시 일정을 앞당기며 엔비디아 추격에 속도를 내고 있다. 개별 칩의 성능 격차를 대규모 칩 연결과 고속 데이터 전송 기술로 보완하는 방식으로 AI 컴퓨팅 경쟁력을 높이고 중국 내 AI 반도체 자립을 강화한다는 전략이다.화웨이는 17일 상하이에서 열린 '커넥트' 행사를 통해 차세대 AI 가속기인 ...,https://www.aitimes.com/news/articleView.html?idxno=215455,AI Times,,AI|기술동향,2026-09-19T15:38:10.090473+09:00,False,False,live
ART-01260,tech,"셀렉트스타 ""AI 검증, 일회성 시험 아냐""...전 주기 상시 평가 체계 강조",2026-09-18,"셀렉트스타(대표 김세엽)는 17일 서울 포스코타워 역삼에서 한국능률협회컨설팅(KMAC), 법무법인 린과 공동으로 'AI 기본법 이후의 실전 대응: 책임·거버넌스·검증' 세미나를 개최했다고 밝혔다.이번 세미나는 AI 기본법 시행 이후 기업과 공공기관이 갖춰야 할 대응 방안을 법률·규제 해석부터 조직 거버넌스, 실제 AI 서비스의 기술적 검증 등을 다뤘다.오프닝 축사는 강상욱 과학기술정보통신부 기획조정실장이 담당했으며, KMAC 오철세 상무가 환영사를 전했다. 이후 린이 AI 공공조달과 보안 규제 변화를, KMAC이 책임 있는 AI 운","셀렉트스타(대표 김세엽)는 17일 서울 포스코타워 역삼에서 한국능률협회컨설팅(KMAC), 법무법인 린과 공동으로 'AI 기본법 이후의 실전 대응: 책임·거버넌스·검증' 세미나를 개최했다고 밝혔다.이번 세미나는 AI 기본법 시행 이후 기업과 공공기관이 갖춰야 할 대응 방안을 법률·규제 해석부터 조직 거버넌스, 실제 AI 서비스의 기술적 검증 등을 다뤘다.오프...",https://www.aitimes.com/news/articleView.html?idxno=215439,AI Times,,AI|기술동향,2026-09-19T15:38:10.090473+09:00,False,False,live
ART-01261,tech,"한국인 76% ""AI가 내 일자리 뺏을 것""...고용 불안도 세계 최고 수준",2026-09-18,"전 세계 37개국 조사에서 다수의 응답자가 AI가 향후 20년간 새로운 일자리를 만드는 것보다 기존 일자리를 더 많이 없앨 것이라고 답했다.퓨 리서치 센터(Pew Research Center)는 지난 2월8일부터 5월13일까지 37개국 성인 4만 2151명을 대상으로 AI가 고용과 일상, 소득 불평등에 미치는 영향에 대한 인식을 조사했다.17일(현지시간) 공개한 결과 보고서에 따르면, 37개국 중 34개국에서 AI가 신규 일자리 창출보다 기존 일자리를 없앨 것이라는 응답이 더 높게 나타났다. 호주와 한국이 각각 76%로 가장 높았고","전 세계 37개국 조사에서 다수의 응답자가 AI가 향후 20년간 새로운 일자리를 만드는 것보다 기존 일자리를 더 많이 없앨 것이라고 답했다.퓨 리서치 센터(Pew Research Center)는 지난 2월8일부터 5월13일까지 37개국 성인 4만 2151명을 대상으로 AI가 고용과 일상, 소득 불평등에 미치는 영향에 대한 인식을 조사했다.17일(현지시간) ...",https://www.aitimes.com/news/articleView.html?idxno=215449,AI Times,,AI|기술동향,2026-09-19T15:38:10.090473+09:00,False,False,live
ART-01262,tech,"루닛, 타임 선정 '세계 최고 헬스테크 기업' 등재…“AI 진단 경쟁력 입증”",2026-09-18,"의료 AI 전문 루닛(대표 서범석)은 미국 시사주간지 타임이 발표한 '세계 최고 헬스테크 기업 2026'에 선정됐다고 18일 밝혔다.타임은 글로벌 데이터 전문기관 스태티스타와 함께 지난해부터 다면 평가를 실시하고 있으며, 올해는 30여개국dptj 500개 기업을 선정했다. 이번 평가에서는 ▲AI 및 데이터 분석 ▲진단 ▲의료정보 및 관리 ▲의료기기 및 웨어러블 ▲예방 ▲원격의료 및 치료 등 6개 분야에서 기업별 재무성과, 평판 분석, 온라인 참여도 등 3개 지표를 종합적으로 분석했다. 루닛은 이 가운데 진단(Diagnostics)","의료 AI 전문 루닛(대표 서범석)은 미국 시사주간지 타임이 발표한 '세계 최고 헬스테크 기업 2026'에 선정됐다고 18일 밝혔다.타임은 글로벌 데이터 전문기관 스태티스타와 함께 지난해부터 다면 평가를 실시하고 있으며, 올해는 30여개국dptj 500개 기업을 선정했다. 이번 평가에서는 ▲AI 및 데이터 분석 ▲진단 ▲의료정보 및 관리 ▲의료기기 및 웨어...",https://www.aitimes.com/news/articleView.html?idxno=215453,AI Times,,AI|기술동향,2026-09-19T15:38:10.090473+09:00,False,False,live
ART-01263,tech,네이버클라우드 “AI 풀스택·FDE 동원해 국방 AX 지원할 것”,2026-09-18,"네이버클라우드가 군사 데이터를 연결하는 AI 풀스택 기술력을 강화해 현장배치엔지니어(FDE) 인력과 함께 국방 AI전환(AX)을 지원하겠다고 밝혔다.네이버클라우드(대표 김유원)가 18일 서울 신라호텔에서 국방부, 합동참모본부, 각 군 관계자 등 550명을 대상으로 '국방 AI 전략 세미나'를 개최했다.네이버클라우드는 단순한 AI 공급자를 넘어 국내 국방의 AX를 장기적으로 함께 설계하고 검증하는 파트너로서 전략을 제시했다. AI 모델, 서비스, 인프라까지 아우르는 풀스택 역량과 검증된 보안 기술력을 바탕으로 인프라부터 실제 임무 적","네이버클라우드가 군사 데이터를 연결하는 AI 풀스택 기술력을 강화해 현장배치엔지니어(FDE) 인력과 함께 국방 AI전환(AX)을 지원하겠다고 밝혔다.네이버클라우드(대표 김유원)가 18일 서울 신라호텔에서 국방부, 합동참모본부, 각 군 관계자 등 550명을 대상으로 '국방 AI 전략 세미나'를 개최했다.네이버클라우드는 단순한 AI 공급자를 넘어 국내 국방의 ...",https://www.aitimes.com/news/articleView.html?idxno=215451,AI Times,,AI|기술동향,2026-09-19T15:38:10.090473+09:00,False,False,live
ART-01264,tech,"순천, ‘청년의 날’ 축제 19일 개최…공연·토크·마켓 한자리",2026-09-18,"AI 생성 영상순천시에서 청년과 시민이 함께 즐기는 ‘2026년 순천 청년의 날 축제’가 열린다.순천은 오는 19일 신대공영주차장에서 청년의 날 축제를 개최한다고 밝혔다.행사는 ‘함께 여는 더 큰 순천, 시작은 청년’을 주제로 오후 2시부터 밤 10시까지 공연과 토크, 마켓, 먹거리, 정책·체험 프로그램으로 진행된다.지역 예술인의 아고라 공연을 시작으로 대학생 밴드와 청년 버스킹 무대가 이어진다.‘청년의 요즘.zip’ 청년토크쇼에서는 청년들이 일상과 고민, 생각을 나누는 시간을 갖는다.청년의 날 기념식에서는 ‘천개의 아이디어’ 공모","AI 생성 영상순천시에서 청년과 시민이 함께 즐기는 ‘2026년 순천 청년의 날 축제’가 열린다.순천은 오는 19일 신대공영주차장에서 청년의 날 축제를 개최한다고 밝혔다.행사는 ‘함께 여는 더 큰 순천, 시작은 청년’을 주제로 오후 2시부터 밤 10시까지 공연과 토크, 마켓, 먹거리, 정책·체험 프로그램으로 진행된다.지역 예술인의 아고라 공연을 시작으로 대...",https://www.aitimes.com/news/articleView.html?idxno=215436,AI Times,,AI|기술동향,2026-09-19T15:38:10.090473+09:00,False,False,live
ART-01265,tech,"전남광주, 추석 앞두고 도축장 새벽 5시 조기 개장…안전검사 강화",2026-09-18,AI 생성 영상전남광주통합특별시가 추석 성수기 축산물 수요에 대응하기 위해 도축장 운영시간을 늘리고 식육 안전성 검사를 강화한다.전남광주 동물위생시험소는 도축장 개장 시간을 새벽 5시로 앞당기고 작업 종료 시간도 연장해 운영한다고 18일 밝혔다.추석 연휴 전 주말에도 도축장 요청에 따라 운영을 지원해 축산물 공급에 차질이 없도록 할 계획이다.공급 확대와 함께 도축 단계 안전성 검사도 병행한다. 도축검사관은 도축장에서 가축의 건강 상태를 확인하는 생체검사부터 도축 후 식육검사까지 단계별 검사를 진행한다. 생산된 식육에서는 일반세균과,AI 생성 영상전남광주통합특별시가 추석 성수기 축산물 수요에 대응하기 위해 도축장 운영시간을 늘리고 식육 안전성 검사를 강화한다.전남광주 동물위생시험소는 도축장 개장 시간을 새벽 5시로 앞당기고 작업 종료 시간도 연장해 운영한다고 18일 밝혔다.추석 연휴 전 주말에도 도축장 요청에 따라 운영을 지원해 축산물 공급에 차질이 없도록 할 계획이다.공급 확대와 함...,https://www.aitimes.com/news/articleView.html?idxno=215437,AI Times,,AI|기술동향,2026-09-19T15:38:10.090473+09:00,False,False,live
ART-01266,tech,"제논, 화면 인식·컴퓨터 조작 특화 '훈민 VLM 397B' 오픈소스 공개",2026-09-18,"AI 전문 제논(대표 고석태)이 컴퓨터 화면을 인식하고 직접 조작해 업무를 수행하는 ‘훈민(Hunmin) VLM 397B’를 오픈소스로 공개했다고 18일 밝혔다.제논은 지난해 ‘훈민 32B’와 올해 초 ‘훈민 VLM 235B’를 잇달아 선보이며 범용 AI 모델의 기존 성능을 유지하면서도 실제 업무에 필요한 능력을 더하는 방식으로 시리즈를 고도화해 왔다.훈민 VLM 397B는 3970억 매개변수의 오픈 모델 ‘큐원3.5-397B’을 기반으로 컴퓨터 화면에 대한 조작, 인식, 실행 능력을 강화한 모델이다.AI가 질문에 답하거나 정보를",AI 전문 제논(대표 고석태)이 컴퓨터 화면을 인식하고 직접 조작해 업무를 수행하는 ‘훈민(Hunmin) VLM 397B’를 오픈소스로 공개했다고 18일 밝혔다.제논은 지난해 ‘훈민 32B’와 올해 초 ‘훈민 VLM 235B’를 잇달아 선보이며 범용 AI 모델의 기존 성능을 유지하면서도 실제 업무에 필요한 능력을 더하는 방식으로 시리즈를 고도화해 왔다.훈민...,https://www.aitimes.com/news/articleView.html?idxno=215447,AI Times,,AI|기술동향,2026-09-19T15:38:10.090473+09:00,False,False,live
ART-01267,tech,"찰스 3세, 젠슨 황·허사비스 만나 ""AI 통제 수단 마련해야""",2026-09-18,"찰스 3세 영국 국왕이 세계 주요 AI 기업 수장들을 만나 고도화되는 AI가 통제에서 벗어나거나 악의적인 세력의 손에 들어갈 가능성에 대비해 충분한 안전장치를 마련해야 한다고 촉구했다. BBC 등에 따르면, 찰스 국왕은 17일(현지시간) 스코틀랜드 에어셔의 덤프리스 하우스에서 젠슨 황 엔비디아 CEO, 데미스 허사비스 구글 딥마인드 회장, 사라 프라이어 오픈AI CFO, 앤트로픽 관계자 등과 AI의 사회적 활용과 안전 문제를 논의했다.찰스 국왕은 AI가 생명과학과 의료 분야에서 인간의 삶을 개선하고 구할 잠재력이 있다고 평가하면서도","찰스 3세 영국 국왕이 세계 주요 AI 기업 수장들을 만나 고도화되는 AI가 통제에서 벗어나거나 악의적인 세력의 손에 들어갈 가능성에 대비해 충분한 안전장치를 마련해야 한다고 촉구했다. BBC 등에 따르면, 찰스 국왕은 17일(현지시간) 스코틀랜드 에어셔의 덤프리스 하우스에서 젠슨 황 엔비디아 CEO, 데미스 허사비스 구글 딥마인드 회장, 사라 프라이어 오...",https://www.aitimes.com/news/articleView.html?idxno=215434,AI Times,,AI|기술동향,2026-09-19T15:38:10.090473+09:00,False,False,live
ART-01268,tech,"앤트로픽 ""클로드, 자기개선 주도 26%…관여는 90%""",2026-09-18,"AI가 스스로 차세대 AI 개발에 참여하는 단계에 진입하면서, AI 연구개발의 자동화 속도와 이를 통제하기 위한 안전장치를 어떻게 측정할 것인지가 새로운 과제로 떠오르고 있다. 앤트로픽은 프런티어 AI 개발사로서 재귀적 자기개선(RSI) 과정의 투명성을 확보하고 시스템 통제력을 검증하기 위해 17일(현지시간) 내부 모니터링 지표를 공개했다.AI가 AI를 만드는 과정의 자동화 수준과 에이전트 감독 체계, 컴퓨팅 자원 배분 현황 등을 정량적으로 제시한 것으로, 첨단 AI 개발사가 자체 AI 연구개발(R&D) 자동화 수준을 구체적인 수치","AI가 스스로 차세대 AI 개발에 참여하는 단계에 진입하면서, AI 연구개발의 자동화 속도와 이를 통제하기 위한 안전장치를 어떻게 측정할 것인지가 새로운 과제로 떠오르고 있다. 앤트로픽은 프런티어 AI 개발사로서 재귀적 자기개선(RSI) 과정의 투명성을 확보하고 시스템 통제력을 검증하기 위해 17일(현지시간) 내부 모니터링 지표를 공개했다.AI가 AI를 만...",https://www.aitimes.com/news/articleView.html?idxno=215435,AI Times,,AI|기술동향,2026-09-19T15:38:10.090473+09:00,False,False,live
ART-01269,tech,"앤트로픽, 장기 개발 관리 에이전트 '클로드 코드 프로젝트' 공개",2026-09-18,"앤트로픽이 AI를 단순한 코드 작성 도구를 넘어 장기적인 소프트웨어 개발 프로젝트 전체를 총괄하는 방향으로 진화시키고 있다. 개발자가 개별 작업을 일일이 지시하는 방식에서 벗어나, AI가 스스로 여러 작업을 병렬로 배분하고 과거 결정 사항까지 기억하며 개발 전 과정을 지속 조율하도록 만들기 위한 의도다.앤트로픽은 17일(현지시간) 장기적인 소프트웨어 개발 작업을 여러 AI 세션에 걸쳐 지속적으로 관리하고 실행할 수 있는 ‘클로드 코드 프로젝트(Claude Code Projects)’를 출시했다.단발성 채팅이나 파일을 저장해두는 기존","앤트로픽이 AI를 단순한 코드 작성 도구를 넘어 장기적인 소프트웨어 개발 프로젝트 전체를 총괄하는 방향으로 진화시키고 있다. 개발자가 개별 작업을 일일이 지시하는 방식에서 벗어나, AI가 스스로 여러 작업을 병렬로 배분하고 과거 결정 사항까지 기억하며 개발 전 과정을 지속 조율하도록 만들기 위한 의도다.앤트로픽은 17일(현지시간) 장기적인 소프트웨어 개발 ...",https://www.aitimes.com/news/articleView.html?idxno=215430,AI Times,,AI|기술동향,2026-09-19T15:38:10.090473+09:00,False,False,live
ART-01270,tech,"에바 ‘에이스 프로 맥스’, 기후에너지 혁신상 수상… 열화상 감지 ‘세이버’ 공개",2026-09-18,"전기차 충전 솔루션 기업 에바(EVAR)가 AI 기반 완속충전기 ‘에이스 프로 맥스(ACE PRO MAX)’와 차량 하부 열화상 감지 솔루션 ‘세이버(SAVER)’를 앞세워 전기차 충전 안전 기술 강화에 나선다.에바는 차세대 전기차 충전기 에이스 프로 맥스가 기후에너지환경부가 주최하고 한국에너지공단이 주관하는 ‘2026 기후에너지 혁신상’을 수상했다고 18일 밝혔다. 청정전력과 미래에너지, 기후·환경 분야의 혁신 기술 및 제품을 발굴하기 위해 마련된 이번 시상에서 기술성과 시장 경쟁력, 국내외 파급효과, 글로벌 시장 적합성 등을 인",전기차 충전 솔루션 기업 에바(EVAR)가 AI 기반 완속충전기 ‘에이스 프로 맥스(ACE PRO MAX)’와 차량 하부 열화상 감지 솔루션 ‘세이버(SAVER)’를 앞세워 전기차 충전 안전 기술 강화에 나선다.에바는 차세대 전기차 충전기 에이스 프로 맥스가 기후에너지환경부가 주최하고 한국에너지공단이 주관하는 ‘2026 기후에너지 혁신상’을 수상했다고 18...,https://www.aitimes.com/news/articleView.html?idxno=215444,AI Times,,AI|기술동향,2026-09-19T15:38:10.090473+09:00,False,False,live
ART-01271,tech,폐태양광에 레이저 쐈더니…실리콘 99.998% 순도로 회수,2026-09-18,"폐태양광 모듈을 레이저로 분리해 고순도 실리콘과 은을 회수하는 기술이 개발됐다. 실험실 시험에서 실리콘은 최대 99.998% 순도로, 은은 99.7% 순도로 회수됐으며 두 소재 모두 투입량 대비 회수율은 97%를 기록했다. 기존 파쇄 방식에서 손실되기 쉬운 고부가 소재를 다시 활용할 가능성을 높인 기술이다.네덜란드 응용과학연구기구(TNO) 연구진은 나노초 레이저를 활용한 태양광 모듈 재활용 기술 ‘LARS(Laser Assisted Recycling of Solar Modules)’를 개발했다. 연구 결과는 이달 국제 결정질실리콘","폐태양광 모듈을 레이저로 분리해 고순도 실리콘과 은을 회수하는 기술이 개발됐다. 실험실 시험에서 실리콘은 최대 99.998% 순도로, 은은 99.7% 순도로 회수됐으며 두 소재 모두 투입량 대비 회수율은 97%를 기록했다. 기존 파쇄 방식에서 손실되기 쉬운 고부가 소재를 다시 활용할 가능성을 높인 기술이다.네덜란드 응용과학연구기구(TNO) 연구진은 나노초 ...",https://www.aitimes.com/news/articleView.html?idxno=215427,AI Times,,AI|기술동향,2026-09-19T15:38:10.090473+09:00,False,False,live
ART-01272,tech,폴란드 태양광 개발사업 40.6GW…프로젝트 수 줄고 규모는 커져,2026-09-18,"폴란드에서 계통연계 조건을 확보한 태양광 개발사업 규모가 40.6기가와트(GW)를 넘어선 것으로 나타났다. 개발 중인 프로젝트 수는 줄었지만 전체 설비용량은 오히려 늘면서 대규모 태양광 사업 비중이 확대되는 흐름을 보였다.폴란드 재생에너지연구소(IEO)가 최근 공개한 ‘폴란드 태양광 프로젝트 2026년 8월’ 자료에 따르면 계통연계 조건을 발급받은 태양광 프로젝트는 6450개, 총 설비용량은 4만576메가와트(MW)로 집계됐다. 기준일은 지난 8월13일(현지시간)이다.이번에 집계된 40.6GW는 현재 가동 중인 태양광 발전설비가 아",폴란드에서 계통연계 조건을 확보한 태양광 개발사업 규모가 40.6기가와트(GW)를 넘어선 것으로 나타났다. 개발 중인 프로젝트 수는 줄었지만 전체 설비용량은 오히려 늘면서 대규모 태양광 사업 비중이 확대되는 흐름을 보였다.폴란드 재생에너지연구소(IEO)가 최근 공개한 ‘폴란드 태양광 프로젝트 2026년 8월’ 자료에 따르면 계통연계 조건을 발급받은 태양광 ...,https://www.aitimes.com/news/articleView.html?idxno=215428,AI Times,,AI|기술동향,2026-09-19T15:38:10.090473+09:00,False,False,live
ART-01273,tech,"네이버, AI 데이터센터 전력 확보 확대…진도 태양광 지분 투자 추진",2026-09-18,네이버가 전남광주통합특별시 진도에서 개발 중인 216메가와트(MW) 규모 태양광 프로젝트에 지분을 투자하고 장기 전력구매계약(PPA)을 맺는 방안을 추진한다. AI와 클라우드 서비스 확대로 데이터센터 전력수요가 늘어나는 가운데 발전사업 투자와 장기계약을 병행해 재생에너지 확보 기반을 넓히려는 움직임이다.네이버와 아시아 재생에너지 개발사 거린에너지는 지난 16일 데이터센터용 재생에너지 확보를 위한 양해각서(MOU)를 체결했다. 네이버는 거린에너지가 개발 중인 ‘진도그린태양광’ 프로젝트의 일부 지분 투자와 장기 PPA 체결을 추진한다.,네이버가 전남광주통합특별시 진도에서 개발 중인 216메가와트(MW) 규모 태양광 프로젝트에 지분을 투자하고 장기 전력구매계약(PPA)을 맺는 방안을 추진한다. AI와 클라우드 서비스 확대로 데이터센터 전력수요가 늘어나는 가운데 발전사업 투자와 장기계약을 병행해 재생에너지 확보 기반을 넓히려는 움직임이다.네이버와 아시아 재생에너지 개발사 거린에너지는 지난 1...,https://www.aitimes.com/news/articleView.html?idxno=215400,AI Times,,AI|기술동향,2026-09-19T15:38:10.090473+09:00,False,False,live
ART-01274,tech,[9월17일] 초지능 경고에서 에이전트 통제까지...'p(doom)'이 다시 주목받는 이유,2026-09-18,"‘AI 종말론’이 다시 부각되면서 ‘p(doom)’이라는 표현도 주목받고 있습니다. AI의 대부로 불리는 제프리 힌튼 교수는 최근 인터뷰에서 “앞으로 10년 안에 AI가 인류를 멸종시킬 확률이 10%라는 추정은 비합리적이지 않다”​고 말했습니다. 다만 정확한 확률을 어떻게 계산해야 하는지는 아무도 모른다는 단서도 붙였습니다.p(doom)의 p는 확률을 뜻하는 ‘probability’의 첫 글자로, ‘Probability of Doom’, 즉 AI로 인해 인류가 멸종하거나 이에 준하는 파멸적 결과가 발생할 확률을 뜻합니다.하지만 공식",‘AI 종말론’이 다시 부각되면서 ‘p(doom)’이라는 표현도 주목받고 있습니다. AI의 대부로 불리는 제프리 힌튼 교수는 최근 인터뷰에서 “앞으로 10년 안에 AI가 인류를 멸종시킬 확률이 10%라는 추정은 비합리적이지 않다”​고 말했습니다. 다만 정확한 확률을 어떻게 계산해야 하는지는 아무도 모른다는 단서도 붙였습니다.p(doom)의 p는 확률을 뜻하...,https://www.aitimes.com/news/articleView.html?idxno=215372,AI Times,,AI|기술동향,2026-09-19T15:38:10.090473+09:00,False,False,live
ART-01275,tech,게임 중 '멘붕' 온 아스트라...마인크래프트서 아이템 잃고 감자만 깼다,2026-09-17,"오픈AI의 최신 AI 모델 'GPT-6 아스트라'가 장시간 이어진 마인크래프트 테스트에서 뛰어난 게임 수행 능력을 보여줬지만, 모든 아이템을 잃은 뒤 몇 시간 동안 감자 농사만 반복하는 모습이 포착돼 화제가 되고 있다.발스 AI(Vals AI)는 15일(현지시간) 141시간 동안 진행한 마인크래프트 벤치마크 테스트에서 아스트라가 AI 시스템 가운데 ""가장 멀리 게임을 진행(progressed the furthest)한 것으로 기록됐다""고 발표했다.컴퓨터 유즈(Computer Use) 기능을 활용해 게임 속 환경을 직접 탐색하고 조작","오픈AI의 최신 AI 모델 'GPT-6 아스트라'가 장시간 이어진 마인크래프트 테스트에서 뛰어난 게임 수행 능력을 보여줬지만, 모든 아이템을 잃은 뒤 몇 시간 동안 감자 농사만 반복하는 모습이 포착돼 화제가 되고 있다.발스 AI(Vals AI)는 15일(현지시간) 141시간 동안 진행한 마인크래프트 벤치마크 테스트에서 아스트라가 AI 시스템 가운데 ""가장 ...",https://www.aitimes.com/news/articleView.html?idxno=215401,AI Times,,AI|기술동향,2026-09-19T15:38:10.090473+09:00,False,False,live
ART-01276,tech,"경북도, 푸드테크 연구지원센터 전국 첫 준공",2026-09-18,"경상북도는 17일 포항시 북구 흥해읍에 건립한 ‘식품로봇 푸드테크 연구지원센터’ 준공식을 열고 식품로봇 산업화 거점 운영을 본격화했다. 전국에 조성되는 7개 푸드테크 연구지원센터 가운데 가장 먼저 문을 열었다.김종구 농림축산식품부 차관, 이철우 경상북도지사, 박용선 포항시장을 비롯해 기업·대학·연구기관 관계자와 지역 주민 등 200여 명이 참석했다.연구지원센터는 푸드테크 10대 핵심기술 가운데 식품로봇 분야를 전담하는 연구·실증 거점이다. 2024년부터 2026년까지 총사업비 155억원을 투입해 연면적 2484.27㎡, 2개 동 규","경상북도는 17일 포항시 북구 흥해읍에 건립한 ‘식품로봇 푸드테크 연구지원센터’ 준공식을 열고 식품로봇 산업화 거점 운영을 본격화했다. 전국에 조성되는 7개 푸드테크 연구지원센터 가운데 가장 먼저 문을 열었다.김종구 농림축산식품부 차관, 이철우 경상북도지사, 박용선 포항시장을 비롯해 기업·대학·연구기관 관계자와 지역 주민 등 200여 명이 참석했다.연구지원...",https://www.irobotnews.com/news/articleView.html?idxno=48592,로봇신문,,로봇|스마트제조|자동화,2026-09-19T15:38:10.090473+09:00,False,False,live
ART-01277,tech,"제주TP, 글로벌 AI 생태계 연계 '청소년 AI·로봇 인재양성' 시동",2026-09-18,"제주테크노파크(원장 직무대행 정용환, 이하 제주TP)가 제주 청소년들이 미래 디지털 신기술을 자유롭게 다루는 인재로 성장할 수 있도록 돕기 위해 '2026년 제주 AI·로봇 인재양성 프로그램' 참가자를 상시 모집한다.2026년 교육발전특구 시범사업의 일환으로 마련된 이번 교육은 도내 초등학교 5학년부터 중·고등학생, 학부모까지 참여할 수 있다. 전문 강사 파견비와 교육 플랫폼 이용료, 주말 캠프 중식 도시락 등 모든 비용은 전액 무료로 지원된다.교육 과정은 3개 맞춤형 트랙으로 구분된다. 구글 공인 강사가 직접 찾아가는 '학생 AI","제주테크노파크(원장 직무대행 정용환, 이하 제주TP)가 제주 청소년들이 미래 디지털 신기술을 자유롭게 다루는 인재로 성장할 수 있도록 돕기 위해 '2026년 제주 AI·로봇 인재양성 프로그램' 참가자를 상시 모집한다.2026년 교육발전특구 시범사업의 일환으로 마련된 이번 교육은 도내 초등학교 5학년부터 중·고등학생, 학부모까지 참여할 수 있다. 전문 강사 ...",https://www.irobotnews.com/news/articleView.html?idxno=48591,로봇신문,,로봇|스마트제조|자동화,2026-09-19T15:38:10.090473+09:00,False,False,live
ART-01278,tech,두산로보틱스 새 CEO에 권영민 사장 선임,2026-09-18,"두산로보틱스가 신임 최고경영자(CEO)로 권영민 사장을 18일 선임했다.권영민 신임 CEO는 전략기획과 글로벌 사업, 계열사 경영 등 두산그룹 내에서 쌓은 경험을 바탕으로 회사를 이끌게 됐다.신임 권 사장은 1967년생으로 연세대 공대를 졸업하고 미국 일리노이대학교 경영대학원에서 회계학 석사 학위를 취득했다.권 사장은 2000년 ㈜두산 전략기획본부에 입사해 폭넓은 경험을 쌓아 왔다. 2018년부터 2020년까지 두산밥캣 최고전략책임자(CSO)를 맡았다.2021년부터는 두산밥캣의 자회사인 두산모트롤 대표이사를 맡아 경영을 이끌어왔다.","두산로보틱스가 신임 최고경영자(CEO)로 권영민 사장을 18일 선임했다.권영민 신임 CEO는 전략기획과 글로벌 사업, 계열사 경영 등 두산그룹 내에서 쌓은 경험을 바탕으로 회사를 이끌게 됐다.신임 권 사장은 1967년생으로 연세대 공대를 졸업하고 미국 일리노이대학교 경영대학원에서 회계학 석사 학위를 취득했다.권 사장은 2000년 ㈜두산 전략기획본부에 입사해...",https://www.irobotnews.com/news/articleView.html?idxno=48590,로봇신문,,로봇|스마트제조|자동화,2026-09-19T15:38:10.090473+09:00,False,False,live
ART-01279,tech,"日 스카이드라이브, 한국 버티와 eVTOL 분야 협력 MOU",2026-09-18,"일본 소형 전기 수직이착륙기(eVTOL) 개발업체인 스카이드라이브가 한국 기업 버티와 양해각서(MOU)를 체결했다고 18일 밝혔다. 이번 협약은 한국에서 ‘SKYDRIVE(SD-05 모델)’ eVTOL의 도입 및 상용 배치를 준비하기 위한 것이다.협약에 따라 스카이드라이브와 버티는 비행 안전성 평가, 인프라 구축, 운영 노선 계획(경관 관광 비행 및 지역 도시 간 이동 포함)을 위한 공동 타당성 조사를 시작하며, 2028년까지 한국에서 상용 배치를 시작하는 것을 목표로 한다.버티는 종단간 운영 솔루션을 제공해 첨단 항공 모빌리티(A","일본 소형 전기 수직이착륙기(eVTOL) 개발업체인 스카이드라이브가 한국 기업 버티와 양해각서(MOU)를 체결했다고 18일 밝혔다. 이번 협약은 한국에서 ‘SKYDRIVE(SD-05 모델)’ eVTOL의 도입 및 상용 배치를 준비하기 위한 것이다.협약에 따라 스카이드라이브와 버티는 비행 안전성 평가, 인프라 구축, 운영 노선 계획(경관 관광 비행 및 지역 ...",https://www.irobotnews.com/news/articleView.html?idxno=48589,로봇신문,,로봇|스마트제조|자동화,2026-09-19T15:38:10.090473+09:00,False,False,live
ART-01280,tech,"엑스와이지, 힘 조절하는 로봇팔 기술 고도화…동적 임피던스 제어 개발",2026-09-18,"AI 로보틱스 기업 엑스와이지(XYZ)가 양팔 세미 휴머노이드 로봇 ‘듀스(DEUX)’의 힘 제어 기술을 고도화하고 있다. 사람이나 물체와 접촉했을 때 로봇이 정해진 위치만 유지하려 하지 않고, 외부 힘을 받아들이면서 작업을 이어갈 수 있도록 하는 기술이다.로봇이 물체를 운반할 때와 사람의 손을 잡을 때 필요한 움직임은 다르다. 물체를 들고 이동할 때는 외부 충격에도 경로와 자세를 유지해야 하지만, 사람과 접촉하거나 형태가 변하기 쉬운 물체를 다룰 때는 상대의 움직임과 외부 힘에 유연하게 반응해야 한다.엑스와이지는 이를 위해 듀스에","AI 로보틱스 기업 엑스와이지(XYZ)가 양팔 세미 휴머노이드 로봇 ‘듀스(DEUX)’의 힘 제어 기술을 고도화하고 있다. 사람이나 물체와 접촉했을 때 로봇이 정해진 위치만 유지하려 하지 않고, 외부 힘을 받아들이면서 작업을 이어갈 수 있도록 하는 기술이다.로봇이 물체를 운반할 때와 사람의 손을 잡을 때 필요한 움직임은 다르다. 물체를 들고 이동할 때는 외...",https://www.irobotnews.com/news/articleView.html?idxno=48588,로봇신문,,로봇|스마트제조|자동화,2026-09-19T15:38:10.090473+09:00,False,False,live
ART-01281,tech,주간 로봇 기업 주가 동향(09/14 ~ 09/18),2026-09-18,주간 로봇 기업 주가 동향(09/14 ~ 09/18),주간 로봇 기업 주가 동향(09/14 ~ 09/18),https://www.irobotnews.com/news/articleView.html?idxno=48587,로봇신문,,로봇|스마트제조|자동화,2026-09-19T15:38:10.090473+09:00,False,False,live
ART-01282,tech,오늘의 로봇 기업 주식 시세(2026-09-18),2026-09-18,오늘의 로봇 기업 주식 시세(2026-09-18),오늘의 로봇 기업 주식 시세(2026-09-18),https://www.irobotnews.com/news/articleView.html?idxno=48586,로봇신문,,로봇|스마트제조|자동화,2026-09-19T15:38:10.090473+09:00,False,False,live
ART-01283,tech,"獨 이구스, IMTS 2026서 제조 공정 최적화 기술 선봬",2026-09-18,"독일 모션 플라스틱 및 자동화 기술 공급업체인 이구스(igus)가 IMTS 2026(국제제조기술전시회 2026)에서 이동, 자동화 및 제조 공정 최적화하기 위한 최신 기술을 선보였다고 로보틱스247이 최근 보도했다. 이 행사는 14일부터 19일까지 엿새 동안 시카고에서 열리고 있다.이구스는 '자동화 속 모션(Motion in Automation)'이라는 주제 아래 모션 부품과 자동화 기술이 어떻게 협력해 제조업체가 비용을 절감하고 장비 설계를 단순화하며 생산 효율성을 향상시킬 수 있는지 시연했다.이구스는 부스 방문객들이 윤활유를 보","독일 모션 플라스틱 및 자동화 기술 공급업체인 이구스(igus)가 IMTS 2026(국제제조기술전시회 2026)에서 이동, 자동화 및 제조 공정 최적화하기 위한 최신 기술을 선보였다고 로보틱스247이 최근 보도했다. 이 행사는 14일부터 19일까지 엿새 동안 시카고에서 열리고 있다.이구스는 '자동화 속 모션(Motion in Automation)'이라는 주...",https://www.irobotnews.com/news/articleView.html?idxno=48583,로봇신문,,로봇|스마트제조|자동화,2026-09-19T15:38:10.090473+09:00,False,False,live
ART-01284,tech,"""아이엘로보틱스, 휴머노이드 렌털·RaaS로 사업 다각화""",2026-09-18,"아이엘로보틱스가 휴머노이드와 피지컬 AI, 서비스형 로봇(RaaS) 사업으로 영역을 확대하고 있다. 사물인터넷(IoT) 사업에서 축적한 센서·제어·시스템통합(SI) 역량을 기반으로, 휴머노이드 로봇 판매는 물론 렌털·리스, RaaS, 쇼룸, 엔터테인먼트 및 제조 현장 적용 등으로 사업 모델을 다각화하고 있다는 분석이다.17일 서울평가정보가 발간한 기술분석 보고서에 따르면, 아이엘로보틱스는 2026년부터 중국 휴머노이드 로봇 기업 애지봇(AGIBOT)과 국내 사업 협력을 구축하고 휴머노이드와 협업 로봇, 4족보행 로봇 등의 판매·렌털","아이엘로보틱스가 휴머노이드와 피지컬 AI, 서비스형 로봇(RaaS) 사업으로 영역을 확대하고 있다. 사물인터넷(IoT) 사업에서 축적한 센서·제어·시스템통합(SI) 역량을 기반으로, 휴머노이드 로봇 판매는 물론 렌털·리스, RaaS, 쇼룸, 엔터테인먼트 및 제조 현장 적용 등으로 사업 모델을 다각화하고 있다는 분석이다.17일 서울평가정보가 발간한 기술분석 ...",https://www.irobotnews.com/news/articleView.html?idxno=48575,로봇신문,,로봇|스마트제조|자동화,2026-09-19T15:38:10.090473+09:00,False,False,live
ART-01285,tech,"日 도요타, 휴머노이드 로봇 40만대 공장에 투입한다",2026-09-18,"도요타가 휴머노이드 로봇 40만대를 자사 생산라인과 주요 공급망에 투입한다.18일 니혼게이자이신문 보도에 따르면, 도요타자동차는 휴머노이드 로봇 40만 대를 자사 공장과 주요 공급망 업체에 도입한다. 도요타그룹의 노후 공장 재건축·개조에 맞춰 자체 개발한 휴머노이드 로봇을 투입할 계획이다. 휴머노이드 로봇이 인간 작업자와 함께 작업하는 환경을 조성한다.도요타가 개발한 휴머노이드 로봇 가운데 하나는 ‘엘리(ELEY·Embodied Learning robot for Enhanced Yield)’로 불린다. 엘리는 손가락 두 개를 갖고","도요타가 휴머노이드 로봇 40만대를 자사 생산라인과 주요 공급망에 투입한다.18일 니혼게이자이신문 보도에 따르면, 도요타자동차는 휴머노이드 로봇 40만 대를 자사 공장과 주요 공급망 업체에 도입한다. 도요타그룹의 노후 공장 재건축·개조에 맞춰 자체 개발한 휴머노이드 로봇을 투입할 계획이다. 휴머노이드 로봇이 인간 작업자와 함께 작업하는 환경을 조성한다.도요...",https://www.irobotnews.com/news/articleView.html?idxno=48578,로봇신문,,로봇|스마트제조|자동화,2026-09-19T15:38:10.090473+09:00,False,False,live
ART-01286,tech,"시마테크놀로지스코리아, ‘드론 서밋’ 성료…국내 드론 생태계와 협력 강화",2026-09-18,"미국 피지컬 AI 기업 시마AI(SiMa.ai)의 한국 지사 시마테크놀러지스코리아(SiMa Technologies Korea)는 지난 17일 서울 서초구 하이브랜드 패션관에서 대진반도체, 엠씨티와 ‘드론 서밋’을 개최했다고 18알 밝혔다.시마AI는 소프트웨어와 하드웨어를 통합 최적화한 피지컬 AI 특화 플랫폼을 서비스한다. 이번 서밋은 드론 산업의 동향과 사업 기회를 공유하고, 자율주행 드론에 적용되는 고성능·저전력 AI 컴퓨팅 기술과 피지컬 AI 활용 방향을 논의하기 위해 마련됐다. 이를 통해 시마AI는 국내 드론 업계와의 접점을","미국 피지컬 AI 기업 시마AI(SiMa.ai)의 한국 지사 시마테크놀러지스코리아(SiMa Technologies Korea)는 지난 17일 서울 서초구 하이브랜드 패션관에서 대진반도체, 엠씨티와 ‘드론 서밋’을 개최했다고 18알 밝혔다.시마AI는 소프트웨어와 하드웨어를 통합 최적화한 피지컬 AI 특화 플랫폼을 서비스한다. 이번 서밋은 드론 산업의 동향과 ...",https://www.irobotnews.com/news/articleView.html?idxno=48580,로봇신문,,로봇|스마트제조|자동화,2026-09-19T15:38:10.090473+09:00,False,False,live
ART-01287,tech,"대동, 아프리카 장·차관급 방문단에게 AI 농업 소개…시장 공략 기반 확대",2026-09-18,"미래농업 리딩 기업 대동(공동대표 김준식·원유현)은 한·아프리카 장관급 경제협력회의인 제8차 KOAFEC(Korea-Africa Economic Cooperation) 장관회의 산업시찰 프로그램을 통해 아프리카 장·차관급 인사와 관계자 약 100여명에게 자사 미래농업 기술과 비전을 소개했다고 18일 밝혔다.지난 11일 대동 서울사무소에서 열린 이번 행사에는 아프리카 54개국 재무장관과 11개국 ICT 장관 및 관계자들이 참석했다. KOAFEC는 재정경제부와 아프리카개발은행(AfDB), 한국수출입은행이 공동으로 운영하는 한·아프리카",미래농업 리딩 기업 대동(공동대표 김준식·원유현)은 한·아프리카 장관급 경제협력회의인 제8차 KOAFEC(Korea-Africa Economic Cooperation) 장관회의 산업시찰 프로그램을 통해 아프리카 장·차관급 인사와 관계자 약 100여명에게 자사 미래농업 기술과 비전을 소개했다고 18일 밝혔다.지난 11일 대동 서울사무소에서 열린 이번 행사에는...,https://www.irobotnews.com/news/articleView.html?idxno=48577,로봇신문,,로봇|스마트제조|자동화,2026-09-19T15:38:10.090473+09:00,False,False,live
ART-01288,tech,"투모로 로보틱스, 중기부 ‘스케일업 팁스’ 선정",2026-09-18,"피지컬 AI 전문기업 투모로 로보틱스(공동대표 장병탁, 박상욱)가 중소벤처기업부가 주관하는 ‘스케일업 팁스’에 선정됐다고 18일 밝혔다.투모로 로보틱스는 이번 과제를 통해 다양한 휴머노이드에 적용할 수 있는 로봇 파운데이션 모델(Robot Foundation Model, RFM)과 현장 운영 소프트웨어를 개발할 계획이다. 로봇의 작업 속도와 안정성을 높이고 사람의 개입을 줄여, 제조·물류 현장에서 활용 가능한 피지컬 AI 상용 기술을 확보하는 것이 목표다.로봇 파운데이션 모델은 영상과 언어, 센서 정보 등을 이해하고 이를 실제 로봇","피지컬 AI 전문기업 투모로 로보틱스(공동대표 장병탁, 박상욱)가 중소벤처기업부가 주관하는 ‘스케일업 팁스’에 선정됐다고 18일 밝혔다.투모로 로보틱스는 이번 과제를 통해 다양한 휴머노이드에 적용할 수 있는 로봇 파운데이션 모델(Robot Foundation Model, RFM)과 현장 운영 소프트웨어를 개발할 계획이다. 로봇의 작업 속도와 안정성을 높이고...",https://www.irobotnews.com/news/articleView.html?idxno=48576,로봇신문,,로봇|스마트제조|자동화,2026-09-19T15:38:10.090473+09:00,False,False,live
ART-01289,tech,"코난테크놀로지, 경남 ‘피지컬 AI’ 국책사업 착수…LAM 기술 개발 나서",2026-09-18,코난테크놀로지(대표 김영섬)가 제조AI 역량을 기반으로 ‘임바디드 AI’를 거쳐 ‘피지컬 AI’로 기술 영역을 확장한다. 이 같은 기술 로드맵 아래 과학기술정보통신부가 추진하는 피지컬 AI 연구개발사업에도 본격 착수했다고 18일 밝혔다.코난테크놀로지는 지난 16일 열린 과기정통부 주관 ‘전북특별자치도·경상남도 피지컬 AI R&D사업 착수보고회’에 참석해 사업 추진 방향과 연구개발 로드맵을 공유했다.이 중 경남에서 추진되는 사업은 대규모언어모델(LLM)을 넘어 실제 행위를 수행하는 ‘인간-AI 협업형 대규모행동모델(LAM)’을 개발하,코난테크놀로지(대표 김영섬)가 제조AI 역량을 기반으로 ‘임바디드 AI’를 거쳐 ‘피지컬 AI’로 기술 영역을 확장한다. 이 같은 기술 로드맵 아래 과학기술정보통신부가 추진하는 피지컬 AI 연구개발사업에도 본격 착수했다고 18일 밝혔다.코난테크놀로지는 지난 16일 열린 과기정통부 주관 ‘전북특별자치도·경상남도 피지컬 AI R&D사업 착수보고회’에 참석해 사...,https://www.irobotnews.com/news/articleView.html?idxno=48573,로봇신문,,로봇|스마트제조|자동화,2026-09-19T15:38:10.090473+09:00,False,False,live
ART-01290,tech,"로브로스, ‘2026 M.AX 대상’ 산업통상부 장관 표창 수상",2026-09-18,"AI 휴머노이드 로봇 전문기업 로브로스(ROBROS, 대표 노승준)가 17일 대한상공회의소 국제회의장에서 열린 ‘2026 M.AX 대상’에서 산업통상부 장관 표창을 수상했다고 18일 밝혔다.‘2026 M.AX 대상’은 산업통상부가 추진하는 M.AX(Manufacturing AI Transformation) 얼라이언스와 연계해 제조 AI 전환 및 산업 혁신에 기여한 기업과 관계자의 성과를 조명하는 자리다. 이날 행사에는 산업통상부를 비롯해 대한상공회의소, M.AX 얼라이언스 분과위원장 및 참여기업 관계자 등 약 300명이 참석했다.로","AI 휴머노이드 로봇 전문기업 로브로스(ROBROS, 대표 노승준)가 17일 대한상공회의소 국제회의장에서 열린 ‘2026 M.AX 대상’에서 산업통상부 장관 표창을 수상했다고 18일 밝혔다.‘2026 M.AX 대상’은 산업통상부가 추진하는 M.AX(Manufacturing AI Transformation) 얼라이언스와 연계해 제조 AI 전환 및 산업 혁신에...",https://www.irobotnews.com/news/articleView.html?idxno=48570,로봇신문,,로봇|스마트제조|자동화,2026-09-19T15:38:10.090473+09:00,False,False,live
ART-01291,tech,[부고]노성열 한국지식재산기자협회장 빙부상,2026-09-18,- 訃 告 -노성열 한국지식재산기자협회장 빙부상- 고인: 故 최일근(아타나시오) 님(향년 89 세)- 빈소: 서울아산병원장례식장 22호실 (서울 송파구 올림픽로43길 88)- 발인: 2026년 9월 20일(일) 07시 20분- 장지: 서울추모공원-서울현충원,- 訃 告 -노성열 한국지식재산기자협회장 빙부상- 고인: 故 최일근(아타나시오) 님(향년 89 세)- 빈소: 서울아산병원장례식장 22호실 (서울 송파구 올림픽로43길 88)- 발인: 2026년 9월 20일(일) 07시 20분- 장지: 서울추모공원-서울현충원,https://www.irobotnews.com/news/articleView.html?idxno=48572,로봇신문,,로봇|스마트제조|자동화,2026-09-19T15:38:10.090473+09:00,False,False,live
ART-01292,tech,"티로보틱스, 북미 대응 강화…美 수주 확대에 현지 생산거점 구축한다",2026-09-18,휴머노이드 및 산업용 로봇 전문기업 티로보틱스가 유리기판·반도체 공정용 진공로봇 출하 증가와 미국 에너지저장장치(ESS) 시장 수주 확대에 대응해 미국 현지 생산거점 구축을 추진한다고 18일 밝혔다.티로보틱스는 미국 내 복수 지역을 대상으로 생산공장 부지 및 임대 가능성을 검토 중이다. 기존 실리콘밸리와 텍사스 법인에 현지 생산거점을 추가해 고객사 납기 및 기술지원 대응력을 강화한다는 계획이다.최근 미국에서는 로봇에 적용되는 통신·제어 장치 등을 중심으로 연방통신위원회(FCC) 관련 규제 환경이 변화하고 있다. 티로보틱스는 현지 사,휴머노이드 및 산업용 로봇 전문기업 티로보틱스가 유리기판·반도체 공정용 진공로봇 출하 증가와 미국 에너지저장장치(ESS) 시장 수주 확대에 대응해 미국 현지 생산거점 구축을 추진한다고 18일 밝혔다.티로보틱스는 미국 내 복수 지역을 대상으로 생산공장 부지 및 임대 가능성을 검토 중이다. 기존 실리콘밸리와 텍사스 법인에 현지 생산거점을 추가해 고객사 납기 및...,https://www.irobotnews.com/news/articleView.html?idxno=48569,로봇신문,,로봇|스마트제조|자동화,2026-09-19T15:38:10.090473+09:00,False,False,live
ART-01293,tech,"대구시, ‘대구첨단산업발전전략자문회의’ 출범",2026-09-17,"대구광역시는 17일 오전 대구창조경제혁신센터에서 대구 경제 대개조를 이끌고 첨단산업 육성의 밑그림을 그릴 ‘대구첨단산업발전전략자문회의’를 발족하고 본격적인 활동에 돌입했다.이번에 출범한 자문회의는 대구시 산업의 현주소를 진단하고 강점과 한계를 분석해, 이를 토대로 산업발전 방향과 핵심 전략을 제시하며 주요사업과 실행과제 등을 종합적으로 자문하는 최고위급 전문가 자문기구다.대구는 과거 섬유산업으로 대한민국 경제도약을 이끌어 왔으나, 현재는 전통산업의 노후화와 성장동력 약화라는 구조적 전환기에 직면해 있다. 그러나 탄탄한 기계·부품 제","대구광역시는 17일 오전 대구창조경제혁신센터에서 대구 경제 대개조를 이끌고 첨단산업 육성의 밑그림을 그릴 ‘대구첨단산업발전전략자문회의’를 발족하고 본격적인 활동에 돌입했다.이번에 출범한 자문회의는 대구시 산업의 현주소를 진단하고 강점과 한계를 분석해, 이를 토대로 산업발전 방향과 핵심 전략을 제시하며 주요사업과 실행과제 등을 종합적으로 자문하는 최고위급 전...",https://www.irobotnews.com/news/articleView.html?idxno=48568,로봇신문,,로봇|스마트제조|자동화,2026-09-19T15:38:10.090473+09:00,False,False,live
ART-01294,tech,"농식품부, ‘요리하는 로봇’ 시대 연다",2026-09-17,"농림축산식품부(장관 송미령, 이하 ‘농식품부’)는 17일 경북 포항시(포항융합기술산업지구 내)에서 전국 최초의 푸드테크 거점 시설인 ‘식품로봇 분야 푸드테크 연구지원센터(이하 ‘포항센터’)’ 준공식을 개최하고 본격적인 운영에 돌입한다고 밝혔다.이번에 준공된 센터는 농식품부가 추진 중인 10대 기술 분야별 ‘푸드테크 연구지원센터 조성 사업’ 중 가장 먼저 결실을 맺은 ‘전국 1호’ 시설이다.식품로봇은 볶음·튀김·면 조리 등의 고강도 음식 조리부터 음료 제조, 서빙, 위생 관리에 이르기까지 인공지능(AI)과 로봇 기술이 융합된 최첨단","농림축산식품부(장관 송미령, 이하 ‘농식품부’)는 17일 경북 포항시(포항융합기술산업지구 내)에서 전국 최초의 푸드테크 거점 시설인 ‘식품로봇 분야 푸드테크 연구지원센터(이하 ‘포항센터’)’ 준공식을 개최하고 본격적인 운영에 돌입한다고 밝혔다.이번에 준공된 센터는 농식품부가 추진 중인 10대 기술 분야별 ‘푸드테크 연구지원센터 조성 사업’ 중 가장 먼저 결...",https://www.irobotnews.com/news/articleView.html?idxno=48567,로봇신문,,로봇|스마트제조|자동화,2026-09-19T15:38:10.090473+09:00,False,False,live
ART-01295,tech,"현대글로비스, 삼성물산과 스마트빌딩 물류자동화 협력",2026-09-17,현대글로비스가 삼성물산과 우편물 로봇배송을 골자로 하는 스마트빌딩 물류자동화 공동사업 모델 개발에 나선다.현대글로비스는 삼성물산 건설부문과 ‘스마트빌딩 물류자동화 및 로봇배송 서비스 공동 개발’과 관련한 업무협약(MOU)을 맺었다고 17일 밝혔다.전날 현대글로비스 서울 성수 본사에서 열린 협약식에는 한규헌 현대글로비스 미래혁신기술센터장(상무)과 조혜정 삼성물산 DxP본부장(부사장) 등 양사 주요 관계자들이 참석했다.이번 협약은 물류자동화 선도 기업 현대글로비스와 공간 사용자 맞춤형 로봇 배송 서비스 역량을 보유한 삼성물산이 손을 잡,현대글로비스가 삼성물산과 우편물 로봇배송을 골자로 하는 스마트빌딩 물류자동화 공동사업 모델 개발에 나선다.현대글로비스는 삼성물산 건설부문과 ‘스마트빌딩 물류자동화 및 로봇배송 서비스 공동 개발’과 관련한 업무협약(MOU)을 맺었다고 17일 밝혔다.전날 현대글로비스 서울 성수 본사에서 열린 협약식에는 한규헌 현대글로비스 미래혁신기술센터장(상무)과 조혜정 삼성...,https://www.irobotnews.com/news/articleView.html?idxno=48565,로봇신문,,로봇|스마트제조|자동화,2026-09-19T15:38:10.090473+09:00,False,False,live
ART-01296,tech,"“손잡이·버튼 역할 이해”…GIST, 물체 부품·기능 꿰뚫는 로봇 AI 기술 개발",2026-09-17,"광주과학기술원(GIST, 총장 임기철)은 AI학과 김의환 교수 연구팀이 로봇이 주변의 물체뿐 아니라 손잡이·버튼 같은 세부 부품과 그 기능까지 파악할 수 있는 인공지능(AI) 기술을 개발했다고 17일 밝혔다.예를 들어 로봇이 전자레인지의 위치를 아는 것만으로는 음식을 데울 수 없다. 문을 열기 위해 손잡이를 찾아야 하고, 작동을 위해 버튼의 위치와 기능도 알아야 한다. 사람에게는 당연한 정보지만, 로봇이 실제 환경에서 사람의 지시를 수행하려면 이처럼 물체와 그 주변의 세부적인 구성 요소, 기능을 함께 이해하는 것이 중요하다.연구팀은","광주과학기술원(GIST, 총장 임기철)은 AI학과 김의환 교수 연구팀이 로봇이 주변의 물체뿐 아니라 손잡이·버튼 같은 세부 부품과 그 기능까지 파악할 수 있는 인공지능(AI) 기술을 개발했다고 17일 밝혔다.예를 들어 로봇이 전자레인지의 위치를 아는 것만으로는 음식을 데울 수 없다. 문을 열기 위해 손잡이를 찾아야 하고, 작동을 위해 버튼의 위치와 기능도 ...",https://www.irobotnews.com/news/articleView.html?idxno=48566,로봇신문,,로봇|스마트제조|자동화,2026-09-19T15:38:10.090473+09:00,False,False,live
ART-01297,tech,"DGIST, 연산량 88% 줄인 자율주행 로봇 레이더 기술 개발",2026-09-17,"DGIST(총장 이건우) 미래모빌리티연구부 연구팀이 구미 소재 기업 주광정밀과 공동 연구를 통해, 자율이동로봇(AMR)용 레이더의 탐지 성능은 높게 유지하면서 데이터 연산량은 획기적으로 줄이는 ‘고해상도 각도 추정 기술’을 개발했다.자율이동로봇의 핵심 센서인 레이더는 전파를 이용해 주변 장애물의 거리, 속도, 방향을 파악한다. 눈비나 안개 등 악천후에서도 안정적으로 작동해 카메라와 라이다(LiDAR)를 보완하는 필수 장치로 꼽힌다. 하지만 기존에 널리 쓰이던 레이더 신호 처리 방식은 연산이 빠른 대신 가까이 붙어 있는 물체들을 정확","DGIST(총장 이건우) 미래모빌리티연구부 연구팀이 구미 소재 기업 주광정밀과 공동 연구를 통해, 자율이동로봇(AMR)용 레이더의 탐지 성능은 높게 유지하면서 데이터 연산량은 획기적으로 줄이는 ‘고해상도 각도 추정 기술’을 개발했다.자율이동로봇의 핵심 센서인 레이더는 전파를 이용해 주변 장애물의 거리, 속도, 방향을 파악한다. 눈비나 안개 등 악천후에서도 ...",https://www.irobotnews.com/news/articleView.html?idxno=48564,로봇신문,,로봇|스마트제조|자동화,2026-09-19T15:38:10.090473+09:00,False,False,live
ART-01298,tech,"“글로벌 4족보행 로봇 시장, 2030년까지 중국이 '절반' 차지”",2026-09-17,"중국이 이끄는 세계 4족보행 로봇 시장의 성장세가 가파를 전망이다.16일 중국 로봇 전문 포털 중국로봇망이 인용한 프로스트앤설리번의 '2026 글로벌 4족 로봇 산업백서'에 따르면 4족보행 로봇 산업의 고속 성장세 속에서, 중국 시장이 2030년까지 세계 시장의 절반을 차지할 것이란 전망이 제기됐다.백서에 따르면 세계 4족보행 로봇 산업 매출은 2023년 약 3억위안(약 618억원)에 불과했지만 2025년 23억위안(약 4738억원)으로 증가한 것으로 집계된다. 이어 2030년까지 530억위안(약 10조9185억원) 규모를 형성할","중국이 이끄는 세계 4족보행 로봇 시장의 성장세가 가파를 전망이다.16일 중국 로봇 전문 포털 중국로봇망이 인용한 프로스트앤설리번의 '2026 글로벌 4족 로봇 산업백서'에 따르면 4족보행 로봇 산업의 고속 성장세 속에서, 중국 시장이 2030년까지 세계 시장의 절반을 차지할 것이란 전망이 제기됐다.백서에 따르면 세계 4족보행 로봇 산업 매출은 2023년 ...",https://www.irobotnews.com/news/articleView.html?idxno=48563,로봇신문,,로봇|스마트제조|자동화,2026-09-19T15:38:10.090473+09:00,False,False,live
ART-01299,tech,"中 샤오미 레이쥔 CEO, 유니트리 찾아 휴머노이드 로봇과 대면",2026-09-17,"중국 스마트폰 브랜드 샤오미(Xiaomi, 小米)의 CEO가 유니트리의 휴머노이드 로봇과 만났다.15일 중국 IT 매체 콰이커지에 따르면 중국 샤오미의 창업자인 레이쥔(雷军) CEO가 항저우(杭州) 소재 유니트리(UNITREE, 宇树科技)의 사옥을 방문해 휴머노이드 로봇을 대면하는 영상이 공개됐다.왕싱싱(王兴兴) 유니트리 CEO가 직접 레이 CEO를 맞아 휴머노이드 로봇을 시연하고 무술 등 다양한 기술을 선보였다.휴머노이드 로봇이 샤오미의 전시 차량에 접근해 차량을 둘러보고 손을 흔들기도 했다고 매체는 전했다.레이 CEO는 유니트리","중국 스마트폰 브랜드 샤오미(Xiaomi, 小米)의 CEO가 유니트리의 휴머노이드 로봇과 만났다.15일 중국 IT 매체 콰이커지에 따르면 중국 샤오미의 창업자인 레이쥔(雷军) CEO가 항저우(杭州) 소재 유니트리(UNITREE, 宇树科技)의 사옥을 방문해 휴머노이드 로봇을 대면하는 영상이 공개됐다.왕싱싱(王兴兴) 유니트리 CEO가 직접 레이 CEO를 맞아 ...",https://www.irobotnews.com/news/articleView.html?idxno=48562,로봇신문,,로봇|스마트제조|자동화,2026-09-19T15:38:10.090473+09:00,False,False,live
ART-01300,tech,"加 벤션, 한 플랫폼 안에 피지컬 AI·에이전트 AI 통합",2026-09-17,"캐나다 벤션(Vention)이 14일부터 19일까지 엿새 동안 시카고에서 열리는 세계제조기술전시회(IMTS 2026)에서 최초로 하나의 자동화 플랫폼에 새로운 피지컬 AI와 에이전트 AI 기능을 통합해 선보였다고 로보틱스247이 최근 보도했다.이 회사는 두 가지 수준의 AI를 단일 플랫폼에 결합함으로써 자동화 도입을 단순화하고, 운전을 용이하게 하며, 확장을 더 쉽게 만든다고 밝혔다.◇AI 정의 자동화(AI-Defined Automation)벤션은 'AI 정의 자동화'가 두 개의 AI 계층을 결합할 것이라고 밝혔다.△에이전트 AI는","캐나다 벤션(Vention)이 14일부터 19일까지 엿새 동안 시카고에서 열리는 세계제조기술전시회(IMTS 2026)에서 최초로 하나의 자동화 플랫폼에 새로운 피지컬 AI와 에이전트 AI 기능을 통합해 선보였다고 로보틱스247이 최근 보도했다.이 회사는 두 가지 수준의 AI를 단일 플랫폼에 결합함으로써 자동화 도입을 단순화하고, 운전을 용이하게 하며, 확장...",https://www.irobotnews.com/news/articleView.html?idxno=48561,로봇신문,,로봇|스마트제조|자동화,2026-09-19T15:38:10.090473+09:00,False,False,live
ART-01301,tech,"“로봇보조 수술, 복강경∙개복 수술보다 환자 예후 유의한 개선 발견”",2026-09-17,"로봇 보조 수술 시스템 선구자이자 최소 침습 치료 분야 글로벌 리딩 기업인 인튜이티브서지컬코리아는 양성(비암성) 질환 수술에서 로봇 보조 수술, 복강경 수술, 개복 수술의 수술 전후 결과를 비교한 메타분석 연구가 국제학술지 '애널스 오브 서저리 오픈(Annals of Surgery Open)'에 게재됐다고 17일 밝혔다.이번 연구는 부인과, 일반외과, 비뇨의학과, 비만대사외과 및 탈장 수술 영역의 13개 주요 양성 질환을 대상으로 약 1390만 명의 환자 데이터를 분석한 대규모 비교 메타분석이다.자궁절제술, 담낭절제술, 대장수술 등","로봇 보조 수술 시스템 선구자이자 최소 침습 치료 분야 글로벌 리딩 기업인 인튜이티브서지컬코리아는 양성(비암성) 질환 수술에서 로봇 보조 수술, 복강경 수술, 개복 수술의 수술 전후 결과를 비교한 메타분석 연구가 국제학술지 '애널스 오브 서저리 오픈(Annals of Surgery Open)'에 게재됐다고 17일 밝혔다.이번 연구는 부인과, 일반외과, 비뇨...",https://www.irobotnews.com/news/articleView.html?idxno=48559,로봇신문,,로봇|스마트제조|자동화,2026-09-19T15:38:10.090473+09:00,False,False,live
ART-01302,tech,오늘의 로봇 기업 주식 시세(2026-09-17),2026-09-17,오늘의 로봇 기업 주식 시세(2026-09-17),오늘의 로봇 기업 주식 시세(2026-09-17),https://www.irobotnews.com/news/articleView.html?idxno=48554,로봇신문,,로봇|스마트제조|자동화,2026-09-19T15:38:10.090473+09:00,False,False,live
ART-01303,tech,"태국 교통부 차관, 마음AI 방문…피지컬 AI·AICC 기술 직접 살펴",2026-09-17,피지컬AI 선도기업 마음AI(대표 유태준)는 17일 시리퐁 앙까사꾼끼앗(Siripong Angkasakulkiat) 태국 교통부 차관 일행이 경기도 성남시 판교에 위치한 마음AI 본사를 방문해 피지컬 AI와 인공지능 컨택센터(AICC·AI Contact Center) 기술을 살펴봤다고 밝혔다.시리퐁 차관은 이번 방한 기간 중 한국의 교통·인프라 및 첨단 기술 현장을 둘러보고 있다. 태국에서는 이번 GICC(Global Infrastructure Cooperation Conference) 2026에 교통부와 태국 도시철도공사(MRTA,피지컬AI 선도기업 마음AI(대표 유태준)는 17일 시리퐁 앙까사꾼끼앗(Siripong Angkasakulkiat) 태국 교통부 차관 일행이 경기도 성남시 판교에 위치한 마음AI 본사를 방문해 피지컬 AI와 인공지능 컨택센터(AICC·AI Contact Center) 기술을 살펴봤다고 밝혔다.시리퐁 차관은 이번 방한 기간 중 한국의 교통·인프라 및 첨단 기...,https://www.irobotnews.com/news/articleView.html?idxno=48558,로봇신문,,로봇|스마트제조|자동화,2026-09-19T15:38:10.090473+09:00,False,False,live
ART-01304,tech,"케이앤엘정보시스템, 한국섬유기계융합연구원과 섬유 제조 지능화 기술 개발",2026-09-17,"케이앤엘정보시스템(대표 김영진, 이하 KNL)이 한국섬유기계융합연구원(원장 성하경, 이하 KOTMI)과 협력해 인공지능(AI) 기반 원단결점검출시스템과 사물인터넷(IoT) 기반 환편기 통합 모니터링 시스템을 개발하며 섬유 제조 현장의 디지털 전환에 나섰다고 17일 밝혔다.AI 원단결점검출시스템은 산업용 카메라로 생산 중인 원단을 실시간 촬영하고 AI 영상분석을 통해 결점을 자동 검출하는 기술이다. 기존 육안검사의 한계를 보완해 품질검사 효율을 높이고, 축적된 데이터를 활용한 품질예측과 공정 최적화도 가능하도록 개발됐다.환편기 통합","케이앤엘정보시스템(대표 김영진, 이하 KNL)이 한국섬유기계융합연구원(원장 성하경, 이하 KOTMI)과 협력해 인공지능(AI) 기반 원단결점검출시스템과 사물인터넷(IoT) 기반 환편기 통합 모니터링 시스템을 개발하며 섬유 제조 현장의 디지털 전환에 나섰다고 17일 밝혔다.AI 원단결점검출시스템은 산업용 카메라로 생산 중인 원단을 실시간 촬영하고 AI 영상분...",https://www.irobotnews.com/news/articleView.html?idxno=48556,로봇신문,,로봇|스마트제조|자동화,2026-09-19T15:38:10.090473+09:00,False,False,live
ART-01305,tech,"“K-로봇이 수술보조”…삼성서울병원, 고된 수술실 업무 대체 시연",2026-09-17,"지난해 대형 국책 과제인 한국형 ARPA-H의 주관 기관으로 선정돼 휴머노이드 수술보조로봇을 개발 중인 삼성서울병원이 지난 1년여 동안 개발한 휴머노이드 수술보조로봇을 16일 삼성생명 일원역빌딩에서 일반에 처음으로 공개하고 시연 행사를 열었다.삼성서울병원은 지난해 한국형 ARPA-H의 주관 기관으로 선정돼 필수의료 분야의 수술환경 개선을 목표로 하는 '효율적 수술환경 조성을 위한 휴머노이드형 피지컬 AI 기반 수술보조로봇 개발(PAIR-S)' 과제를 수행 중이다.삼성서울병원 주관으로 레인보우로보틱스, 에이딘로보틱스, 하해호, 삼성융",지난해 대형 국책 과제인 한국형 ARPA-H의 주관 기관으로 선정돼 휴머노이드 수술보조로봇을 개발 중인 삼성서울병원이 지난 1년여 동안 개발한 휴머노이드 수술보조로봇을 16일 삼성생명 일원역빌딩에서 일반에 처음으로 공개하고 시연 행사를 열었다.삼성서울병원은 지난해 한국형 ARPA-H의 주관 기관으로 선정돼 필수의료 분야의 수술환경 개선을 목표로 하는 '효율...,https://www.irobotnews.com/news/articleView.html?idxno=48553,로봇신문,,로봇|스마트제조|자동화,2026-09-19T15:38:10.090473+09:00,False,False,live
ART-01306,tech,"크레스트, 배터리시스템 열폭주·화재 안전성 시험 ‘합격’…로봇기업 북미 진출 돕는다",2026-09-17,배터리시스템 전문기업 크레스트(대표 이중휘)는 중기부 초격차 스타트업 프로젝트(DIPS) 모빌리티분야 주관기관인 한국전자기술연구원(KETI)의 사업화 지원과 한국건설생활환경시험연구원(KCL)과의 협업을 통해 열폭주·열전이 및 화재 안전성 시험을 성공적으로 마쳤다고 17일 밝혔다.이번 시험은 KCL 진천 시험장에서 NMC 셀 기반의 차량 및 전동 모빌리티용 배터리시스템을 대상으로 진행됐다. 북미 배터리 안전 규격인 ‘UL 2271 Edition 3’가 요구하는 수준의 가혹한 열폭주 조건을 적용해 인접 모듈로의 열전이 여부와 화재 안전,배터리시스템 전문기업 크레스트(대표 이중휘)는 중기부 초격차 스타트업 프로젝트(DIPS) 모빌리티분야 주관기관인 한국전자기술연구원(KETI)의 사업화 지원과 한국건설생활환경시험연구원(KCL)과의 협업을 통해 열폭주·열전이 및 화재 안전성 시험을 성공적으로 마쳤다고 17일 밝혔다.이번 시험은 KCL 진천 시험장에서 NMC 셀 기반의 차량 및 전동 모빌리티용 ...,https://www.irobotnews.com/news/articleView.html?idxno=48551,로봇신문,,로봇|스마트제조|자동화,2026-09-19T15:38:10.090473+09:00,False,False,live
ART-01307,tech,"대동금속, 하이드로텍 편입 완료…'주조·유압' 2축 성장체제 구축",2026-09-17,"고부가 주물 소재·부품 전문기업 대동금속(대표 이풍우)은 90억원 규모의 유상증자 신주 상장을 완료하고 유압부품·시스템 전문기업 하이드로텍을 연결 자회사로 편입했다고 17일 밝혔다.대동금속은 지난 8월 12일 이사회에서 최대주주인 대동을 대상으로 한 제3자배정 유상증자와 하이드로텍 지분 인수를 결정하고, 8월 26일 약 90억원의 유상증자 대금 납입과 하이드로텍 지분 94.7%의 취득을 완료했다. 대동이 취득한 신주 300만주는 9월 17일 상장됐으며 1년간 보호예수 된다.유상증자 반영 기준 대동금속의 자기자본은 약 435억원에서","고부가 주물 소재·부품 전문기업 대동금속(대표 이풍우)은 90억원 규모의 유상증자 신주 상장을 완료하고 유압부품·시스템 전문기업 하이드로텍을 연결 자회사로 편입했다고 17일 밝혔다.대동금속은 지난 8월 12일 이사회에서 최대주주인 대동을 대상으로 한 제3자배정 유상증자와 하이드로텍 지분 인수를 결정하고, 8월 26일 약 90억원의 유상증자 대금 납입과 하이...",https://www.irobotnews.com/news/articleView.html?idxno=48550,로봇신문,,로봇|스마트제조|자동화,2026-09-19T15:38:10.090473+09:00,False,False,live
ART-01308,tech,"한국로봇융합연구원-삼성중공업, 미래 조선·로봇 기술 협력 ‘맞손’",2026-09-17,"한국로봇융합연구원(KIRO, 원장 강기원)은 16일 삼성중공업과 미래 조선·로봇 기술 분야 공동 기술개발 및 실증을 위한 업무협약(MOU)을 삼성중공업 거제조선소에서 체결했다고 17일 밝혔다.이번 협약은 양 기관이 보유한 기술 역량과 연구 인프라를 연계해 조선해양산업과 로봇산업의 융합 기술을 개발하고, 공동연구 및 현장 실증을 통해 조선산업의 생산성과 안전성 향상 및 기술경쟁력 강화에 기여하기 위해 마련됐다.이날 협약식에는 삼성중공업 최두진 RX센터장과 한국로봇융합연구원 서갑호 부원장을 비롯해 양 기관의 조선·로봇 분야 연구 관계자","한국로봇융합연구원(KIRO, 원장 강기원)은 16일 삼성중공업과 미래 조선·로봇 기술 분야 공동 기술개발 및 실증을 위한 업무협약(MOU)을 삼성중공업 거제조선소에서 체결했다고 17일 밝혔다.이번 협약은 양 기관이 보유한 기술 역량과 연구 인프라를 연계해 조선해양산업과 로봇산업의 융합 기술을 개발하고, 공동연구 및 현장 실증을 통해 조선산업의 생산성과 안전...",https://www.irobotnews.com/news/articleView.html?idxno=48548,로봇신문,,로봇|스마트제조|자동화,2026-09-19T15:38:10.090473+09:00,False,False,live
ART-01309,tech,"브릴스, 차세대 피지컬 AI 플랫폼에 'VLA·RFM' 적용…글로벌 로봇 생태계 주도",2026-09-17,"로봇 모듈화 플랫폼 솔루션 전문 기업 브릴스(대표 전진)가 기존 산업용 로봇 솔루션을 통한 안정적인 수익 창출을 기반으로, 범용성을 갖춘 로봇 파운데이션 모델(RFM, Robot Foundation Model) 등 '차세대 온디바이스 피지컬 AI' 기술을 더해 본격적인 신사업 영역 확장에 나선다고 17일 밝혔다.전통적인 로봇 시장에서의 입지에 AI·소프트웨어 기술력을 융합해 소프트웨어 중심 로봇(SDR, Software Defined Robot)으로 진화하고, 글로벌 AI 로봇 플랫폼 기업으로 도약하겠다는 전략이다.브릴스의 핵심 경","로봇 모듈화 플랫폼 솔루션 전문 기업 브릴스(대표 전진)가 기존 산업용 로봇 솔루션을 통한 안정적인 수익 창출을 기반으로, 범용성을 갖춘 로봇 파운데이션 모델(RFM, Robot Foundation Model) 등 '차세대 온디바이스 피지컬 AI' 기술을 더해 본격적인 신사업 영역 확장에 나선다고 17일 밝혔다.전통적인 로봇 시장에서의 입지에 AI·소프트웨...",https://www.irobotnews.com/news/articleView.html?idxno=48547,로봇신문,,로봇|스마트제조|자동화,2026-09-19T15:38:10.090473+09:00,False,False,live
ART-01310,tech,"에니아이-SK네트웍스서비스, AI 조리로봇 전국 설치·유지보수망 구축",2026-09-17,"AI 조리로봇 기업 에니아이가 SK네트웍스서비스와 조리로봇 설치 및 유지보수 서비스 협력 계약을 체결하고 전국 단위의 운영 지원 체계를 구축한다고 17일 밝혔다.이번 협력은 에니아이가 개발한 AI 조리로봇 ‘알파그릴 싱글’의 도입 확대에 맞춰 외식업 매장에 보다 신속하고 체계적인 사후 관리(AS) 서비스를 제공하기 위해 추진됐다.현재 에니아이의 AI 조리로봇은 롯데리아, 프랭크버거 등 주요 햄버거 브랜드를 비롯해 한식·고기 전문점, CJ프레시웨이 등 단체급식 현장으로 도입 범위를 넓히고 있다. 설치 매장이 늘고 업종별 사용 환경이",AI 조리로봇 기업 에니아이가 SK네트웍스서비스와 조리로봇 설치 및 유지보수 서비스 협력 계약을 체결하고 전국 단위의 운영 지원 체계를 구축한다고 17일 밝혔다.이번 협력은 에니아이가 개발한 AI 조리로봇 ‘알파그릴 싱글’의 도입 확대에 맞춰 외식업 매장에 보다 신속하고 체계적인 사후 관리(AS) 서비스를 제공하기 위해 추진됐다.현재 에니아이의 AI 조리로...,https://www.irobotnews.com/news/articleView.html?idxno=48546,로봇신문,,로봇|스마트제조|자동화,2026-09-19T15:38:10.090473+09:00,False,False,live
ART-01311,tech,"“AI가 판단하고 로봇이 시술한다”…경희대, 뇌혈관 중재로봇 개발 나서",2026-09-17,"경희대학교(총장 김진상) 소프트웨어융합학과 황효석 교수 연구팀이 과학기술정보통신부와 한국연구재단이 지원하는 '2026년도 기초연구실지원사업(BRL)' 심화형 신규과제에 선정됐다. 연구팀은 2029년 6월까지 3년간 총 15억원을 지원받아 'AI 자율 뇌혈관 중재로봇 연구실'을 운영한다.경희대 황효석 교수가 연구책임자를 맡고 기계공학과 김종우 교수, 소프트웨어융합학과 조명아 교수, 고려대 의과대학 윤원기 교수가 공동연구원으로 참여하며, 캐나다 토론토대학교와 아동병원 SickKids(PCIGITI 센터)도 연구에 참여해 국제 공동연구로","경희대학교(총장 김진상) 소프트웨어융합학과 황효석 교수 연구팀이 과학기술정보통신부와 한국연구재단이 지원하는 '2026년도 기초연구실지원사업(BRL)' 심화형 신규과제에 선정됐다. 연구팀은 2029년 6월까지 3년간 총 15억원을 지원받아 'AI 자율 뇌혈관 중재로봇 연구실'을 운영한다.경희대 황효석 교수가 연구책임자를 맡고 기계공학과 김종우 교수, 소프트웨...",https://www.irobotnews.com/news/articleView.html?idxno=48545,로봇신문,,로봇|스마트제조|자동화,2026-09-19T15:38:10.090473+09:00,False,False,live
ART-01312,tech,난세에 영웅이 난다,2026-09-17,FCC가 던진 로봇 공급망 충격… 한국 로봇의 승부처는 ‘HAL과 소프트웨어 실행 구조’다미국 로봇 시장의 판이 바뀌고 있다. 트럼프 행정부의 미국 연방통신위원회(FCC)는 지난 7월 28일 해외에서 생산된 첨단 로봇 장치를 FCC Covered List에 추가했다. 휴머노이드와 AMR 등 센서와 통신 기능을 갖추고 자율적으로 이동하는 첨단 로봇이 그 영향권에 들어갔다. 다만 미국 정부의 조건부 승인(Conditional Approval)을 받은 제품은 예외가 될 수 있다.표면적으로는 국가 안보와 데이터 보호 문제다. 하지만 산업계,FCC가 던진 로봇 공급망 충격… 한국 로봇의 승부처는 ‘HAL과 소프트웨어 실행 구조’다미국 로봇 시장의 판이 바뀌고 있다. 트럼프 행정부의 미국 연방통신위원회(FCC)는 지난 7월 28일 해외에서 생산된 첨단 로봇 장치를 FCC Covered List에 추가했다. 휴머노이드와 AMR 등 센서와 통신 기능을 갖추고 자율적으로 이동하는 첨단 로봇이 그 영향...,https://www.irobotnews.com/news/articleView.html?idxno=48544,로봇신문,,로봇|스마트제조|자동화,2026-09-19T15:38:10.090473+09:00,False,False,live
ART-01313,tech,‘젊은 로봇 공학자’ (92) 광운대 박수한 교수,2026-09-17,‘젊은 로봇 공학자(Young Robot Engineer)’ 코너는 한국로봇학회와 로봇신문이 공동으로 기획한 시리즈물로 미래 한국 로봇산업을 이끌어 갈 젊은 로봇 공학자를 발굴해 소개하고 있다.92번째 인터뷰는 광운대 로봇학부 박수한 교수다. 박 교수는 1994년생으로 2017년 2월 광운대 로봇학부를 졸업하고 2024년 2월 서울대학교 융합과학부에서 박재흥 교수를 지도교수로 박사학위를 받았다. 2024년 3월부터 2025년 2월까지 삼성전자 설비기술연구소에서 스탭 엔지니어로 근무하면서 반도체 공정자동화연구를 수행했다. 2025년,‘젊은 로봇 공학자(Young Robot Engineer)’ 코너는 한국로봇학회와 로봇신문이 공동으로 기획한 시리즈물로 미래 한국 로봇산업을 이끌어 갈 젊은 로봇 공학자를 발굴해 소개하고 있다.92번째 인터뷰는 광운대 로봇학부 박수한 교수다. 박 교수는 1994년생으로 2017년 2월 광운대 로봇학부를 졸업하고 2024년 2월 서울대학교 융합과학부에서 박재...,https://www.irobotnews.com/news/articleView.html?idxno=48517,로봇신문,,로봇|스마트제조|자동화,2026-09-19T15:38:10.090473+09:00,False,False,live
ART-01314,tech,"대구시, 도심항공교통(UAM) 지역시범사업 본격 추진",2026-09-16,"대구광역시는 서대구역 인근에 도심항공교통(UAM) 버티포트 입지를 선정하고 주민의견 수렴과 국토부 ‘지역시범운용구역’ 지정 신청 등 ‘지역시범사업’을 본격적으로 추진한다.대구시는 UAM 초기 상용화를 위한 ‘지역시범운영 거점’으로 서대구 KTX역 인근(서대구역 2주차장)을 버티포트 입지로 선정하고, 오는 18일 주민 설명회를 통해 의견수렴 절차에 들어간다.서대구 버티포트는 경부고속철도, 대경선, 대구산업선, 달빛철도, 신공항철도 등 5개 광역 교통망과 연계가 가능하고, 서대구 산업단지와 인접해 있으며 대구·경북 신공항과의 접근성도","대구광역시는 서대구역 인근에 도심항공교통(UAM) 버티포트 입지를 선정하고 주민의견 수렴과 국토부 ‘지역시범운용구역’ 지정 신청 등 ‘지역시범사업’을 본격적으로 추진한다.대구시는 UAM 초기 상용화를 위한 ‘지역시범운영 거점’으로 서대구 KTX역 인근(서대구역 2주차장)을 버티포트 입지로 선정하고, 오는 18일 주민 설명회를 통해 의견수렴 절차에 들어간다....",https://www.irobotnews.com/news/articleView.html?idxno=48542,로봇신문,,로봇|스마트제조|자동화,2026-09-19T15:38:10.090473+09:00,False,False,live
ART-01315,tech,"빅웨이브로보틱스, 일반청약도 '흥행'…경쟁률 1375대 1 기록",2026-09-16,산업용 피지컬 AI 플랫폼 기업 빅웨이브로보틱스(대표 김민교)가 15~16일 양일간 일반투자자를 대상으로 진행한 공모주 청약에서 1375.34대 1의 경쟁률을 기록했다.앞서 기관 수요예측에서 1109.37대 1을 기록한 데 이어 일반 청약에서도 1000대 1을 넘어서며 흥행 2연타에 성공한 것이다. 이번 청약에 따른 증거금은 약 4조9512억원으로 집계됐다.이번 일반청약에 앞서 빅웨이브로보틱스는 9월 7일부터 11일까지 국내외 기관투자자를 대상으로 수요예측을 진행했다. 총 2255개 기관이 참여해 1109.37대 1의 경쟁률을 기록,산업용 피지컬 AI 플랫폼 기업 빅웨이브로보틱스(대표 김민교)가 15~16일 양일간 일반투자자를 대상으로 진행한 공모주 청약에서 1375.34대 1의 경쟁률을 기록했다.앞서 기관 수요예측에서 1109.37대 1을 기록한 데 이어 일반 청약에서도 1000대 1을 넘어서며 흥행 2연타에 성공한 것이다. 이번 청약에 따른 증거금은 약 4조9512억원으로 집계됐다...,https://www.irobotnews.com/news/articleView.html?idxno=48543,로봇신문,,로봇|스마트제조|자동화,2026-09-19T15:38:10.090473+09:00,False,False,live
ART-01316,tech,"브릴스, 공모가 상단 1만9500원 확정…글로벌 성과 주목",2026-09-16,"로봇 모듈화 플랫폼 솔루션 전문기업 브릴스(대표 전진)가 기관투자자를 대상으로 진행한 기업공개(IPO) 수요예측에서 흥행에 성공하며 최종 공모가를 희망밴드(1만6500원~1만9500원) 상단인 1만9500원으로 확정했다고 16일 밝혔다.이에 따라 총 공모금액은 약 234억원 규모로 상장 후 시가총액은 약 2216억원 수준이 될 전망이다. 이번 수요예측에는 국내외 기관투자자 2181곳이 참여했으며, 경쟁률은 1187.74대 1을 기록했다. 수요예측 참여기관 중 98.93%의 기관이 공모가 상단 이상을 제시했다.기관투자자의 의무보유확약",로봇 모듈화 플랫폼 솔루션 전문기업 브릴스(대표 전진)가 기관투자자를 대상으로 진행한 기업공개(IPO) 수요예측에서 흥행에 성공하며 최종 공모가를 희망밴드(1만6500원~1만9500원) 상단인 1만9500원으로 확정했다고 16일 밝혔다.이에 따라 총 공모금액은 약 234억원 규모로 상장 후 시가총액은 약 2216억원 수준이 될 전망이다. 이번 수요예측에는 ...,https://www.irobotnews.com/news/articleView.html?idxno=48541,로봇신문,,로봇|스마트제조|자동화,2026-09-19T15:38:10.090473+09:00,False,False,live
ART-01317,tech,오늘의 로봇 기업 주식 시세(2026-09-16),2026-09-16,오늘의 로봇 기업 주식 시세(2026-09-16),오늘의 로봇 기업 주식 시세(2026-09-16),https://www.irobotnews.com/news/articleView.html?idxno=48534,로봇신문,,로봇|스마트제조|자동화,2026-09-19T15:38:10.090473+09:00,False,False,live
ART-01318,tech,"부산교육청, 학교급식 조리로봇 2년 연속 국비 확보",2026-09-16,"부산광역시교육청(교육감 김석준)은 지난해에 이어 2년 연속 한국로봇산업진흥원이 주관하는‘2026년도 서비스로봇 실증사업’ 지원 과제에 최종 선정되는 쾌거를 이뤘다고 밝혔다.부산시교육청은 이에 따라 지난해 국비 2억5000만원 대비 60% 증가한 국비 4억원을 포함한 총 8억원의 사업비를 투입해, 창신초·화정초·내성고·부산공고·장안제일고 등 5개 학교에 추가로 로봇을 설치한다.올해 도입하는 로봇은 지난해 금정초, 부산남일고, 부산체고 등 3개교에 도입했던 3in1 모델의 사용자 피드백과 실증 결과를 바탕으로, 기존 솥을 그대로 활용할","부산광역시교육청(교육감 김석준)은 지난해에 이어 2년 연속 한국로봇산업진흥원이 주관하는‘2026년도 서비스로봇 실증사업’ 지원 과제에 최종 선정되는 쾌거를 이뤘다고 밝혔다.부산시교육청은 이에 따라 지난해 국비 2억5000만원 대비 60% 증가한 국비 4억원을 포함한 총 8억원의 사업비를 투입해, 창신초·화정초·내성고·부산공고·장안제일고 등 5개 학교에 추가...",https://www.irobotnews.com/news/articleView.html?idxno=48538,로봇신문,,로봇|스마트제조|자동화,2026-09-19T15:38:10.090473+09:00,False,False,live
ART-01319,tech,사람 대신 AI가 F-16 조종… 290개 팀 뚫은 AI 파일럿 16팀 17일 격추전,2026-09-16,"한국항공대학교(총장 허희영)는 오는 17일 교내 대강당에서 ‘제1회 한국항공대학교 총장배 2026 AI Pilot Top Gun Challenge’ 본선을 연다. 전국 대학(원)생이 직접 개발한 AI 파일럿 에이전트가 가상 창공에서 1대1 공중전을 벌여 우승팀을 가리는 대회로, 본선 전 경기는 한국항공대 공식 유튜브 채널로 실시간 중계된다.대회에는 전국 80여 개 대학에서 290개 팀, 873명이 참가를 신청했고, 이 가운데 84개 팀이 8월 27일~28일 예선에 출전해 16개 팀이 본선에 올랐다. 지난해 한국항공대 교내에서 처음","한국항공대학교(총장 허희영)는 오는 17일 교내 대강당에서 ‘제1회 한국항공대학교 총장배 2026 AI Pilot Top Gun Challenge’ 본선을 연다. 전국 대학(원)생이 직접 개발한 AI 파일럿 에이전트가 가상 창공에서 1대1 공중전을 벌여 우승팀을 가리는 대회로, 본선 전 경기는 한국항공대 공식 유튜브 채널로 실시간 중계된다.대회에는 전국 8...",https://www.irobotnews.com/news/articleView.html?idxno=48535,로봇신문,,로봇|스마트제조|자동화,2026-09-19T15:38:10.090473+09:00,False,False,live
ART-01320,tech,"로보메이션, 에듀테크 코리아 페어서 교육용 로봇팔 ‘라쿤봇’ 선보인다",2026-09-16,"교육용 로봇 전문기업 로보메이션은 오는 17일부터 19일까지 서울 강남구 코엑스 1층 A홀에서 열리는 2026 에듀테크 코리아 페어에 참가해 피지컬 AI 교육용 로봇팔 ‘라쿤봇(RaccoonBot)’을 선보인다고 16일 밝혔다.로보메이션은 이번 전시에서 산업통상부 AX산업교육훈련관 내 ‘피지컬AI 기반 로봇팔 제어’ 체험 기술을 선보인다. 이번 전시는 AI를 활용한 에듀테크 융합 산업 교육·훈련 서비스를 국민이 직접 체험할 수 있도록 마련된 자리로, 산업통상부·한국산업기술기획평가원이 선정한 지식서비스 우수 R&D 성과를 중심으로 전",교육용 로봇 전문기업 로보메이션은 오는 17일부터 19일까지 서울 강남구 코엑스 1층 A홀에서 열리는 2026 에듀테크 코리아 페어에 참가해 피지컬 AI 교육용 로봇팔 ‘라쿤봇(RaccoonBot)’을 선보인다고 16일 밝혔다.로보메이션은 이번 전시에서 산업통상부 AX산업교육훈련관 내 ‘피지컬AI 기반 로봇팔 제어’ 체험 기술을 선보인다. 이번 전시는 AI...,https://www.irobotnews.com/news/articleView.html?idxno=48540,로봇신문,,로봇|스마트제조|자동화,2026-09-19T15:38:10.090473+09:00,False,False,live
ART-01321,tech,"스페이스에이아이, 학습 데이터만 바꿔 로봇 파지 성공률 61.5% → 84.2%",2026-09-16,"로봇은 잘 본다. 그러나 얼마나 세게 쥐어야 하는지는 아직 모른다.스페이스에이아이(대표 김현규)는 그 빈칸을 채우는 힘·응력 데이터를 만드는 회사다. 회사는 동일한 로봇(FR3)과 동일한 모델·평가셋을 두고 학습 데이터만 바꿔 비교한 자체 벤치마크에서, 연성체 10종 평균 파지 성공률이 61.5%에서 84.2%로 올랐다고 밝혔다. 회사 분석에 따르면 로봇이 실제로 물체를 조작한 데이터는 전 세계를 합쳐도 인터넷 영상의 0.03% 수준이다. 그 결과 단순한 집기·놓기는 성공률 89%에 이르지만 실제 산업 과제에서는 12%에 그친다.","로봇은 잘 본다. 그러나 얼마나 세게 쥐어야 하는지는 아직 모른다.스페이스에이아이(대표 김현규)는 그 빈칸을 채우는 힘·응력 데이터를 만드는 회사다. 회사는 동일한 로봇(FR3)과 동일한 모델·평가셋을 두고 학습 데이터만 바꿔 비교한 자체 벤치마크에서, 연성체 10종 평균 파지 성공률이 61.5%에서 84.2%로 올랐다고 밝혔다. 회사 분석에 따르면 로봇이...",https://www.irobotnews.com/news/articleView.html?idxno=48539,로봇신문,,로봇|스마트제조|자동화,2026-09-19T15:38:10.090473+09:00,False,False,live
ART-01322,tech,"KAIST, “파란 소파 찾아가”…말 알아듣고 스스로 길 찾는 로봇 ‘국제대회 1·2위’",2026-09-16,"“파란 소파를 찾아가.” 처음 들어간 건물에서도 사람의 말 한마디를 알아듣고 스스로 길을 찾은 뒤, 제대로 도착했는지까지 확인하는 로봇 기술이 국제 대회에서 잇달아 상위권에 올랐다. KAIST 연구팀은 로봇이 길을 찾는 데 그치지 않고 주변 상황을 이해하고, 자신의 판단이 맞는지 스스로 확인하는 기술을 선보였다.KAIST(총장 배충식)는 전기및전자공학부 명현 교수 미래도시 로봇연구실 연구팀이 세계적인 컴퓨터비전 학술대회 ECCV 2026(European Conference on Computer Vision)과 로보틱스 학술대회 RS","“파란 소파를 찾아가.” 처음 들어간 건물에서도 사람의 말 한마디를 알아듣고 스스로 길을 찾은 뒤, 제대로 도착했는지까지 확인하는 로봇 기술이 국제 대회에서 잇달아 상위권에 올랐다. KAIST 연구팀은 로봇이 길을 찾는 데 그치지 않고 주변 상황을 이해하고, 자신의 판단이 맞는지 스스로 확인하는 기술을 선보였다.KAIST(총장 배충식)는 전기및전자공학부 명...",https://www.irobotnews.com/news/articleView.html?idxno=48533,로봇신문,,로봇|스마트제조|자동화,2026-09-19T15:38:10.090473+09:00,False,False,live
ART-01323,tech,"“로봇이 낯선 공간도 바로 적응”…UNIST, 정확도·속도↑ 공간인식 AI 기술 개발",2026-09-16,"로봇, 자율주행, 증강현실(AR) 등 실제 공간을 이해해야 하는 기술에서는 카메라가 탑재된 로봇이나 차량의 위치와 주변 환경을 동시에 파악하는 슬램(SLAM·Simultaneous Localization and Mapping) 기술이 중요하다.최근에는 AI가 카메라 영상만 보고 카메라의 움직임과 주변 공간을 추정하는 AI 슬램 기술이 발전하면서, 3차원 공간을 빠르고 편리하게 복원할 수 있게 됐다.하지만 AI 기반 슬램은 어떤 시점의 화면들을 함께 분석하느냐에 따라 결과가 달라질 수 있다. 같은 장소도 공간의 크기와 위치가 조금씩","로봇, 자율주행, 증강현실(AR) 등 실제 공간을 이해해야 하는 기술에서는 카메라가 탑재된 로봇이나 차량의 위치와 주변 환경을 동시에 파악하는 슬램(SLAM·Simultaneous Localization and Mapping) 기술이 중요하다.최근에는 AI가 카메라 영상만 보고 카메라의 움직임과 주변 공간을 추정하는 AI 슬램 기술이 발전하면서, 3차원 공...",https://www.irobotnews.com/news/articleView.html?idxno=48532,로봇신문,,로봇|스마트제조|자동화,2026-09-19T15:38:10.090473+09:00,False,False,live
ART-01324,tech,"KAIST, 휴머노이드 로봇팔 '라이팔' 기술 공개",2026-09-16,한국과학기술원(KAIST) 로봇인공지능연구실(RaiLab)이 강력하고 민첩한 휴머노이드 로봇팔 '라이팔(RAIPAL)' 기술을 공개했다. 라이팔을 개발한 로봇인공지능연구실은 KAIST 기계공학과 황보제민 교수가 이끄는 연구실이다.KAIST 연구팀은 최근 유튜브를 통해 ‘RAIPAL: A Powerful and Agile Humanoid Arm for Human Tasks’라는 제목의 영상을 공개했다. 영상에서는 '라이팔'이 무거운 물체를 들어 올리고 빠른 속도로 팔을 움직이는 등 다양한 동작을 수행하는 모습이 담겼다.라이팔은 높은,한국과학기술원(KAIST) 로봇인공지능연구실(RaiLab)이 강력하고 민첩한 휴머노이드 로봇팔 '라이팔(RAIPAL)' 기술을 공개했다. 라이팔을 개발한 로봇인공지능연구실은 KAIST 기계공학과 황보제민 교수가 이끄는 연구실이다.KAIST 연구팀은 최근 유튜브를 통해 ‘RAIPAL: A Powerful and Agile Humanoid Arm for Hum...,https://www.irobotnews.com/news/articleView.html?idxno=48531,로봇신문,,로봇|스마트제조|자동화,2026-09-19T15:38:10.090473+09:00,False,False,live
ART-01325,tech,"日 유고, 바퀴형 세미 휴머노이드 로봇 '유고 노바 ' 공개",2026-09-16,"일본 로봇 기업 유고(ugo)가 바퀴형 세미 휴머노이드 '유고 노바(ugo Nova)'를 발표했다. 2027년부터 양산에 들어간다.유고 노바는 바퀴로 이동하는 양팔형 세미 휴머노이드 로봇으로, 제조업·공장·창고 현장에서 활용할 수 있다.머리와 손 부위에 카메라를 기본 탑재해 피지컬 AI 학습에 필요한 시각 데이터를 확보할 수 있으며, 로봇 팔은 100Hz의 제어 주기가 가능해 빠르고 정밀한 동작을 구현할 수 있다.양팔형 조작장치(바이래터럴 컨트롤러)와 VR 컨트롤러를 이용한 원격조작(텔레오퍼레이션)도 지원해 별도 장비 없이 설치 직","일본 로봇 기업 유고(ugo)가 바퀴형 세미 휴머노이드 '유고 노바(ugo Nova)'를 발표했다. 2027년부터 양산에 들어간다.유고 노바는 바퀴로 이동하는 양팔형 세미 휴머노이드 로봇으로, 제조업·공장·창고 현장에서 활용할 수 있다.머리와 손 부위에 카메라를 기본 탑재해 피지컬 AI 학습에 필요한 시각 데이터를 확보할 수 있으며, 로봇 팔은 100Hz의...",https://www.irobotnews.com/news/articleView.html?idxno=48529,로봇신문,,로봇|스마트제조|자동화,2026-09-19T15:38:10.090473+09:00,False,False,live
